0 0.38060817343750003 0.6236634609375 0.383278846875 0.584935096875 0.23237259687499998 0.6156514421875 0.2256947109375 0.6677355765625 0.3418798078125 0.6663990390625 0.38060817343750003 0.6236634609375
0 0.8796875 0.47734375 0.190625 0.07109375
0 0.70390625 0.51328125 0.14921875 0.04140625
0 0.942841346875 0.23370673125 0.833334134375 0.285790865625 0.8453533656250001 0.34989423125 0.95085576875 0.3125 0.942841346875 0.23370673125
0 0.8520288468749999 0.2711009609375 0.7745721156250001 0.307158653125 0.7745721156250001 0.3619134609375 0.8600432687499999 0.339209134375 0.8520288468749999 0.2711009609375
0 0.7772427890625 0.272435096875 0.8533653843750001 0.22435817343750003 0.8533653843750001 0.162927884375 0.77323798125 0.220353365625 0.7772427890625 0.272435096875
0 0.7719014421875 0.32585576875 0.76923076875 0.2897980765625 0.73584375 0.29113221093749997 0.6864326921874999 0.32051201875 0.6957788468749999 0.35790625 0.7719014421875 0.32585576875
0 0.8600432687499999 0.12019230781250001 0.8894230765625 0.061432692187500006 0.8466875 0.070778846875 0.7665600968749999 0.12286298124999999 0.76789423125 0.17093990312500001 0.8600432687499999 0.12019230781250001
0 0.08671875 0.5671875 0.1734375 0.09375
0 0.12265625 0.3171875 0.1171875 0.07109375
0 0.17628125 0.7264951921875 0.1776177890625 0.6730769234375 0.0881418265625 0.7158125 0.0934831734375 0.8026177890625 0.17628125 0.7264951921875
0 0 0.8680552890625 0.105502403125 0.7905985578125 0.1001610578125 0.7171466343749999 0 0.7799134609375 0 0.8680552890625