0 0.9949254812499999 0.241721153125 0.9962596156249999 0.23504326875 0.74919951875 0.32451923125 0.7598822109375 0.43669951874999996 0.997596153125 0.396634615625 0.9949254812499999 0.241721153125
0 0.186966346875 0.19364423125000002 0.05475480781249999 0.117521634375 0.060096153124999996 0.20966826875 0.174947115625 0.2711009609375 0.186966346875 0.19364423125000002
0 0.22836538437499998 0.23237259687499998 0.161591346875 0.1989855765625 0.161591346875 0.2644230765625 0.2297019234375 0.29113221093749997 0.22836538437499998 0.23237259687499998
0 0.2884615390625 0.285790865625 0.22836538437499998 0.261752403125 0.22836538437499998 0.30448798125 0.285790865625 0.32718990312499996 0.2884615390625 0.285790865625
0 0.285790865625 0.675747596875 0.22836538437499998 0.7331730765625 0.241721153125 0.786591346875 0.2964735578125 0.7131418265625 0.285790865625 0.675747596875
0 0.182959134375 0.8693918265624999 0.18162499999999998 0.8026177890625 0.0667740390625 0.9014423078125 0.08413461562499999 0.9788990390625001 0.182959134375 0.8693918265624999
0 0.16426201875 0.701122596875 0.1669326921875 0.63701923125 0.070778846875 0.6931081734375 0.07211538437500001 0.7638894234375 0.16426201875 0.701122596875
0 0.66239423125 0.384615384375 0.5969543265625 0.4059831734375 0.598290865625 0.442040865625 0.6717403843749999 0.4273509609375 0.66239423125 0.384615384375
0 0.42265625 0.53515625 0.04921875 0.03046875
0 0.46171875 0.53359375 0.05859375 0.03359375
0 0.50390625 0.52890625 0.0546875 0.0265625