0 0.4794326921875 0.45005288437499996 0.4780985578125 0.4139951921875 0.35523557656250004 0.42334375 0.32451923125 0.41266105781249995 0.3218485578125 0.4594014421875 0.3418798078125 0.47676201875 0.4794326921875 0.45005288437499996
0 0.48477644218749993 0.5181634609375 0.48477644218749993 0.47676201875 0.35122836562500004 0.4967956734375 0.32718990312499996 0.48477644218749993 0.317841346875 0.5168269234375 0.3405456734375 0.544872596875 0.48477644218749993 0.5181634609375
0 0.586271634375 0.15625 0.528846153125 0.17628125 0.5301826921874999 0.22435817343750003 0.5889423078125 0.202990384375 0.586271634375 0.15625
0 0.663728365625 0.19497836562499998 0.66239423125 0.125533653125 0.56757451875 0.150908653125 0.564903846875 0.1402235578125 0.574252403125 0.215009615625 0.663728365625 0.19497836562499998
0 0.5355240390625 0.1388894234375 0.594283653125 0.1014951921875 0.586271634375 0.0480769234375 0.5235048078125 0.096153846875 0.5355240390625 0.1388894234375
0 0.5689110578125 0.056088942187500004 0.57959375 0.116185096875 0.6717403843749999 0.06543750000000001 0.6610576921875 0.014689903125 0.598290865625 0.026709134375 0.5689110578125 0.056088942187500004
0 0.586271634375 0.5435360578124999 0.5168269234375 0.507478365625 0.51415625 0.5555552890625 0.5769230765625 0.599625 0.586271634375 0.5435360578124999
0 0.6997860578124999 0.6583870187499999 0.606302884375 0.5969543265625 0.599625 0.643697115625 0.701122596875 0.7478629812500001 0.742521634375 0.7345096156250001 0.7371802890625 0.66239423125 0.6997860578124999 0.6583870187499999
0 0.63701923125 0.519497596875 0.606302884375 0.5515480765625 0.709134615625 0.6276706734374999 0.7478629812500001 0.6183221156250001 0.746528846875 0.5555552890625 0.63701923125 0.519497596875
0 0.9334927890625 0.8493581734375001 0.7598822109375 0.6917740390625 0.7398509609375 0.7585480765625 0.9174687499999999 0.930822115625 0.9334927890625 0.8493581734375001
0 0.7572115390625 0.080127403125 0.643697115625 0.12286298124999999 0.6356826921875001 0.19497836562499998 0.750533653125 0.162927884375 0.7572115390625 0.080127403125