0 0.203125 0.32421875 0.221875 0.0921875
0 0.3859375 0.32265625 0.17109375 0.0734375
0 0.38359375 0.26484375 0.16953125 0.07890625
0 0.51328125 0.3359375 0.11328125 0.07578125
0 0.6 0.34140625 0.0921875 0.06015625
0 0.66484375 0.346875 0.06640625 0.06015625
0 0.9765625 0.44140625 0.04609375 0.02265625
0 0.97578125 0.40625 0.0484375 0.02890625
0 0.97578125 0.3734375 0.0484375 0.0359375
0 0.97421875 0.34296875 0.0515625 0.0296875
0 0.9515625 0.2921875 0.0625 0.028125
0 0.94609375 0.265625 0.05234375 0.0265625
0 0.93984375 0.23203125 0.04921875 0.02421875
0 0.940625 0.2046875 0.0578125 0.01328125
0 0.934375 0.17890625 0.06015625 0.02109375
0 0.6223293265625001 0.052084134375 0.6997860578124999 0.1148509609375 0.701122596875 0.0667740390625 0.6276706734374999 0.0093485578125 0.6223293265625001 0.052084134375
0 0.6944447109375 0.11885576875 0.74385576875 0.16826923124999998 0.742521634375 0.12419951874999999 0.6931081734375 0.080127403125 0.6944447109375 0.11885576875