0 0.76953125 0.0796875 0.06171875 0.025
0 0.7671875 0.0953125 0.04921875 0.028125
0 0.76953125 0.11953125 0.05234375 0.02265625
0 0.7703125 0.14140625 0.06171875 0.0296875
0 0.76875 0.1609375 0.06015625 0.02265625
0 0.76484375 0.1875 0.053125 0.028125
0 0.76796875 0.20859375 0.04296875 0.02109375
0 0.8140625 0.178125 0.05234375 0.025
0 0.81875 0.19453125 0.05625 0.03046875
0 0.81796875 0.2140625 0.04375 0.02265625
0 0.8171875 0.1078125 0.05078125 0.0203125
0 0.87109375 0.165625 0.04921875 0.02421875
0 0.92265625 0.18203125 0.0453125 0.025
0 0.8703125 0.2140625 0.05234375 0.01484375
0 0.86875 0.23515625 0.05234375 0.02421875