0 0.58984375 0.63984375 0.07578125 0.03046875
0 0.5890625 0.603125 0.06953125 0.03671875
0 0.58359375 0.56328125 0.0734375 0.034375
0 0.5828125 0.5171875 0.06953125 0.046875
0 0.58359375 0.47421875 0.0671875 0.03515625
0 0.58828125 0.43671875 0.09609375 0.03515625
0 0.5859375 0.3921875 0.078125 0.03828125
0 0.4453125 0.59375 0.078125 0.034375
0 0.44375 0.61328125 0.08125 0.03671875
0 0.45 0.66015625 0.06484375 0.03046875
0 0.3671875 0.66640625 0.06796875 0.028125
0 0.36953125 0.64765625 0.06796875 0.0328125
0 0.36171875 0.4671875 0.06328125 0.046875
0 0.3640625 0.49609375 0.07109375 0.03046875
0 0.3640625 0.54140625 0.071875 0.0328125
0 0.3640625 0.58359375 0.06953125 0.0265625