0 0.55390625 0.353125 0.13125 0.10390625
0 0.5546875 0.284375 0.1328125 0.09453125
0 0.55859375 0.2125 0.11796875 0.08828125
0 0.55703125 0.12109375 0.11015625 0.14453125
0 0.55 0.4875 0.1328125 0.1125
0 0.5515625 0.41171875 0.13125 0.09765625
0 0.5453125 0.559375 0.1390625 0.0984375
0 0.41328125 0.33046875 0.20859375 0.15078125
0 0.41171875 0.23203125 0.19609375 0.16796875
0 0.41953125 0.121875 0.20625 0.19609375
0 0.41484375 0.43046875 0.19453125 0.12421875
0 0.4046875 0.54140625 0.184375 0.0984375
0 0.4078125 0.6234375 0.18828125 0.12265625
0 0.159375 0.49921875 0.31875 0.25703125
0 0.1578125 0.346875 0.31484375 0.2578125
0 0.1640625 0.1515625 0.32734375 0.228125
0 0.6453125 0.40546875 0.07109375 0.071875
0 0.64609375 0.35390625 0.071875 0.065625
0 0.65 0.2984375 0.08125 0.065625
0 0.64609375 0.24296875 0.071875 0.08359375
0 0.646875 0.46015625 0.07109375 0.06953125