0 0.687500 0.170833 0.128125 0.125000
0 0.671875 0.282292 0.084375 0.093750
0 0.697656 0.657292 0.107813 0.127083
0 0.654687 0.880208 0.053125 0.160417
0 0.432031 0.092708 0.060937 0.014583
0 0.500781 0.090625 0.073438 0.014583
0 0.584375 0.094792 0.071875 0.014583
0 0.429688 0.195833 0.068750 0.020833
0 0.504687 0.195833 0.071875 0.020833
0 0.428906 0.233333 0.070312 0.016667
0 0.504687 0.230208 0.071875 0.022917
0 0.500000 0.309375 0.075000 0.022917
0 0.574219 0.314583 0.073438 0.025000
0 0.424219 0.348958 0.073438 0.022917
0 0.497656 0.351042 0.070312 0.022917
0 0.574219 0.356250 0.073438 0.020833
0 0.421875 0.386458 0.075000 0.022917
0 0.498437 0.389583 0.075000 0.025000
0 0.571094 0.391667 0.070312 0.020833
0 0.653125 0.395833 0.075000 0.020833
0 0.739062 0.378125 0.050000 0.018750
0 0.731250 0.418750 0.050000 0.012500
0 0.415625 0.501042 0.068750 0.018750
0 0.491406 0.502083 0.073438 0.025000
0 0.417969 0.538542 0.070312 0.018750
0 0.489844 0.541667 0.076563 0.020833
0 0.899219 0.429167 0.185938 0.141667
0 0.905469 0.597917 0.182812 0.187500
0 0.910156 0.785417 0.164062 0.275000
0 0.893750 0.869792 0.181250 0.243750
0 0.903906 0.247917 0.179688 0.200000
0 0.901563 0.118750 0.181250 0.208333
