0 0.777344 0.607292 0.198437 0.114583
0 0.895312 0.602083 0.043750 0.070833
0 0.941406 0.656250 0.048438 0.079167
0 0.842969 0.207292 0.035937 0.052083
0 0.810156 0.231250 0.029687 0.033333
0 0.805469 0.180208 0.029687 0.039583
0 0.801562 0.127083 0.028125 0.037500
0 0.894531 0.175000 0.054688 0.062500
0 0.882031 0.108333 0.057813 0.041667
0 0.962500 0.132292 0.062500 0.072917
0 0.664844 0.430208 0.085938 0.018750
0 0.662500 0.463542 0.093750 0.022917
0 0.261719 0.110417 0.067187 0.075000
0 0.114844 0.064583 0.229687 0.129167
