0 0.925781 0.601042 0.145313 0.043750
0 0.923438 0.659375 0.146875 0.039583
0 0.076563 0.379167 0.153125 0.100000
0 0.071094 0.628125 0.142187 0.068750
0 0.284375 0.502083 0.184375 0.075000
0 0.275000 0.631250 0.187500 0.066667
0 0.103906 0.039583 0.157812 0.079167
0 0.320312 0.121875 0.171875 0.139583
0 0.366406 0.037500 0.104688 0.075000
0 0.462500 0.201042 0.121875 0.102083
0 0.560156 0.167708 0.117188 0.093750
0 0.569531 0.257292 0.095312 0.077083
0 0.423438 0.411458 0.178125 0.068750
0 0.440625 0.516667 0.134375 0.062500
0 0.432812 0.620833 0.137500 0.058333
0 0.551562 0.533333 0.093750 0.054167
0 0.660937 0.492708 0.078125 0.043750
0 0.649219 0.614583 0.073438 0.041667
0 0.553125 0.625000 0.096875 0.037500
0 0.748437 0.515625 0.100000 0.039583
0 0.742969 0.618750 0.107813 0.033333
0 0.672656 0.314583 0.079687 0.066667
0 0.778906 0.368750 0.042188 0.037500
0 0.787500 0.268750 0.037500 0.037500
0 0.783594 0.146875 0.048438 0.060417
