0 0.127344 0.104167 0.161979 0.089815
0 0.139844 0.206481 0.149479 0.081481
0 0.178385 0.031019 0.073438 0.060185
0 0.234635 0.090741 0.049479 0.062963
0 0.232813 0.171296 0.054167 0.059259
0 0.239583 0.249074 0.046875 0.057407
0 0.275521 0.202315 0.037500 0.043519
0 0.273698 0.280093 0.039062 0.058333
0 0.305208 0.225926 0.028125 0.050000
0 0.300260 0.301389 0.039062 0.034259
0 0.326562 0.311574 0.029167 0.034259
0 0.351302 0.324074 0.017188 0.025926
0 0.338542 0.269444 0.040625 0.042593
0 0.292708 0.078704 0.061458 0.066667
0 0.254167 0.030556 0.057292 0.050000
0 0.345833 0.141667 0.022917 0.059259
0 0.025521 0.150926 0.045833 0.083333
0 0.026823 0.300463 0.046354 0.093519
0 0.196094 0.736574 0.056771 0.087963
0 0.250260 0.699537 0.048438 0.076852
0 0.279948 0.657870 0.035937 0.060185
0 0.378385 0.654630 0.118229 0.072222
0 0.750260 0.209722 0.084896 0.087963
0 0.689583 0.260648 0.030208 0.060185
0 0.664583 0.287500 0.021875 0.060185
0 0.650000 0.299074 0.014583 0.029630
0 0.840104 0.098148 0.107292 0.125926
0 0.025521 0.764352 0.048958 0.093519
0 0.023177 0.898148 0.043229 0.094444
0 0.083333 0.314352 0.109375 0.093519
0 0.111979 0.833796 0.097917 0.115741
0 0.111979 0.778241 0.090625 0.100926
0 0.112500 0.722222 0.087500 0.087037
