0 0.783594 0.533333 0.223438 0.095833
0 0.385937 0.030208 0.193750 0.052083
0 0.784375 0.476042 0.225000 0.097917
0 0.387500 0.060417 0.184375 0.054167
0 0.379688 0.095833 0.196875 0.054167
0 0.385156 0.128125 0.185938 0.056250
0 0.378906 0.172917 0.195312 0.083333
0 0.379688 0.221875 0.190625 0.039583
0 0.381250 0.258333 0.190625 0.033333
0 0.381250 0.309375 0.193750 0.077083
0 0.382812 0.368750 0.200000 0.041667
0 0.389062 0.405208 0.184375 0.031250
0 0.392969 0.447917 0.189062 0.054167
0 0.390625 0.470833 0.187500 0.037500
0 0.390625 0.519792 0.181250 0.052083
0 0.607031 0.166667 0.176563 0.029167
0 0.609375 0.189583 0.171875 0.016667
0 0.610156 0.209375 0.173437 0.022917
0 0.610156 0.235417 0.173437 0.029167
0 0.573438 0.257292 0.100000 0.014583
0 0.575000 0.273958 0.096875 0.018750
0 0.575781 0.304167 0.104688 0.041667
0 0.576562 0.341667 0.106250 0.033333
0 0.577344 0.371875 0.107813 0.027083
0 0.571094 0.400000 0.117188 0.025000
0 0.710156 0.265625 0.170313 0.035417
0 0.709375 0.292708 0.171875 0.018750
0 0.704688 0.313542 0.162500 0.022917
0 0.704688 0.332292 0.162500 0.014583
0 0.710156 0.346875 0.164062 0.031250
0 0.714844 0.365625 0.151562 0.047917
0 0.718750 0.394792 0.159375 0.043750
0 0.715625 0.426042 0.165625 0.018750
