0 0.896094 0.555208 0.207813 0.118750
0 0.883594 0.734375 0.232813 0.110417
0 0.869531 0.892708 0.260937 0.106250
0 0.645312 0.366667 0.315625 0.079167
0 0.892188 0.112500 0.215625 0.087500
0 0.643750 0.112500 0.265625 0.104167
0 0.417969 0.044792 0.192188 0.085417
0 0.413281 0.161458 0.192188 0.097917
0 0.398438 0.352083 0.178125 0.050000
0 0.238281 0.511458 0.117188 0.064583
0 0.159375 0.511458 0.053125 0.039583
0 0.160938 0.585417 0.056250 0.050000
0 0.242188 0.642708 0.121875 0.085417
0 0.247656 0.210417 0.104688 0.083333
0 0.254688 0.113542 0.109375 0.089583
0 0.141406 0.198958 0.101562 0.060417
0 0.161719 0.246875 0.070312 0.056250
0 0.107031 0.268750 0.045312 0.045833
0 0.067187 0.289583 0.034375 0.037500
0 0.109375 0.371875 0.043750 0.031250
0 0.067187 0.384375 0.031250 0.031250
0 0.068750 0.441667 0.031250 0.029167
0 0.045312 0.517708 0.025000 0.027083
0 0.071875 0.534375 0.031250 0.035417
0 0.072656 0.234375 0.035937 0.043750
0 0.042188 0.303125 0.021875 0.031250
0 0.023438 0.312500 0.015625 0.025000
