0 0.318750 0.658333 0.287500 0.154167
0 0.338281 0.819792 0.248438 0.143750
0 0.109375 0.877083 0.206250 0.116667
0 0.560156 0.606250 0.198437 0.112500
0 0.096094 0.623958 0.182812 0.097917
0 0.551562 0.735417 0.187500 0.116667
0 0.853125 0.567708 0.059375 0.068750
0 0.752344 0.593750 0.154688 0.083333
0 0.578125 0.120833 0.193750 0.141667
0 0.322656 0.056250 0.282813 0.108333
0 0.076563 0.033333 0.150000 0.062500
0 0.816406 0.158333 0.082812 0.079167
0 0.814063 0.239583 0.078125 0.075000
0 0.875781 0.275000 0.032813 0.062500
0 0.910156 0.273958 0.045312 0.047917
0 0.907813 0.309375 0.040625 0.039583
0 0.935937 0.328125 0.021875 0.043750
0 0.951562 0.338542 0.015625 0.031250
0 0.775781 0.370833 0.182812 0.062500
0 0.900000 0.535417 0.043750 0.045833
0 0.950000 0.436458 0.025000 0.027083
0 0.942969 0.512500 0.026562 0.029167
0 0.963281 0.462500 0.017188 0.020833
0 0.963281 0.503125 0.017188 0.022917
0 0.797656 0.021875 0.082812 0.043750
0 0.855469 0.060417 0.042188 0.075000
0 0.897656 0.065625 0.039062 0.060417
0 0.897656 0.118750 0.039062 0.070833
0 0.929688 0.162500 0.021875 0.050000
0 0.947656 0.189583 0.014063 0.041667
0 0.961719 0.211458 0.017188 0.047917
0 0.967187 0.345833 0.018750 0.029167
0 0.103125 0.289583 0.193750 0.054167
