0 0.733594 0.569444 0.114062 0.103704
0 0.730208 0.704630 0.108333 0.125926
0 0.632031 0.622222 0.095312 0.096296
0 0.412760 0.546296 0.192188 0.081481
0 0.410677 0.466667 0.184896 0.068519
0 0.562500 0.073611 0.068750 0.082407
0 0.507292 0.106944 0.044792 0.063889
0 0.469271 0.131019 0.032292 0.054630
0 0.439063 0.150000 0.028125 0.048148
0 0.388802 0.166204 0.024479 0.036111
0 0.369792 0.174074 0.019792 0.025926
0 0.397135 0.088889 0.050521 0.029630
0 0.382031 0.012963 0.022396 0.024074
0 0.365885 0.019444 0.017188 0.035185
0 0.646094 0.038889 0.096354 0.074074
0 0.637240 0.150000 0.078646 0.083333
0 0.756250 0.100000 0.155208 0.116667
0 0.915104 0.061111 0.169792 0.112963
0 0.889323 0.862037 0.218229 0.196296
0 0.889323 0.778704 0.206771 0.181481
0 0.897656 0.698148 0.195312 0.120370
