0 0.736198 0.576389 0.174479 0.067593
0 0.734635 0.744444 0.177604 0.127778
0 0.844010 0.856944 0.147396 0.176852
0 0.930208 0.901852 0.135417 0.188889
0 0.780208 0.360185 0.218750 0.057407
0 0.655469 0.309722 0.045312 0.062037
0 0.617448 0.341204 0.033854 0.049074
0 0.713021 0.028704 0.059375 0.051852
0 0.658854 0.048611 0.038542 0.091667
0 0.628906 0.112963 0.021354 0.075926
0 0.203906 0.039815 0.068229 0.077778
0 0.253385 0.081019 0.053646 0.121296
0 0.295573 0.141667 0.029687 0.075926
0 0.320312 0.149537 0.021875 0.082407
0 0.339583 0.199074 0.012500 0.042593
0 0.354167 0.220833 0.009375 0.047222
0 0.485417 0.464815 0.059375 0.024074
0 0.149479 0.175000 0.184375 0.120370
0 0.204427 0.406481 0.071354 0.064815
0 0.250521 0.412963 0.042708 0.053704
0 0.290625 0.418981 0.037500 0.062037
0 0.317708 0.422685 0.023958 0.056481
0 0.337760 0.425926 0.021354 0.040741
0 0.259896 0.680093 0.144792 0.073148
0 0.090885 0.699537 0.124479 0.049074
0 0.094271 0.628704 0.126042 0.046296
0 0.117188 0.814352 0.233333 0.136111
0 0.625260 0.246759 0.040104 0.049074
