0 0.826562 0.883333 0.238542 0.222222
0 0.833073 0.050000 0.255729 0.096296
0 0.648177 0.109722 0.156771 0.117593
0 0.526042 0.162037 0.091667 0.085185
0 0.526042 0.042593 0.093750 0.077778
0 0.458333 0.081481 0.058333 0.083333
0 0.456250 0.187037 0.052083 0.075926
0 0.410938 0.201389 0.042708 0.054630
0 0.407813 0.106481 0.044792 0.070370
0 0.367708 0.067130 0.050000 0.054630
0 0.369271 0.138889 0.040625 0.051852
0 0.369531 0.215278 0.031771 0.049074
0 0.338281 0.230093 0.025521 0.050926
0 0.314844 0.235648 0.021354 0.039815
0 0.365104 0.324537 0.077083 0.036111
0 0.317708 0.317130 0.015625 0.028704
0 0.321354 0.115278 0.034375 0.052778
0 0.315365 0.175926 0.022396 0.029630
0 0.292448 0.228241 0.028646 0.041667
0 0.287500 0.186574 0.026042 0.023148
0 0.285417 0.139815 0.027083 0.040741
0 0.265365 0.147685 0.013021 0.025000
0 0.270573 0.194444 0.003646 0.029630
0 0.256510 0.199074 0.009896 0.033333
0 0.269010 0.234722 0.008854 0.028704
0 0.258594 0.243519 0.009896 0.024074
0 0.288542 0.353241 0.045833 0.017593
0 0.260156 0.348611 0.013021 0.013889
0 0.291927 0.396296 0.053646 0.025926
0 0.017448 0.431944 0.031771 0.036111
0 0.018750 0.490278 0.036458 0.043519
0 0.264323 0.056019 0.013021 0.039815
0 0.253646 0.075463 0.011458 0.036111
0 0.319271 0.016204 0.035417 0.032407
