0 0.859375 0.530208 0.240625 0.114583
0 0.846094 0.611458 0.251563 0.118750
0 0.982031 0.208333 0.035937 0.033333
0 0.933594 0.214583 0.057813 0.037500
0 0.876563 0.228125 0.046875 0.027083
0 0.835156 0.232292 0.032813 0.027083
0 0.781250 0.228125 0.021875 0.022917
0 0.886719 0.021875 0.048438 0.043750
0 0.843750 0.051042 0.034375 0.035417
0 0.812500 0.072917 0.028125 0.033333
0 0.784375 0.102083 0.021875 0.029167
0 0.762500 0.120833 0.021875 0.025000
0 0.393750 0.059375 0.034375 0.060417
0 0.360156 0.019792 0.032813 0.039583
0 0.464844 0.164583 0.010937 0.020833
0 0.482812 0.035417 0.015625 0.033333
