0 0.866406 0.695833 0.267188 0.110185
0 0.866146 0.823148 0.267708 0.131481
0 0.939583 0.212500 0.083333 0.102778
0 0.985938 0.190741 0.018750 0.070370
0 0.870833 0.258333 0.063542 0.068519
0 0.778385 0.293981 0.063021 0.047222
0 0.733073 0.313426 0.027604 0.043519
0 0.773958 0.197685 0.060417 0.034259
0 0.820312 0.022685 0.033333 0.036111
0 0.786458 0.044907 0.034375 0.078704
0 0.756510 0.102315 0.029687 0.073148
0 0.729688 0.139352 0.023958 0.050926
0 0.211979 0.153704 0.275000 0.129630
0 0.365365 0.212963 0.033854 0.068519
0 0.370573 0.112500 0.029687 0.089815
0 0.224479 0.050000 0.252083 0.083333
