0 0.757031 0.298148 0.052604 0.090741
0 0.716406 0.331019 0.024479 0.069444
0 0.693229 0.351389 0.023958 0.047222
0 0.677604 0.364815 0.013542 0.044444
0 0.665885 0.373611 0.011979 0.041667
0 0.654687 0.381019 0.013542 0.032407
0 0.642969 0.390741 0.011979 0.024074
0 0.774479 0.732407 0.126042 0.146296
0 0.684375 0.603241 0.041667 0.056481
0 0.660156 0.583333 0.017188 0.040741
0 0.644010 0.545833 0.021354 0.028704
0 0.395573 0.603704 0.026562 0.055556
0 0.391927 0.548611 0.022396 0.041667
0 0.339844 0.526389 0.076563 0.047222
0 0.284115 0.767593 0.054688 0.100000
0 0.363281 0.675926 0.026562 0.064815
0 0.209896 0.776389 0.088542 0.147222
0 0.284635 0.356019 0.065104 0.063889
0 0.204948 0.329167 0.093229 0.084259
0 0.335156 0.376389 0.036979 0.052778
0 0.367969 0.380556 0.030729 0.040741
0 0.392708 0.393056 0.020833 0.034259
0 0.337500 0.287037 0.036458 0.055556
0 0.283073 0.255556 0.068229 0.074074
0 0.279167 0.041667 0.058333 0.070370
0 0.328385 0.093519 0.040104 0.092593
0 0.357552 0.134259 0.027604 0.075926
0 0.387760 0.172685 0.029687 0.082407
0 0.411719 0.210185 0.018229 0.051852
0 0.426042 0.234722 0.013542 0.030556
0 0.451562 0.157870 0.013542 0.054630
0 0.441667 0.287500 0.014583 0.037963
0 0.456510 0.300926 0.007812 0.031481
0 0.468750 0.222222 0.012500 0.029630
0 0.450000 0.438889 0.025000 0.027778
0 0.428646 0.401852 0.018750 0.027778
0 0.421615 0.325463 0.031771 0.032407
0 0.069010 0.867130 0.129688 0.247222
0 0.067969 0.651389 0.135937 0.258333
0 0.070052 0.417130 0.131771 0.210185
0 0.075781 0.181481 0.149479 0.255556
