0 0.689063 0.613542 0.340625 0.114583
0 0.679688 0.732292 0.321875 0.114583
0 0.357812 0.854167 0.343750 0.200000
0 0.357031 0.064583 0.285938 0.129167
0 0.532031 0.104167 0.151562 0.100000
0 0.629687 0.150000 0.078125 0.070833
0 0.699219 0.206250 0.057813 0.062500
0 0.748437 0.234375 0.034375 0.035417
0 0.745313 0.296875 0.037500 0.052083
0 0.665625 0.273958 0.137500 0.060417
0 0.752344 0.165625 0.107813 0.031250
0 0.766406 0.216667 0.076563 0.033333
0 0.782813 0.264583 0.040625 0.029167
0 0.882031 0.504167 0.060937 0.029167
0 0.732031 0.477083 0.035937 0.016667
0 0.708594 0.036458 0.089063 0.060417
0 0.757031 0.068750 0.039062 0.058333
