0 0.653385 0.153704 0.078646 0.122222
0 0.582292 0.174074 0.079167 0.059259
0 0.586458 0.244907 0.086458 0.071296
0 0.527083 0.300926 0.034375 0.038889
0 0.502604 0.316667 0.017708 0.042593
0 0.490625 0.332870 0.007292 0.036111
0 0.477344 0.343981 0.010937 0.026852
0 0.257552 0.619444 0.092188 0.055556
0 0.030990 0.667130 0.059896 0.073148
0 0.082812 0.656481 0.062500 0.057407
0 0.088021 0.688426 0.056250 0.054630
0 0.129167 0.675926 0.039583 0.042593
0 0.157812 0.650926 0.036458 0.053704
0 0.176042 0.623148 0.023958 0.029630
0 0.077083 0.900926 0.147917 0.192593
0 0.030990 0.248611 0.056771 0.073148
0 0.030208 0.356944 0.058333 0.056481
0 0.074219 0.367130 0.040104 0.043519
0 0.095833 0.276389 0.072917 0.037963
0 0.085938 0.204167 0.105208 0.047222
0 0.069792 0.130093 0.132292 0.063889
0 0.076042 0.031944 0.116667 0.060185
0 0.137240 0.073148 0.047396 0.062963
0 0.169531 0.118056 0.024479 0.041667
0 0.170573 0.054630 0.021354 0.048148
0 0.147656 0.176852 0.033854 0.050000
0 0.151823 0.237500 0.024479 0.043519
0 0.145313 0.298148 0.034375 0.033333
0 0.172396 0.256944 0.018750 0.030556
0 0.171875 0.316667 0.023958 0.037037
0 0.190625 0.274074 0.016667 0.033333
0 0.188281 0.327778 0.030729 0.027778
0 0.209375 0.342130 0.014583 0.028704
0 0.223438 0.346296 0.011458 0.014815
0 0.217188 0.305556 0.023958 0.024074
0 0.182552 0.150463 0.032813 0.047222
0 0.199219 0.179630 0.026562 0.046296
0 0.220052 0.193519 0.009896 0.037037
0 0.540625 0.037037 0.042708 0.072222
0 0.515104 0.086574 0.028125 0.054630
0 0.498698 0.134722 0.022396 0.049074
