0 0.794792 0.261574 0.095833 0.043519
0 0.889062 0.262963 0.086458 0.035185
0 0.963542 0.267130 0.071875 0.036111
0 0.178646 0.586111 0.280208 0.085185
0 0.247656 0.825463 0.120313 0.125000
0 0.962500 0.023148 0.073958 0.040741
0 0.789583 0.144444 0.073958 0.035185
0 0.693229 0.154630 0.114583 0.081481
0 0.870052 0.147222 0.077604 0.038889
0 0.944531 0.156481 0.055729 0.025926
0 0.578646 0.155556 0.058333 0.022222
0 0.577344 0.170833 0.056771 0.019444
0 0.573698 0.340278 0.068229 0.034259
0 0.630729 0.337500 0.036458 0.019444
0 0.571875 0.458333 0.048958 0.018519
0 0.577083 0.476389 0.061458 0.021296
0 0.498698 0.584259 0.073438 0.031481
0 0.422656 0.277778 0.027604 0.009259
0 0.392188 0.276852 0.031250 0.011111
0 0.361198 0.275463 0.028646 0.008333
0 0.364844 0.338426 0.028646 0.012037
0 0.394792 0.338426 0.027083 0.010185
0 0.395052 0.357870 0.026562 0.010185
0 0.366146 0.358796 0.029167 0.008333
0 0.423438 0.400000 0.028125 0.011111
0 0.395052 0.399537 0.029687 0.012037
0 0.367188 0.419907 0.025000 0.012037
0 0.424219 0.418519 0.027604 0.011111
0 0.396615 0.419444 0.025521 0.009259
0 0.424479 0.437500 0.027083 0.010185
0 0.397917 0.439352 0.025000 0.010185
0 0.364844 0.440741 0.022396 0.009259
0 0.398698 0.494907 0.019271 0.010185
0 0.398177 0.513889 0.019271 0.011111
0 0.366406 0.495833 0.017188 0.013889
0 0.498698 0.476389 0.055729 0.023148
0 0.497656 0.460185 0.057813 0.009259
0 0.490365 0.446296 0.043229 0.018519
0 0.488281 0.431481 0.047396 0.011111
0 0.488802 0.418056 0.048438 0.015741
