0 0.971094 0.121759 0.057813 0.060185
0 0.837500 0.150000 0.218750 0.129630
0 0.825781 0.438426 0.105729 0.045370
0 0.861719 0.475000 0.138021 0.068519
0 0.965365 0.468519 0.069271 0.057407
0 0.913542 0.633333 0.172917 0.048148
0 0.969792 0.679167 0.060417 0.058333
0 0.876042 0.680093 0.136458 0.060185
0 0.658854 0.750463 0.226042 0.086111
0 0.147135 0.889815 0.084896 0.150000
0 0.249479 0.652315 0.096875 0.039815
0 0.685677 0.105556 0.025521 0.051852
0 0.685677 0.365278 0.027604 0.034259
0 0.418750 0.187963 0.040625 0.016667
0 0.459896 0.184259 0.038542 0.018519
0 0.506510 0.185648 0.038021 0.015741
0 0.466667 0.272222 0.038542 0.020370
0 0.424219 0.275000 0.040104 0.018519
0 0.466146 0.301389 0.038542 0.019444
0 0.423958 0.302315 0.040625 0.017593
0 0.503385 0.361574 0.035937 0.017593
0 0.464844 0.359722 0.039062 0.019444
0 0.504427 0.387037 0.038021 0.014815
0 0.465365 0.388426 0.038021 0.017593
0 0.425781 0.390278 0.038021 0.019444
0 0.503906 0.413426 0.036979 0.017593
0 0.465625 0.414352 0.037500 0.017593
0 0.424740 0.417593 0.038021 0.016667
0 0.464323 0.493981 0.034896 0.017593
0 0.426302 0.495833 0.036979 0.017593
0 0.465104 0.522222 0.038542 0.018519
0 0.425781 0.523148 0.039062 0.016667
0 0.611198 0.491667 0.103646 0.014815
0 0.609375 0.468981 0.100000 0.030556
0 0.613021 0.442130 0.092708 0.023148
0 0.613802 0.416204 0.094271 0.028704
0 0.612500 0.390278 0.096875 0.023148
0 0.611719 0.363426 0.095312 0.030556
