0 0.731771 0.140741 0.084375 0.131481
0 0.678646 0.209259 0.040625 0.100000
0 0.629167 0.292130 0.055208 0.052778
0 0.294271 0.128704 0.041667 0.100000
0 0.326562 0.179167 0.022917 0.058333
0 0.345833 0.204630 0.018750 0.048148
0 0.243490 0.432870 0.046354 0.052778
0 0.189583 0.431481 0.062500 0.057407
0 0.100000 0.420370 0.111458 0.064815
0 0.195833 0.644907 0.065625 0.084259
0 0.200000 0.815278 0.061458 0.119444
0 0.121875 0.881019 0.094792 0.123148
0 0.305729 0.687037 0.034375 0.074074
0 0.332031 0.658333 0.023438 0.059259
0 0.352083 0.634259 0.013542 0.037037
0 0.602083 0.374537 0.021875 0.050926
0 0.325521 0.397222 0.025000 0.031481
0 0.592708 0.099537 0.020833 0.049074
