0 0.914062 0.706250 0.171875 0.125000
0 0.182812 0.730208 0.218750 0.147917
0 0.061719 0.831250 0.117188 0.154167
0 0.496875 0.507292 0.118750 0.035417
0 0.717187 0.219792 0.040625 0.014583
0 0.759375 0.220833 0.037500 0.016667
0 0.719531 0.241667 0.039062 0.012500
0 0.763281 0.244792 0.042188 0.010417
0 0.757031 0.291667 0.042188 0.016667
0 0.800000 0.294792 0.040625 0.014583
0 0.716406 0.310417 0.039062 0.016667
0 0.758594 0.315625 0.042188 0.014583
0 0.800781 0.319792 0.039062 0.014583
0 0.715625 0.333333 0.040625 0.012500
0 0.760156 0.337500 0.035937 0.012500
0 0.798438 0.342708 0.040625 0.014583
0 0.713281 0.400000 0.039062 0.012500
0 0.753906 0.403125 0.042188 0.018750
0 0.710938 0.420833 0.040625 0.012500
0 0.753906 0.427083 0.035937 0.020833
0 0.932813 0.402083 0.100000 0.041667
0 0.935156 0.376042 0.098437 0.031250
0 0.932031 0.348958 0.098437 0.035417
0 0.930469 0.322917 0.095312 0.033333
0 0.928906 0.294792 0.101562 0.031250
