0 0.358594 0.112500 0.157812 0.162500
0 0.475781 0.200000 0.098437 0.108333
0 0.559375 0.268750 0.078125 0.079167
0 0.627344 0.316667 0.064062 0.070833
0 0.674219 0.352083 0.039062 0.058333
0 0.619531 0.472917 0.176563 0.050000
0 0.683594 0.533333 0.054688 0.037500
0 0.649219 0.645833 0.054688 0.033333
0 0.688281 0.642708 0.026562 0.027083
0 0.758594 0.622917 0.026562 0.020833
0 0.869531 0.616667 0.067187 0.020833
0 0.935937 0.625000 0.065625 0.020833
0 0.984375 0.627083 0.031250 0.020833
0 0.564844 0.167708 0.073438 0.089583
0 0.573438 0.073958 0.068750 0.097917
0 0.481250 0.088542 0.081250 0.110417
0 0.674219 0.085417 0.039062 0.075000
0 0.764062 0.562500 0.021875 0.020833
0 0.700000 0.377083 0.025000 0.037500
0 0.706250 0.309375 0.021875 0.043750
0 0.728906 0.400000 0.026562 0.041667
0 0.776563 0.204167 0.018750 0.037500
0 0.729688 0.628125 0.018750 0.022917
