0 0.699219 0.214583 0.123438 0.033333
0 0.801562 0.263542 0.115625 0.043750
0 0.928125 0.185417 0.140625 0.050000
0 0.932813 0.258333 0.125000 0.045833
0 0.132031 0.105208 0.257812 0.197917
0 0.374219 0.056250 0.223438 0.108333
0 0.700000 0.062500 0.118750 0.058333
0 0.807031 0.036458 0.120313 0.072917
0 0.927344 0.019792 0.120313 0.031250
0 0.585156 0.038542 0.098437 0.047917
0 0.587500 0.091667 0.090625 0.054167
0 0.488281 0.116667 0.060937 0.045833
0 0.418750 0.137500 0.056250 0.037500
0 0.361719 0.150000 0.057813 0.037500
0 0.496094 0.212500 0.076563 0.041667
