0 0.625000 0.721875 0.146875 0.139583
0 0.744531 0.561458 0.089063 0.068750
0 0.741406 0.655208 0.082812 0.085417
0 0.123438 0.193750 0.240625 0.104167
0 0.398438 0.214583 0.296875 0.133333
0 0.653125 0.269792 0.168750 0.106250
0 0.776563 0.308333 0.084375 0.079167
0 0.839844 0.334375 0.042188 0.056250
0 0.876563 0.347917 0.031250 0.050000
0 0.905469 0.361458 0.020313 0.039583
0 0.898438 0.473958 0.028125 0.035417
0 0.894531 0.559375 0.026562 0.043750
0 0.864844 0.580208 0.029687 0.056250
0 0.941406 0.522917 0.023438 0.016667
0 0.818750 0.032292 0.053125 0.060417
0 0.867188 0.093750 0.034375 0.045833
