0 0.808854 0.684722 0.189583 0.119444
0 0.753906 0.886111 0.072396 0.114815
0 0.680729 0.790278 0.053125 0.102778
0 0.047135 0.437037 0.092188 0.109259
0 0.138021 0.421759 0.100000 0.095370
0 0.216667 0.439815 0.060417 0.087037
0 0.264062 0.441667 0.042708 0.055556
0 0.296875 0.447222 0.025000 0.051852
0 0.325000 0.451852 0.029167 0.042593
0 0.322656 0.659259 0.022396 0.053704
0 0.340104 0.581481 0.017708 0.038889
0 0.210417 0.042593 0.059375 0.079630
0 0.258333 0.084722 0.040625 0.113889
0 0.295573 0.153704 0.040104 0.100000
0 0.833333 0.073148 0.137500 0.144444
0 0.727344 0.148148 0.066146 0.164815
0 0.668750 0.229630 0.042708 0.111111
0 0.632031 0.274074 0.026562 0.087037
