0 0.436719 0.689583 0.104688 0.091667
0 0.567187 0.057292 0.306250 0.114583
0 0.357812 0.061458 0.106250 0.093750
0 0.276562 0.112500 0.053125 0.054167
0 0.283594 0.040625 0.054688 0.068750
0 0.027344 0.426042 0.054688 0.018750
0 0.026562 0.458333 0.053125 0.025000
0 0.186719 0.018750 0.032813 0.037500
0 0.154688 0.053125 0.025000 0.039583
0 0.146875 0.123958 0.028125 0.043750
0 0.142187 0.166667 0.028125 0.037500
0 0.129688 0.090625 0.021875 0.035417
0 0.107813 0.119792 0.018750 0.031250
0 0.160156 0.197917 0.020313 0.029167
0 0.139844 0.215625 0.023438 0.031250
0 0.116406 0.298958 0.020313 0.022917
0 0.093750 0.309375 0.009375 0.018750
0 0.335156 0.639583 0.114062 0.087500
