0 0.601562 0.084375 0.143750 0.118750
0 0.736719 0.033333 0.139063 0.062500
0 0.581250 0.015625 0.090625 0.022917
0 0.472656 0.136458 0.104688 0.077083
0 0.473438 0.056250 0.118750 0.079167
0 0.389844 0.038542 0.095312 0.064583
0 0.315625 0.080208 0.059375 0.068750
0 0.310937 0.140625 0.059375 0.060417
0 0.310937 0.218750 0.065625 0.054167
0 0.380469 0.181250 0.079687 0.066667
0 0.377344 0.107292 0.079687 0.064583
0 0.263281 0.031250 0.051562 0.058333
0 0.217969 0.066667 0.039062 0.050000
0 0.228906 0.286458 0.092188 0.022917
0 0.222656 0.341667 0.076563 0.029167
0 0.167969 0.304167 0.029687 0.041667
0 0.168750 0.358333 0.034375 0.041667
0 0.310156 0.644792 0.270313 0.097917
0 0.046875 0.515625 0.090625 0.031250
0 0.047656 0.560417 0.085938 0.029167
0 0.153906 0.576042 0.039062 0.031250
0 0.472656 0.645833 0.070312 0.066667
0 0.560937 0.678125 0.121875 0.089583
