0 0.394271 0.643519 0.086458 0.042593
0 0.478125 0.645833 0.081250 0.037963
0 0.565625 0.631481 0.084375 0.053704
0 0.903125 0.660185 0.079167 0.103704
0 0.966927 0.681481 0.065104 0.114815
0 0.969010 0.813426 0.057813 0.095370
0 0.905208 0.759722 0.080208 0.104630
0 0.831250 0.702778 0.066667 0.088889
0 0.838281 0.580556 0.072396 0.051852
0 0.768229 0.572685 0.079167 0.058333
0 0.762500 0.598611 0.078125 0.056481
0 0.742969 0.361574 0.031771 0.047222
0 0.781510 0.349074 0.045312 0.048148
0 0.777865 0.276389 0.049479 0.052778
0 0.903906 0.201389 0.094271 0.087963
0 0.962760 0.278241 0.071354 0.093519
0 0.901563 0.304630 0.089583 0.085185
0 0.835417 0.330093 0.048958 0.056481
0 0.836458 0.045370 0.080208 0.088889
0 0.779948 0.103704 0.044271 0.094444
0 0.775521 0.025000 0.038542 0.044444
0 0.748177 0.078241 0.044271 0.062037
0 0.750781 0.142593 0.045312 0.079630
0 0.747396 0.024074 0.040625 0.046296
0 0.128646 0.517130 0.114583 0.067593
0 0.214583 0.502778 0.079167 0.051852
0 0.265885 0.561111 0.049479 0.055556
0 0.269271 0.644444 0.047917 0.064815
0 0.267969 0.722222 0.055729 0.077778
0 0.053646 0.768056 0.095833 0.130556
0 0.056250 0.935185 0.101042 0.111111
0 0.044792 0.291204 0.087500 0.095370
0 0.047917 0.134259 0.087500 0.120370
0 0.135937 0.185648 0.102083 0.136111
0 0.136719 0.325463 0.098437 0.097222
0 0.215885 0.242130 0.070312 0.086111
0 0.215885 0.358333 0.054688 0.090741
0 0.263281 0.368519 0.040104 0.064815
0 0.305469 0.484259 0.046354 0.031481
0 0.332552 0.618056 0.040104 0.039815
0 0.332813 0.650000 0.035417 0.053704
0 0.264062 0.049537 0.038542 0.093519
0 0.217969 0.016667 0.052604 0.031481
0 0.298958 0.118056 0.036458 0.095370
0 0.305990 0.387037 0.040104 0.037037
0 0.303646 0.352778 0.036458 0.037037
0 0.303646 0.322222 0.036458 0.035185
0 0.301042 0.287963 0.034375 0.040741
0 0.301302 0.256019 0.033854 0.037963
0 0.303646 0.226852 0.035417 0.040741
0 0.337240 0.386111 0.025521 0.024074
