0 0.206510 0.058796 0.050521 0.106481
0 0.248177 0.111574 0.032813 0.099074
0 0.273177 0.153704 0.023438 0.079630
0 0.076302 0.274537 0.114062 0.106481
0 0.079687 0.401389 0.111458 0.095370
0 0.171875 0.414815 0.077083 0.072222
0 0.227865 0.420370 0.041146 0.064815
0 0.258073 0.422222 0.031771 0.057407
0 0.283073 0.427315 0.024479 0.047222
0 0.300781 0.432870 0.015104 0.043519
0 0.318490 0.431019 0.020313 0.039815
0 0.173958 0.784259 0.063542 0.116667
0 0.732031 0.689352 0.122396 0.132407
0 0.729688 0.907407 0.088542 0.174074
0 0.646094 0.794907 0.053646 0.134259
0 0.568490 0.531944 0.031771 0.045370
0 0.577865 0.668981 0.019271 0.049074
0 0.698958 0.130556 0.088542 0.181481
0 0.631250 0.206481 0.044792 0.105556
0 0.592448 0.266667 0.030729 0.079630
0 0.566406 0.289815 0.023438 0.072222
0 0.965365 0.906481 0.067187 0.175926
0 0.791146 0.073611 0.104167 0.143519
