0 0.587500 0.209375 0.187500 0.052083
0 0.450000 0.218750 0.087500 0.058333
0 0.361719 0.236458 0.079687 0.047917
0 0.317969 0.203125 0.079687 0.035417
0 0.298438 0.254167 0.053125 0.050000
0 0.248438 0.267708 0.037500 0.039583
0 0.216406 0.277083 0.032813 0.033333
0 0.256250 0.123958 0.043750 0.052083
0 0.214844 0.144792 0.039062 0.043750
0 0.308594 0.085417 0.060937 0.058333
0 0.365625 0.057292 0.075000 0.060417
0 0.455469 0.022917 0.104688 0.041667
0 0.482031 0.540625 0.179688 0.056250
0 0.107813 0.225000 0.021875 0.025000
0 0.092969 0.237500 0.010937 0.020833
0 0.079687 0.245833 0.012500 0.016667
0 0.117188 0.308333 0.021875 0.025000
0 0.136719 0.305208 0.014063 0.027083
0 0.159375 0.183333 0.018750 0.025000
0 0.138281 0.197917 0.017188 0.029167
0 0.882812 0.264583 0.062500 0.033333
0 0.821875 0.290625 0.056250 0.018750
0 0.767969 0.286458 0.051562 0.022917
0 0.776563 0.254167 0.065625 0.020833
0 0.705469 0.255208 0.051562 0.022917
0 0.718750 0.282292 0.050000 0.018750
0 0.877344 0.180208 0.054688 0.027083
0 0.818750 0.175000 0.053125 0.033333
0 0.764844 0.175000 0.054688 0.033333
0 0.585156 0.311458 0.201563 0.060417
0 0.414062 0.166667 0.084375 0.037500
