0 0.963281 0.511458 0.073438 0.072917
0 0.529687 0.504167 0.246875 0.070833
0 0.534375 0.460417 0.243750 0.037500
0 0.532813 0.416667 0.240625 0.041667
0 0.533594 0.370833 0.245312 0.050000
0 0.530469 0.319792 0.245312 0.043750
0 0.529687 0.265625 0.240625 0.047917
0 0.520312 0.188542 0.265625 0.118750
0 0.510938 0.115625 0.278125 0.047917
0 0.517969 0.047917 0.267188 0.083333
0 0.812500 0.103125 0.259375 0.047917
0 0.817187 0.173958 0.275000 0.085417
0 0.817187 0.218750 0.265625 0.045833
0 0.764062 0.251042 0.159375 0.043750
0 0.754687 0.280208 0.153125 0.035417
0 0.753906 0.312500 0.167187 0.037500
0 0.763281 0.343750 0.167187 0.033333
0 0.766406 0.377083 0.157812 0.025000
0 0.754687 0.408333 0.150000 0.033333
0 0.765625 0.450000 0.168750 0.033333
0 0.917969 0.264583 0.154688 0.054167
0 0.918750 0.306250 0.156250 0.029167
0 0.923438 0.341667 0.143750 0.033333
0 0.925000 0.377083 0.146875 0.037500
0 0.924219 0.436458 0.148438 0.081250
