0 0.821875 0.593750 0.106250 0.116667
0 0.732812 0.392708 0.090625 0.035417
0 0.730469 0.428125 0.092188 0.035417
0 0.906250 0.118750 0.034375 0.037500
0 0.950781 0.093750 0.054688 0.041667
0 0.904687 0.166667 0.034375 0.041667
0 0.949219 0.148958 0.051562 0.043750
0 0.987500 0.122917 0.025000 0.033333
0 0.985938 0.191667 0.028125 0.025000
0 0.948438 0.204167 0.043750 0.033333
0 0.906250 0.220833 0.034375 0.033333
0 0.939063 0.020833 0.031250 0.037500
0 0.903906 0.046875 0.032813 0.047917
0 0.873437 0.081250 0.025000 0.037500
0 0.379688 0.021875 0.043750 0.043750
0 0.420312 0.054167 0.040625 0.079167
0 0.457813 0.093750 0.034375 0.058333
0 0.498437 0.109375 0.050000 0.043750
0 0.501563 0.153125 0.034375 0.035417
0 0.842969 0.259375 0.017188 0.022917
0 0.827344 0.265625 0.014063 0.018750
0 0.842187 0.302083 0.018750 0.016667
0 0.825000 0.303125 0.015625 0.014583
0 0.808594 0.267708 0.014063 0.018750
