0 0.676302 0.075000 0.094271 0.148148
0 0.753646 0.026389 0.056250 0.045370
0 0.613542 0.142593 0.061458 0.103704
0 0.565365 0.217593 0.044271 0.079630
0 0.529687 0.256481 0.026042 0.068519
0 0.505208 0.272685 0.026042 0.063889
0 0.527083 0.179630 0.028125 0.068519
0 0.561719 0.137037 0.049479 0.088889
0 0.025260 0.198148 0.049479 0.077778
0 0.066667 0.256481 0.056250 0.064815
0 0.104688 0.290741 0.044792 0.037037
0 0.138281 0.305093 0.022396 0.032407
0 0.086198 0.089815 0.115104 0.062963
0 0.061458 0.037963 0.115625 0.068519
0 0.121615 0.156944 0.117188 0.047222
0 0.151302 0.190278 0.093229 0.039815
0 0.190625 0.212037 0.045833 0.031481
0 0.215104 0.233333 0.009375 0.020370
0 0.181510 0.041204 0.017188 0.034259
0 0.148177 0.334722 0.064062 0.026852
0 0.180729 0.344444 0.027083 0.020370
0 0.167448 0.268056 0.055729 0.032407
0 0.285156 0.521759 0.064062 0.013889
0 0.287760 0.551389 0.054688 0.025000
0 0.483854 0.303241 0.018750 0.052778
0 0.472396 0.321759 0.012500 0.037963
0 0.461198 0.336111 0.011979 0.042593
0 0.451042 0.348148 0.012500 0.035185
0 0.472396 0.140741 0.036458 0.046296
0 0.461458 0.024074 0.029167 0.033333
