0 0.773177 0.781944 0.213021 0.134259
0 0.636198 0.704167 0.049479 0.069444
0 0.589583 0.658796 0.046875 0.049074
0 0.557292 0.627315 0.026042 0.039815
0 0.537500 0.598148 0.022917 0.035185
0 0.631771 0.422222 0.055208 0.029630
0 0.584115 0.431481 0.047396 0.033333
0 0.549479 0.434259 0.026042 0.029630
0 0.533854 0.400463 0.033333 0.023148
0 0.531771 0.440741 0.025000 0.033333
0 0.515104 0.437963 0.017708 0.022222
0 0.501042 0.442130 0.013542 0.021296
0 0.478125 0.426852 0.005208 0.014815
0 0.485417 0.424074 0.009375 0.011111
0 0.471615 0.426389 0.008854 0.010185
0 0.466406 0.430093 0.006771 0.008333
0 0.141146 0.859722 0.188542 0.252778
0 0.255729 0.661111 0.045833 0.096296
0 0.288542 0.619907 0.027083 0.063889
0 0.305208 0.592593 0.022917 0.040741
0 0.319010 0.568981 0.011979 0.021296
0 0.321354 0.523148 0.021875 0.033333
0 0.095052 0.287500 0.151562 0.086111
0 0.192969 0.337500 0.074479 0.093519
0 0.246875 0.367130 0.031250 0.054630
0 0.279948 0.389352 0.028646 0.058333
0 0.302083 0.398611 0.015625 0.039815
0 0.317969 0.407870 0.011979 0.028704
0 0.254688 0.095833 0.052083 0.123148
0 0.289583 0.240741 0.066667 0.044444
0 0.301042 0.063889 0.028125 0.044444
0 0.484635 0.528241 0.021354 0.017593
0 0.507552 0.568056 0.027604 0.019444
0 0.431250 0.522685 0.029167 0.010185
0 0.430990 0.514815 0.033854 0.007407
0 0.431771 0.506019 0.035417 0.010185
0 0.432292 0.495833 0.034375 0.010185
0 0.430990 0.485648 0.031771 0.010185
0 0.432031 0.475926 0.029687 0.009259
0 0.432552 0.465741 0.030729 0.011111
0 0.432292 0.454630 0.031250 0.011111
0 0.432031 0.444907 0.030729 0.008333
0 0.431250 0.435648 0.032292 0.010185
0 0.431250 0.425000 0.032292 0.011111
0 0.346094 0.537500 0.007812 0.015741
0 0.329167 0.556944 0.006250 0.015741
0 0.631771 0.165278 0.037500 0.078704
0 0.510677 0.300000 0.013021 0.025926
