0 0.921094 0.600000 0.157812 0.129167
0 0.050781 0.100000 0.089063 0.116667
0 0.117969 0.150000 0.054688 0.066667
0 0.163281 0.183333 0.032813 0.054167
0 0.196875 0.213542 0.034375 0.052083
0 0.227344 0.236458 0.017188 0.035417
0 0.243750 0.250000 0.015625 0.029167
0 0.263281 0.263542 0.017188 0.022917
0 0.652344 0.029167 0.039062 0.058333
0 0.612500 0.077083 0.031250 0.070833
0 0.585938 0.116667 0.025000 0.054167
0 0.560937 0.150000 0.018750 0.050000
0 0.530469 0.191667 0.017188 0.037500
0 0.687500 0.334375 0.087500 0.047917
0 0.702344 0.498958 0.060937 0.052083
0 0.657813 0.470833 0.037500 0.037500
0 0.614844 0.459375 0.032813 0.027083
