0 0.886198 0.666667 0.040104 0.053704
0 0.923698 0.703704 0.030729 0.059259
0 0.757292 0.559259 0.138542 0.031481
0 0.756250 0.615278 0.137500 0.056481
0 0.947656 0.236574 0.102604 0.056481
0 0.884896 0.276389 0.042708 0.052778
0 0.850781 0.297685 0.033854 0.050926
0 0.929948 0.337037 0.069271 0.064815
0 0.975000 0.322685 0.045833 0.065741
0 0.186719 0.115741 0.268229 0.164815
0 0.109635 0.057407 0.214062 0.107407
0 0.342448 0.144444 0.170313 0.077778
0 0.297135 0.222222 0.256771 0.074074
0 0.407292 0.276389 0.148958 0.049074
0 0.469010 0.322222 0.078646 0.031481
0 0.810417 0.322685 0.022917 0.034259
0 0.790104 0.333333 0.015625 0.029630
0 0.782031 0.173148 0.009896 0.042593
0 0.767448 0.188889 0.013021 0.035185
0 0.779687 0.043056 0.020833 0.056481
0 0.767188 0.079167 0.018750 0.047222
0 0.976302 0.659722 0.044271 0.058333
0 0.971615 0.700000 0.055729 0.075926
0 0.969271 0.734722 0.051042 0.054630
