0 0.399740 0.605093 0.136979 0.052778
0 0.413542 0.666667 0.101042 0.044444
0 0.118750 0.235648 0.232292 0.106481
0 0.041667 0.041204 0.080208 0.075000
0 0.214323 0.268981 0.108854 0.080556
0 0.271094 0.307407 0.078646 0.062963
0 0.315885 0.343056 0.038021 0.041667
0 0.332552 0.359259 0.027604 0.027778
0 0.348958 0.368981 0.016667 0.025000
0 0.353125 0.414815 0.013542 0.031481
0 0.327604 0.411574 0.036458 0.026852
0 0.797135 0.251852 0.175521 0.066667
0 0.941146 0.081019 0.114583 0.132407
0 0.796354 0.174537 0.185417 0.065741
0 0.689323 0.222222 0.033854 0.055556
0 0.692448 0.283796 0.039062 0.054630
0 0.646094 0.323148 0.042188 0.033333
0 0.608594 0.346759 0.032813 0.026852
0 0.611979 0.305093 0.030208 0.023148
0 0.616927 0.218519 0.069271 0.046296
0 0.260417 0.043519 0.086458 0.085185
0 0.625521 0.019444 0.035417 0.038889
0 0.327604 0.148611 0.020833 0.041667
