0 0.082031 0.626042 0.164062 0.093750
0 0.269531 0.590625 0.210938 0.097917
0 0.275000 0.710417 0.212500 0.095833
0 0.085938 0.761458 0.171875 0.089583
0 0.086719 0.109375 0.173437 0.072917
0 0.276562 0.136458 0.209375 0.085417
0 0.596094 0.220833 0.101562 0.062500
0 0.592969 0.136458 0.101562 0.081250
0 0.676562 0.250000 0.068750 0.058333
0 0.565625 0.348958 0.181250 0.043750
0 0.539844 0.578125 0.132812 0.068750
0 0.639844 0.550000 0.076563 0.054167
0 0.728125 0.515625 0.053125 0.039583
0 0.735938 0.258333 0.053125 0.041667
0 0.734375 0.281250 0.053125 0.041667
0 0.775000 0.298958 0.031250 0.031250
0 0.928906 0.453125 0.039062 0.014583
0 0.929688 0.477083 0.040625 0.016667
0 0.797656 0.492708 0.029687 0.022917
0 0.800781 0.419792 0.026562 0.018750
0 0.803125 0.312500 0.025000 0.025000
0 0.826562 0.325000 0.021875 0.020833
0 0.844531 0.333333 0.014063 0.016667
0 0.835156 0.403125 0.029687 0.014583
0 0.823438 0.445833 0.021875 0.016667
0 0.822656 0.482292 0.020313 0.022917
0 0.840625 0.442708 0.015625 0.014583
0 0.827344 0.285417 0.023438 0.025000
0 0.730469 0.089583 0.045312 0.054167
0 0.728125 0.040625 0.043750 0.052083
0 0.671094 0.033333 0.060937 0.066667
0 0.773438 0.132292 0.034375 0.047917
0 0.800781 0.159375 0.023438 0.039583
0 0.821094 0.118750 0.023438 0.033333
0 0.821875 0.151042 0.021875 0.031250
0 0.855469 0.307292 0.014063 0.018750
0 0.857031 0.338542 0.014063 0.018750
0 0.872656 0.347917 0.014063 0.016667
0 0.870313 0.417708 0.012500 0.014583
0 0.853906 0.441667 0.010937 0.016667
0 0.839844 0.477083 0.014063 0.016667
0 0.841406 0.161458 0.014063 0.027083
0 0.817187 0.065625 0.025000 0.039583
0 0.837500 0.098958 0.015625 0.031250
