0 0.785937 0.071759 0.343750 0.139815
0 0.586458 0.148148 0.053125 0.100000
0 0.540104 0.194444 0.050000 0.081481
0 0.500260 0.249074 0.033854 0.057407
0 0.500521 0.173611 0.037500 0.063889
0 0.470052 0.204630 0.022396 0.051852
0 0.474740 0.272222 0.023438 0.050000
0 0.449479 0.291667 0.021875 0.046296
0 0.433073 0.311111 0.013021 0.037037
0 0.019271 0.229630 0.037500 0.072222
0 0.038021 0.269907 0.067708 0.054630
0 0.069792 0.289352 0.053125 0.052778
0 0.097656 0.307870 0.041146 0.037963
0 0.072656 0.116667 0.073438 0.053704
0 0.099479 0.170833 0.076042 0.041667
0 0.238021 0.517130 0.064583 0.023148
0 0.231510 0.549537 0.072396 0.030556
