0 0.729688 0.116204 0.528125 0.215741
0 0.407031 0.194907 0.156771 0.152778
0 0.313281 0.074537 0.052604 0.136111
0 0.316927 0.226389 0.038021 0.106481
0 0.288802 0.258796 0.022396 0.030556
0 0.261458 0.260185 0.038542 0.068519
0 0.236719 0.235648 0.017188 0.047222
0 0.239583 0.268056 0.019792 0.047222
0 0.222396 0.242130 0.012500 0.045370
0 0.223958 0.277315 0.011458 0.034259
0 0.210938 0.279167 0.011458 0.030556
0 0.196354 0.206481 0.010417 0.042593
0 0.146875 0.392130 0.047917 0.025000
0 0.095573 0.393056 0.054688 0.028704
0 0.041927 0.399537 0.057813 0.030556
0 0.411719 0.907407 0.080729 0.168519
0 0.271875 0.561111 0.029167 0.057407
