0 0.169531 0.459375 0.195312 0.047917
0 0.517969 0.509375 0.035937 0.081250
0 0.557031 0.569792 0.042188 0.106250
0 0.614844 0.655208 0.073438 0.147917
0 0.824219 0.797917 0.351562 0.233333
0 0.352344 0.223958 0.076563 0.031250
0 0.190625 0.216667 0.068750 0.025000
0 0.044531 0.215625 0.089063 0.039583
0 0.212500 0.085417 0.068750 0.020833
0 0.285938 0.084375 0.075000 0.022917
0 0.362500 0.089583 0.075000 0.025000
0 0.351562 0.389583 0.037500 0.025000
0 0.271094 0.414583 0.023438 0.037500
0 0.125000 0.215625 0.034375 0.027083
