0 0.687500 0.488542 0.125000 0.068750
0 0.325781 0.466667 0.070312 0.033333
0 0.322656 0.489583 0.070312 0.033333
0 0.322656 0.513542 0.070312 0.035417
0 0.209375 0.405208 0.053125 0.093750
0 0.189062 0.342708 0.059375 0.022917
0 0.150781 0.346875 0.017188 0.014583
0 0.174219 0.442708 0.029687 0.018750
0 0.150000 0.436458 0.018750 0.014583
0 0.120313 0.436458 0.040625 0.018750
0 0.033594 0.508333 0.067187 0.029167
0 0.270313 0.443750 0.053125 0.020833
0 0.018750 0.237500 0.034375 0.020833
0 0.017188 0.257292 0.031250 0.018750
0 0.017969 0.273958 0.029687 0.014583
0 0.015625 0.426042 0.025000 0.014583
0 0.017188 0.450000 0.021875 0.016667
