0 0.899219 0.704167 0.201563 0.162500
0 0.429688 0.018750 0.209375 0.033333
0 0.415625 0.068750 0.250000 0.058333
0 0.414844 0.121875 0.245312 0.060417
0 0.414062 0.167708 0.246875 0.064583
0 0.412500 0.208333 0.250000 0.041667
0 0.411719 0.260417 0.260937 0.058333
0 0.416406 0.319792 0.254688 0.052083
0 0.422656 0.423958 0.229687 0.035417
0 0.420312 0.475000 0.231250 0.062500
0 0.425781 0.539583 0.226562 0.062500
0 0.415625 0.376042 0.253125 0.060417
0 0.431250 0.589583 0.215625 0.045833
0 0.434375 0.636458 0.200000 0.085417
0 0.557813 0.477083 0.040625 0.025000
0 0.553125 0.447917 0.031250 0.033333
0 0.557813 0.418750 0.040625 0.025000
0 0.555469 0.390625 0.035937 0.031250
0 0.557031 0.358333 0.032813 0.033333
0 0.556250 0.323958 0.031250 0.035417
0 0.563281 0.286458 0.039062 0.035417
0 0.563281 0.252083 0.035937 0.033333
0 0.560156 0.219792 0.042188 0.031250
0 0.564063 0.189583 0.050000 0.029167
0 0.564844 0.155208 0.048438 0.039583
0 0.568750 0.122917 0.056250 0.025000
0 0.569531 0.093750 0.054688 0.033333
0 0.567187 0.061458 0.050000 0.031250
0 0.730469 0.150000 0.207813 0.037500
0 0.743750 0.192708 0.212500 0.052083
0 0.741406 0.220833 0.207813 0.041667
0 0.743750 0.250000 0.206250 0.037500
0 0.700781 0.269792 0.120313 0.035417
0 0.696094 0.296875 0.117188 0.043750
0 0.694531 0.325000 0.120313 0.037500
0 0.700000 0.353125 0.128125 0.052083
0 0.699219 0.384375 0.123438 0.056250
0 0.694531 0.412500 0.126562 0.058333
0 0.694531 0.438542 0.120313 0.060417
0 0.866406 0.301042 0.189062 0.072917
0 0.870313 0.333333 0.212500 0.079167
0 0.873437 0.367708 0.206250 0.072917
0 0.873437 0.400000 0.200000 0.075000
0 0.871875 0.429167 0.200000 0.079167
0 0.869531 0.462500 0.204687 0.066667
0 0.864844 0.495833 0.201563 0.079167
