0 0.672917 0.874537 0.135417 0.184259
0 0.729427 0.950926 0.079687 0.083333
0 0.583594 0.781019 0.067187 0.121296
0 0.219271 0.161574 0.065625 0.043519
0 0.145833 0.153241 0.079167 0.032407
0 0.071354 0.151852 0.070833 0.046296
0 0.088021 0.284259 0.096875 0.024074
0 0.073698 0.330556 0.075521 0.037037
0 0.146615 0.327778 0.070312 0.031481
0 0.221615 0.277778 0.078646 0.031481
0 0.222396 0.325000 0.071875 0.024074
0 0.015365 0.249074 0.030729 0.059259
0 0.480469 0.615741 0.026562 0.048148
0 0.475521 0.490741 0.029167 0.031481
