0 0.496615 0.159259 0.068229 0.088889
0 0.582812 0.129630 0.094792 0.107407
0 0.716146 0.080093 0.200000 0.154630
0 0.574740 0.028704 0.093229 0.051852
0 0.494271 0.054167 0.072917 0.106481
0 0.427344 0.103241 0.059896 0.076852
0 0.430990 0.194907 0.059896 0.067593
0 0.387240 0.209722 0.027604 0.050926
0 0.357812 0.224537 0.030208 0.039815
0 0.442969 0.328704 0.152604 0.029630
0 0.357031 0.323611 0.027604 0.025000
0 0.367188 0.076389 0.060417 0.052778
0 0.383854 0.134722 0.029167 0.052778
0 0.357812 0.158796 0.022917 0.049074
0 0.429167 0.024074 0.063542 0.046296
0 0.322656 0.215278 0.040104 0.045370
0 0.317969 0.170370 0.032813 0.044444
0 0.293229 0.179630 0.011458 0.040741
0 0.281510 0.188889 0.008854 0.031481
0 0.292969 0.229630 0.016146 0.038889
0 0.281250 0.236574 0.010417 0.034259
0 0.315365 0.118981 0.040104 0.054630
0 0.287500 0.134722 0.015625 0.039815
0 0.315885 0.363889 0.056771 0.024074
0 0.319271 0.410185 0.047917 0.022222
0 0.283594 0.356019 0.015104 0.013889
0 0.013021 0.450000 0.021875 0.048148
0 0.012500 0.521296 0.022917 0.068519
0 0.290365 0.023611 0.025521 0.045370
0 0.277344 0.052778 0.018229 0.033333
0 0.289062 0.405556 0.014583 0.027778
