0 0.939063 0.615625 0.121875 0.160417
0 0.386719 0.300000 0.189062 0.037500
0 0.396875 0.444792 0.175000 0.035417
0 0.582812 0.225000 0.034375 0.008333
0 0.617969 0.202083 0.029687 0.012500
0 0.618750 0.221875 0.034375 0.014583
0 0.581250 0.281250 0.031250 0.012500
0 0.617969 0.281250 0.035937 0.012500
0 0.578125 0.302083 0.031250 0.012500
0 0.618750 0.302083 0.031250 0.012500
0 0.577344 0.352083 0.032813 0.008333
0 0.614844 0.353125 0.032813 0.014583
0 0.578125 0.370833 0.034375 0.012500
0 0.612500 0.370833 0.031250 0.016667
0 0.614062 0.144792 0.028125 0.014583
