0 0.436719 0.656250 0.242188 0.133333
0 0.435937 0.794792 0.231250 0.160417
0 0.646094 0.721875 0.182812 0.122917
0 0.645312 0.558333 0.187500 0.087500
0 0.160938 0.360417 0.315625 0.108333
0 0.171094 0.063542 0.335938 0.118750
0 0.462500 0.110417 0.259375 0.162500
0 0.666406 0.179167 0.145313 0.100000
0 0.621094 0.071875 0.235937 0.114583
0 0.785156 0.240625 0.092188 0.077083
0 0.785156 0.144792 0.092188 0.089583
0 0.777344 0.381250 0.089063 0.062500
0 0.847656 0.390625 0.045312 0.047917
0 0.885938 0.446875 0.037500 0.035417
0 0.886719 0.514583 0.032813 0.037500
0 0.881250 0.575000 0.037500 0.045833
0 0.974219 0.546875 0.051562 0.031250
0 0.932031 0.512500 0.032813 0.033333
0 0.930469 0.535417 0.023438 0.037500
0 0.921094 0.400000 0.032813 0.020833
0 0.854688 0.281250 0.050000 0.058333
0 0.887500 0.306250 0.025000 0.054167
0 0.848437 0.208333 0.046875 0.062500
0 0.797656 0.033333 0.132812 0.066667
0 0.875781 0.081250 0.054688 0.075000
