0 0.876563 0.540625 0.068750 0.039583
0 0.871875 0.182292 0.090625 0.031250
0 0.876563 0.230208 0.090625 0.031250
0 0.859375 0.055208 0.081250 0.035417
0 0.778125 0.062500 0.075000 0.029167
0 0.702344 0.072917 0.070312 0.033333
0 0.617188 0.051042 0.065625 0.031250
0 0.565625 0.041667 0.046875 0.025000
0 0.614844 0.089583 0.067187 0.029167
0 0.711719 0.187500 0.089063 0.025000
0 0.701562 0.231250 0.068750 0.025000
0 0.787500 0.229167 0.084375 0.029167
0 0.619531 0.237500 0.067187 0.025000
0 0.562500 0.239583 0.046875 0.020833
0 0.618750 0.193750 0.065625 0.029167
0 0.132031 0.250000 0.264062 0.066667
0 0.394531 0.062500 0.254688 0.125000
0 0.559375 0.101042 0.046875 0.031250
0 0.497656 0.122917 0.048438 0.033333
0 0.447656 0.134375 0.051562 0.035417
0 0.403125 0.147917 0.037500 0.029167
0 0.495312 0.175000 0.050000 0.029167
0 0.568750 0.166667 0.059375 0.025000
0 0.560937 0.201042 0.043750 0.018750
0 0.498437 0.211458 0.046875 0.027083
