0 0.852344 0.420833 0.182812 0.095833
0 0.726562 0.031250 0.050000 0.062500
0 0.685937 0.067708 0.031250 0.081250
0 0.657813 0.105208 0.025000 0.064583
0 0.635156 0.139583 0.020313 0.050000
0 0.611719 0.166667 0.026562 0.050000
0 0.088281 0.034375 0.070312 0.068750
0 0.155469 0.067708 0.057813 0.081250
0 0.200000 0.120833 0.037500 0.054167
0 0.135937 0.265625 0.071875 0.052083
0 0.142969 0.462500 0.057813 0.054167
0 0.204687 0.317708 0.043750 0.039583
0 0.207031 0.390625 0.042188 0.039583
0 0.660156 0.387500 0.067187 0.041667
0 0.603125 0.370833 0.031250 0.020833
0 0.077344 0.481250 0.076563 0.062500
0 0.300781 0.230208 0.032813 0.035417
0 0.264844 0.073958 0.035937 0.043750
