0 0.502344 0.582292 0.073438 0.077083
0 0.429688 0.543750 0.062500 0.062500
0 0.317188 0.577083 0.184375 0.100000
0 0.432812 0.163542 0.071875 0.064583
0 0.431250 0.104167 0.071875 0.058333
0 0.382812 0.093750 0.056250 0.045833
0 0.338281 0.119792 0.042188 0.039583
0 0.333594 0.158333 0.042188 0.037500
0 0.331250 0.210417 0.037500 0.041667
0 0.379688 0.191667 0.059375 0.054167
0 0.526563 0.121875 0.103125 0.072917
0 0.526563 0.066667 0.106250 0.075000
0 0.623437 0.102083 0.146875 0.091667
0 0.786719 0.073958 0.198437 0.114583
0 0.387500 0.021875 0.062500 0.039583
0 0.346094 0.054167 0.042188 0.045833
0 0.161719 0.420833 0.092188 0.033333
0 0.161719 0.454167 0.092188 0.029167
0 0.270313 0.301042 0.021875 0.018750
0 0.249219 0.310417 0.020313 0.020833
0 0.272656 0.264583 0.032813 0.020833
0 0.307031 0.084375 0.029687 0.035417
