0 0.128125 0.048958 0.184375 0.097917
0 0.299219 0.117708 0.164062 0.147917
0 0.085938 0.620833 0.171875 0.075000
0 0.440625 0.195833 0.125000 0.108333
0 0.421094 0.444792 0.132812 0.068750
0 0.418750 0.608333 0.131250 0.050000
0 0.585938 0.451042 0.150000 0.052083
0 0.548438 0.523958 0.090625 0.047917
0 0.542188 0.607292 0.090625 0.047917
0 0.625781 0.530208 0.067187 0.043750
0 0.621094 0.608333 0.070312 0.041667
0 0.563281 0.261458 0.095312 0.081250
0 0.567969 0.172917 0.098437 0.083333
0 0.642188 0.037500 0.075000 0.075000
0 0.707812 0.027083 0.053125 0.054167
0 0.707031 0.093750 0.054688 0.075000
0 0.638281 0.297917 0.057813 0.070833
0 0.689063 0.264583 0.065625 0.058333
0 0.692187 0.334375 0.059375 0.052083
0 0.754687 0.366667 0.056250 0.045833
0 0.745313 0.509375 0.050000 0.035417
0 0.683594 0.540625 0.054688 0.031250
0 0.682031 0.611458 0.054688 0.022917
0 0.742969 0.605208 0.042188 0.027083
0 0.782031 0.606250 0.035937 0.029167
0 0.802344 0.523958 0.060937 0.031250
0 0.936719 0.591667 0.126562 0.029167
0 0.935156 0.638542 0.117188 0.031250
0 0.816406 0.603125 0.032813 0.018750
0 0.818750 0.403125 0.037500 0.027083
0 0.828125 0.323958 0.028125 0.031250
