0 0.370573 0.584722 0.104688 0.050926
0 0.372135 0.643981 0.098437 0.054630
0 0.748177 0.462963 0.033854 0.040741
0 0.845052 0.468056 0.157812 0.037963
0 0.961719 0.281019 0.070312 0.080556
0 0.959115 0.133333 0.075521 0.107407
0 0.873698 0.097685 0.097396 0.108333
0 0.872656 0.200463 0.086979 0.087963
0 0.872917 0.312037 0.082292 0.070370
0 0.801562 0.333796 0.052083 0.052778
0 0.753646 0.350000 0.037500 0.044444
0 0.757812 0.273611 0.041667 0.052778
0 0.802604 0.245370 0.056250 0.064815
0 0.771094 0.197222 0.080729 0.074074
0 0.753646 0.066204 0.039583 0.069444
0 0.803906 0.024537 0.063021 0.043519
0 0.044531 0.687963 0.089063 0.111111
0 0.110417 0.563426 0.154167 0.078704
0 0.145573 0.737500 0.076563 0.106481
0 0.208594 0.692130 0.056771 0.095370
0 0.252344 0.651389 0.039062 0.078704
0 0.230208 0.530093 0.089583 0.047222
0 0.146354 0.301389 0.086458 0.047222
0 0.044271 0.267593 0.085417 0.101852
0 0.041406 0.136574 0.080729 0.108333
0 0.145052 0.037500 0.131771 0.069444
0 0.239844 0.094907 0.040104 0.078704
0 0.245573 0.238426 0.043229 0.056481
0 0.248698 0.349537 0.040104 0.050926
0 0.683594 0.503241 0.066146 0.030556
0 0.686979 0.552315 0.062500 0.028704
0 0.705469 0.348611 0.044271 0.026852
0 0.681771 0.303704 0.025000 0.037037
0 0.692969 0.256019 0.047396 0.049074
0 0.663542 0.269444 0.022917 0.031481
0 0.663281 0.319444 0.015104 0.025926
0 0.646615 0.331944 0.018229 0.030556
0 0.648177 0.376852 0.018229 0.016667
0 0.662500 0.368981 0.014583 0.030556
0 0.680729 0.363889 0.021875 0.027778
0 0.663542 0.165278 0.020833 0.050926
0 0.646354 0.193056 0.016667 0.037963
0 0.660156 0.115741 0.019271 0.050000
0 0.643229 0.146296 0.013542 0.040741
