0 0.963281 0.635417 0.073438 0.083333
0 0.761719 0.450000 0.179688 0.075000
0 0.758594 0.514583 0.182812 0.070833
0 0.988281 0.207292 0.023438 0.031250
0 0.933594 0.205208 0.057813 0.039583
0 0.878125 0.214583 0.050000 0.033333
0 0.831250 0.223958 0.037500 0.027083
0 0.795312 0.232292 0.031250 0.022917
0 0.732031 0.233333 0.014063 0.016667
0 0.720313 0.139583 0.018750 0.020833
0 0.735938 0.125000 0.015625 0.020833
0 0.755469 0.105208 0.020313 0.031250
0 0.780469 0.087500 0.026562 0.029167
0 0.806250 0.070833 0.021875 0.025000
0 0.838281 0.036458 0.029687 0.039583
0 0.758594 0.012500 0.014063 0.025000
