0 0.346875 0.894792 0.306250 0.164583
0 0.548438 0.567708 0.293750 0.097917
0 0.267188 0.515625 0.250000 0.085417
0 0.607812 0.768750 0.178125 0.137500
0 0.736719 0.644792 0.107813 0.072917
0 0.732812 0.692708 0.096875 0.089583
0 0.836719 0.493750 0.067187 0.058333
0 0.830469 0.632292 0.085938 0.081250
0 0.885156 0.527083 0.039062 0.041667
0 0.625781 0.060417 0.185938 0.116667
0 0.764062 0.119792 0.096875 0.122917
0 0.846094 0.209375 0.064062 0.089583
0 0.897656 0.242708 0.035937 0.056250
0 0.925781 0.277083 0.032813 0.045833
0 0.871094 0.034375 0.060937 0.064583
0 0.945312 0.296875 0.018750 0.035417
0 0.877344 0.595833 0.029687 0.037500
