0 0.323437 0.103125 0.440625 0.197917
0 0.532813 0.133333 0.321875 0.145833
0 0.646094 0.236458 0.310937 0.114583
0 0.742969 0.292708 0.251563 0.110417
0 0.878125 0.332292 0.050000 0.072917
0 0.765625 0.460417 0.250000 0.062500
0 0.912500 0.469792 0.040625 0.047917
0 0.765625 0.540625 0.262500 0.043750
0 0.692187 0.681250 0.284375 0.070833
0 0.860938 0.687500 0.046875 0.050000
0 0.930469 0.664583 0.039062 0.033333
0 0.931250 0.596875 0.037500 0.027083
0 0.914062 0.367708 0.040625 0.072917
0 0.950781 0.393750 0.026562 0.058333
0 0.978906 0.413542 0.032813 0.043750
0 0.882031 0.253125 0.045312 0.068750
0 0.924219 0.283333 0.032813 0.062500
0 0.964063 0.663542 0.053125 0.035417
0 0.964063 0.583333 0.053125 0.033333
0 0.817187 0.032292 0.190625 0.060417
0 0.613281 0.039583 0.176563 0.075000
0 0.889844 0.106250 0.148438 0.083333
0 0.928906 0.040625 0.079687 0.072917
0 0.944531 0.182292 0.104688 0.081250
0 0.975781 0.119792 0.048438 0.052083
0 0.964063 0.346875 0.065625 0.043750
