0 0.739062 0.357870 0.336458 0.102778
0 0.526823 0.350000 0.106771 0.074074
0 0.522656 0.122222 0.125521 0.122222
0 0.704427 0.075926 0.244271 0.138889
0 0.400260 0.119444 0.093229 0.100000
0 0.345052 0.164352 0.041146 0.075000
0 0.342708 0.059722 0.046875 0.080556
0 0.302344 0.088426 0.031771 0.065741
0 0.272135 0.110648 0.028646 0.056481
0 0.274219 0.191667 0.025521 0.051852
0 0.308333 0.175926 0.042708 0.064815
0 0.369792 0.404167 0.158333 0.047222
0 0.371615 0.476389 0.154688 0.067593
0 0.273177 0.391667 0.026562 0.040741
0 0.280208 0.462963 0.025000 0.053704
