0 0.178906 0.854167 0.354687 0.191667
0 0.492188 0.775000 0.196875 0.112500
0 0.507812 0.494792 0.165625 0.081250
0 0.667188 0.748958 0.159375 0.089583
0 0.712500 0.059375 0.109375 0.118750
0 0.825000 0.142708 0.081250 0.106250
0 0.893750 0.223958 0.056250 0.081250
0 0.939844 0.273958 0.042188 0.068750
0 0.972656 0.302083 0.020313 0.045833
0 0.865625 0.702083 0.068750 0.050000
0 0.921094 0.686458 0.051562 0.043750
0 0.889062 0.559375 0.084375 0.035417
0 0.953125 0.675000 0.028125 0.029167
0 0.952344 0.643750 0.026562 0.029167
0 0.986719 0.666667 0.020313 0.025000
