0 0.658594 0.630208 0.229687 0.060417
0 0.267188 0.387500 0.165625 0.120833
0 0.096875 0.325000 0.187500 0.145833
0 0.404687 0.484375 0.121875 0.077083
0 0.401562 0.693750 0.125000 0.087500
0 0.253906 0.725000 0.173437 0.125000
0 0.087500 0.779167 0.168750 0.141667
0 0.777344 0.407292 0.051562 0.022917
0 0.782031 0.332292 0.051562 0.022917
0 0.725781 0.335417 0.039062 0.029167
0 0.727344 0.430208 0.042188 0.018750
0 0.783594 0.244792 0.057813 0.031250
0 0.508594 0.664583 0.057813 0.045833
0 0.508594 0.620833 0.064062 0.041667
0 0.503906 0.575000 0.073438 0.050000
0 0.505469 0.528125 0.076563 0.043750
0 0.506250 0.475000 0.075000 0.062500
0 0.506250 0.426042 0.084375 0.068750
0 0.439063 0.380208 0.200000 0.064583
0 0.450000 0.336458 0.184375 0.068750
0 0.424219 0.286458 0.239063 0.068750
0 0.507031 0.235417 0.079687 0.079167
0 0.509375 0.186458 0.075000 0.089583
