0 0.470313 0.114352 0.103125 0.050926
0 0.560937 0.123148 0.072917 0.042593
0 0.625781 0.132870 0.058854 0.036111
0 0.261198 0.335185 0.070312 0.025926
0 0.252865 0.320370 0.057813 0.016667
0 0.251563 0.186574 0.087500 0.041667
0 0.311198 0.186111 0.036979 0.014815
0 0.156771 0.468981 0.083333 0.037963
0 0.040365 0.363889 0.035937 0.016667
0 0.042188 0.387963 0.035417 0.014815
0 0.073438 0.248611 0.037500 0.013889
0 0.073958 0.272685 0.038542 0.015741
0 0.075781 0.294907 0.036979 0.013889
0 0.037760 0.295833 0.036979 0.015741
0 0.035937 0.271759 0.036458 0.013889
0 0.034635 0.247222 0.036979 0.014815
0 0.032031 0.170370 0.039062 0.012963
0 0.034115 0.195370 0.039062 0.012963
0 0.022917 0.092130 0.037500 0.015741
0 0.070833 0.095833 0.034375 0.015741
0 0.151562 0.265741 0.061458 0.018519
0 0.154948 0.283796 0.054688 0.017593
0 0.155990 0.300926 0.056771 0.016667
0 0.154948 0.320370 0.058854 0.022222
0 0.155208 0.338889 0.059375 0.014815
