0 0.275781 0.603125 0.145313 0.056250
0 0.591406 0.295833 0.045312 0.012500
0 0.639844 0.294792 0.045312 0.014583
0 0.592187 0.320833 0.043750 0.012500
0 0.639844 0.318750 0.048438 0.012500
0 0.675000 0.319792 0.018750 0.010417
0 0.636719 0.372917 0.048438 0.012500
0 0.675000 0.373958 0.028125 0.010417
0 0.589844 0.395833 0.045312 0.012500
0 0.637500 0.395833 0.046875 0.016667
0 0.680469 0.398958 0.035937 0.014583
0 0.589844 0.420833 0.048438 0.012500
0 0.636719 0.421875 0.048438 0.014583
0 0.680469 0.422917 0.035937 0.012500
0 0.635938 0.223958 0.046875 0.010417
0 0.588281 0.221875 0.045312 0.010417
0 0.755469 0.366667 0.107813 0.037500
0 0.754687 0.396875 0.109375 0.022917
0 0.754687 0.427083 0.109375 0.037500
0 0.757031 0.455208 0.104688 0.018750
0 0.757031 0.479167 0.104688 0.029167
