0 0.229948 0.301389 0.120313 0.121296
0 0.321615 0.337037 0.063021 0.075926
0 0.230469 0.149537 0.113021 0.128704
0 0.090365 0.068981 0.175521 0.130556
0 0.364063 0.048148 0.052083 0.092593
0 0.405208 0.112963 0.032292 0.081481
0 0.432552 0.154167 0.024479 0.065741
0 0.367448 0.361574 0.041146 0.056481
0 0.403125 0.376852 0.032292 0.057407
0 0.433073 0.385648 0.031771 0.043519
0 0.250781 0.571296 0.192188 0.077778
0 0.366927 0.593981 0.057813 0.050926
0 0.367969 0.683796 0.064062 0.087963
0 0.465885 0.432870 0.033854 0.036111
0 0.454688 0.240741 0.022917 0.048148
0 0.474479 0.265741 0.015625 0.035185
0 0.492448 0.170370 0.017188 0.055556
0 0.469531 0.084722 0.021354 0.084259
0 0.971875 0.200000 0.054167 0.101852
0 0.900781 0.248148 0.088021 0.112963
0 0.833854 0.297222 0.055208 0.081481
0 0.790885 0.324537 0.038021 0.062037
0 0.763021 0.351852 0.030208 0.064815
0 0.732292 0.364352 0.034375 0.045370
0 0.699479 0.383796 0.023958 0.034259
0 0.730469 0.573611 0.045312 0.047222
0 0.787760 0.637500 0.074479 0.080556
0 0.855729 0.704630 0.121875 0.107407
0 0.511198 0.568519 0.015104 0.029630
0 0.512240 0.440741 0.040104 0.020370
0 0.308333 0.824537 0.061458 0.117593
