0 0.915104 0.120370 0.166667 0.124074
0 0.815625 0.180093 0.058333 0.095370
0 0.763281 0.231481 0.040104 0.087037
0 0.724479 0.266667 0.030208 0.075926
0 0.100260 0.879167 0.119271 0.141667
0 0.200781 0.795370 0.089063 0.107407
0 0.250781 0.721759 0.068229 0.075000
0 0.377865 0.721759 0.149479 0.095370
0 0.089063 0.116204 0.122917 0.125000
0 0.184896 0.178241 0.093750 0.093519
0 0.246615 0.131944 0.059896 0.073148
0 0.299219 0.176389 0.038021 0.069444
0 0.235937 0.225926 0.079167 0.083333
0 0.293750 0.260648 0.053125 0.060185
0 0.326823 0.286574 0.039062 0.036111
0 0.354687 0.309722 0.020833 0.025000
0 0.344010 0.243981 0.047396 0.039815
0 0.329948 0.052778 0.031771 0.070370
0 0.348958 0.091204 0.019792 0.075000
