0 0.822135 0.344907 0.123438 0.054630
0 0.797656 0.400000 0.100521 0.081481
0 0.927604 0.372685 0.142708 0.113889
0 0.750781 0.056944 0.053646 0.104630
0 0.801562 0.015278 0.045833 0.025000
0 0.693750 0.084722 0.045833 0.113889
0 0.686719 0.230556 0.040104 0.057407
0 0.695052 0.358333 0.042188 0.044444
0 0.664062 0.374537 0.023958 0.037963
0 0.642708 0.382870 0.020833 0.028704
0 0.615885 0.389815 0.022396 0.033333
0 0.665104 0.135185 0.023958 0.070370
0 0.640625 0.176389 0.016667 0.084259
0 0.615104 0.208796 0.021875 0.056481
0 0.267708 0.352778 0.125000 0.062963
0 0.085677 0.208333 0.167187 0.183333
0 0.233854 0.804167 0.096875 0.175000
0 0.094271 0.799537 0.184375 0.213889
0 0.118229 0.947222 0.121875 0.100000
0 0.322917 0.641204 0.098958 0.076852
0 0.344531 0.377315 0.033854 0.047222
0 0.365365 0.387500 0.014063 0.041667
0 0.376302 0.393519 0.009896 0.035185
0 0.377604 0.608796 0.017708 0.043519
0 0.301042 0.048611 0.068750 0.093519
0 0.339323 0.114815 0.027604 0.094444
0 0.362500 0.162963 0.017708 0.090741
0 0.385156 0.220370 0.022396 0.053704
0 0.388542 0.402778 0.013542 0.025926
0 0.676562 0.604630 0.091667 0.046296
0 0.678646 0.543519 0.087500 0.042593
0 0.629167 0.517593 0.027083 0.031481
0 0.816146 0.769444 0.146875 0.081481
0 0.951042 0.929630 0.096875 0.129630
0 0.526563 0.396296 0.051042 0.020370
0 0.527604 0.413889 0.054167 0.014815
0 0.526302 0.432870 0.056771 0.023148
0 0.523438 0.450926 0.051042 0.012963
0 0.523958 0.466667 0.050000 0.018519
0 0.525521 0.481944 0.053125 0.012037
0 0.525781 0.496296 0.052604 0.016667
0 0.527083 0.512500 0.055208 0.015741
0 0.528385 0.527315 0.057813 0.013889
0 0.531510 0.542130 0.051562 0.015741
0 0.531510 0.557407 0.051562 0.014815
