0 0.025781 0.496875 0.051562 0.060417
0 0.026562 0.453125 0.053125 0.043750
0 0.089844 0.330208 0.048438 0.035417
0 0.135937 0.383333 0.034375 0.025000
0 0.082031 0.029167 0.045312 0.058333
0 0.127344 0.066667 0.035937 0.058333
0 0.160938 0.113542 0.034375 0.056250
0 0.755469 0.041667 0.089063 0.083333
0 0.685156 0.101042 0.054688 0.060417
0 0.621094 0.143750 0.054688 0.087500
0 0.576562 0.179167 0.031250 0.062500
0 0.546094 0.202083 0.023438 0.045833
0 0.524219 0.223958 0.014063 0.031250
0 0.511719 0.234375 0.014063 0.027083
0 0.293750 0.388542 0.059375 0.018750
0 0.350781 0.389583 0.057813 0.020833
0 0.407813 0.387500 0.053125 0.025000
0 0.100000 0.475000 0.050000 0.045833
0 0.136719 0.456250 0.026562 0.033333
0 0.903125 0.613542 0.193750 0.152083
0 0.609375 0.453125 0.068750 0.039583
