0 0.065625 0.148958 0.131250 0.056250
0 0.051562 0.451042 0.100000 0.064583
0 0.061719 0.646875 0.114062 0.068750
0 0.280469 0.058333 0.192188 0.070833
0 0.267188 0.155208 0.190625 0.068750
0 0.437500 0.184375 0.146875 0.072917
0 0.547656 0.140625 0.135937 0.064583
0 0.563281 0.218750 0.110937 0.058333
0 0.675000 0.253125 0.087500 0.056250
0 0.375000 0.384375 0.250000 0.052083
0 0.242188 0.509375 0.187500 0.068750
0 0.246094 0.622917 0.179688 0.075000
0 0.416406 0.487500 0.157812 0.062500
0 0.417969 0.587500 0.157812 0.075000
0 0.553125 0.477083 0.112500 0.054167
0 0.552344 0.562500 0.110937 0.045833
0 0.671094 0.418750 0.082812 0.037500
0 0.662500 0.529167 0.071875 0.045833
0 0.757812 0.419792 0.090625 0.035417
0 0.775000 0.504167 0.040625 0.041667
0 0.726562 0.515625 0.053125 0.043750
0 0.885156 0.487500 0.098437 0.033333
0 0.885938 0.536458 0.093750 0.039583
0 0.669531 0.038542 0.073438 0.072917
0 0.728125 0.083333 0.050000 0.050000
0 0.772656 0.119792 0.039062 0.043750
0 0.783594 0.216667 0.039062 0.037500
0 0.782813 0.292708 0.043750 0.031250
