0 0.770312 0.670833 0.459375 0.200000
0 0.767188 0.542708 0.465625 0.185417
0 0.509375 0.496875 0.090625 0.047917
0 0.644531 0.448958 0.364063 0.043750
0 0.650781 0.398958 0.367188 0.056250
0 0.650000 0.352083 0.365625 0.037500
0 0.650000 0.307292 0.365625 0.052083
0 0.642969 0.246875 0.392188 0.064583
0 0.617969 0.180208 0.354687 0.068750
0 0.360938 0.487500 0.196875 0.058333
0 0.360156 0.441667 0.201563 0.041667
0 0.360938 0.396875 0.200000 0.047917
0 0.364844 0.348958 0.207813 0.047917
0 0.363281 0.304167 0.210938 0.041667
0 0.352344 0.254167 0.189062 0.058333
0 0.357812 0.218750 0.175000 0.062500
0 0.373437 0.171875 0.221875 0.072917
0 0.421094 0.123958 0.304688 0.068750
0 0.414844 0.094792 0.292187 0.056250
0 0.109375 0.526042 0.106250 0.052083
0 0.107031 0.470833 0.101562 0.058333
0 0.099219 0.414583 0.117188 0.054167
0 0.093750 0.362500 0.106250 0.050000
0 0.093750 0.313542 0.106250 0.047917
0 0.093750 0.259375 0.106250 0.060417
0 0.092969 0.192708 0.123438 0.068750
0 0.094531 0.136458 0.126562 0.043750
0 0.102344 0.078125 0.110937 0.072917
0 0.102344 0.021875 0.110937 0.039583
0 0.033594 0.637500 0.067187 0.062500
0 0.029687 0.555208 0.059375 0.102083
0 0.032031 0.468750 0.054688 0.070833
0 0.032813 0.382292 0.056250 0.102083
0 0.032031 0.284375 0.057813 0.093750
0 0.025000 0.179167 0.043750 0.112500
0 0.024219 0.077083 0.045312 0.091667
