0 0.837500 0.810185 0.155208 0.203704
0 0.947135 0.900926 0.059896 0.085185
0 0.770052 0.148148 0.249479 0.120370
0 0.614583 0.176852 0.085417 0.079630
0 0.553125 0.194444 0.056250 0.062963
0 0.553125 0.099074 0.041667 0.068519
0 0.644271 0.062963 0.144792 0.072222
0 0.516667 0.143519 0.042708 0.062963
0 0.479167 0.158796 0.028125 0.054630
0 0.452865 0.178241 0.020313 0.037963
0 0.429948 0.184259 0.017188 0.029630
0 0.398177 0.437963 0.145313 0.057407
0 0.400260 0.507870 0.151562 0.056481
0 0.026042 0.104630 0.048958 0.053704
0 0.069271 0.123611 0.033333 0.041667
0 0.070052 0.057870 0.029687 0.043519
0 0.035417 0.029630 0.039583 0.051852
0 0.415104 0.008796 0.017708 0.015741
0 0.404948 0.023148 0.015104 0.037037
0 0.389844 0.048148 0.014063 0.031481
0 0.377344 0.067593 0.014063 0.035185
0 0.595833 0.594444 0.035417 0.053704
0 0.550260 0.553704 0.057813 0.066667
0 0.677604 0.668519 0.116667 0.112963
0 0.679427 0.622685 0.102604 0.097222
0 0.685156 0.571759 0.101562 0.078704
