0 0.089063 0.875000 0.156250 0.220833
0 0.069531 0.472917 0.139063 0.129167
0 0.198437 0.718750 0.093750 0.129167
0 0.286719 0.623958 0.076563 0.097917
0 0.978125 0.177083 0.043750 0.045833
0 0.928906 0.056250 0.142187 0.079167
0 0.776563 0.082292 0.065625 0.031250
0 0.775781 0.250000 0.092188 0.033333
0 0.846094 0.259375 0.051562 0.031250
0 0.783594 0.383333 0.064062 0.025000
0 0.674219 0.482292 0.104688 0.031250
0 0.535937 0.251042 0.034375 0.010417
0 0.571094 0.253125 0.032813 0.010417
0 0.537500 0.267708 0.031250 0.010417
0 0.571094 0.268750 0.032813 0.008333
0 0.567187 0.303125 0.034375 0.010417
0 0.599219 0.306250 0.029687 0.008333
0 0.597656 0.322917 0.029687 0.008333
0 0.567187 0.319792 0.031250 0.010417
0 0.535156 0.317708 0.029687 0.010417
0 0.535156 0.335417 0.029687 0.008333
0 0.566406 0.336458 0.026562 0.010417
0 0.535937 0.381250 0.031250 0.012500
0 0.566406 0.382292 0.032813 0.010417
0 0.567187 0.398958 0.031250 0.010417
0 0.534375 0.398958 0.031250 0.010417
0 0.670312 0.379167 0.059375 0.012500
0 0.672656 0.362500 0.054688 0.020833
0 0.672656 0.348958 0.054688 0.006250
0 0.668750 0.336458 0.062500 0.018750
0 0.668750 0.319792 0.062500 0.014583
