0 0.340625 0.937500 0.243750 0.125000
0 0.884375 0.803125 0.181250 0.393750
0 0.810156 0.571875 0.229687 0.085417
0 0.805469 0.918750 0.210938 0.129167
0 0.525781 0.719792 0.039062 0.281250
0 0.181250 0.837500 0.200000 0.062500
0 0.337500 0.908333 0.237500 0.137500
0 0.178125 0.802083 0.203125 0.062500
0 0.175781 0.776042 0.204687 0.072917
0 0.175000 0.740625 0.203125 0.068750
0 0.175781 0.714583 0.201563 0.062500
0 0.170313 0.681250 0.218750 0.066667
0 0.160938 0.646875 0.196875 0.052083
0 0.041406 0.804167 0.079687 0.045833
0 0.040625 0.775000 0.075000 0.045833
0 0.038281 0.717708 0.073438 0.043750
0 0.039062 0.685417 0.078125 0.037500
0 0.034375 0.660417 0.059375 0.041667
0 0.033594 0.631250 0.064062 0.033333
0 0.064062 0.603125 0.125000 0.039583
0 0.064062 0.579167 0.125000 0.037500
0 0.067187 0.550000 0.131250 0.045833
0 0.061719 0.513542 0.123438 0.052083
0 0.041406 0.745833 0.079687 0.045833
0 0.289844 0.757292 0.042188 0.031250
0 0.289844 0.738542 0.045312 0.027083
0 0.292187 0.718750 0.043750 0.029167
0 0.293750 0.702083 0.037500 0.025000
0 0.296094 0.568750 0.023438 0.016667
0 0.292187 0.589583 0.034375 0.025000
0 0.288281 0.605208 0.045312 0.022917
0 0.287500 0.622917 0.053125 0.020833
0 0.285938 0.642708 0.043750 0.022917
0 0.288281 0.661458 0.051562 0.022917
