0 0.444531 0.097917 0.089063 0.029167
0 0.531250 0.097917 0.087500 0.033333
0 0.353906 0.148958 0.095312 0.027083
0 0.444531 0.145833 0.089063 0.025000
0 0.532813 0.147917 0.087500 0.025000
0 0.355469 0.193750 0.092188 0.033333
0 0.446094 0.193750 0.085938 0.025000
0 0.531250 0.193750 0.084375 0.029167
0 0.619531 0.193750 0.079687 0.025000
0 0.355469 0.327083 0.085938 0.025000
0 0.446094 0.323958 0.082812 0.031250
0 0.359375 0.376042 0.084375 0.027083
0 0.443750 0.372917 0.081250 0.025000
0 0.746875 0.051042 0.106250 0.097917
0 0.669531 0.095833 0.042188 0.079167
0 0.728906 0.277083 0.064062 0.054167
0 0.670312 0.287500 0.050000 0.041667
0 0.813281 0.305208 0.120313 0.056250
0 0.790625 0.490625 0.093750 0.068750
0 0.729688 0.465625 0.059375 0.043750
0 0.677344 0.455208 0.051562 0.039583
0 0.626563 0.371875 0.040625 0.039583
0 0.628125 0.434375 0.034375 0.035417
0 0.028906 0.223958 0.057813 0.047917
0 0.958594 0.528125 0.073438 0.072917
0 0.956250 0.457292 0.084375 0.064583
0 0.953906 0.388542 0.076563 0.060417
0 0.955469 0.321875 0.076563 0.068750
0 0.952344 0.246875 0.079687 0.072917
0 0.957031 0.166667 0.079687 0.083333
0 0.957812 0.087500 0.078125 0.062500
0 0.959375 0.029167 0.075000 0.045833
