0 0.132812 0.032292 0.031250 0.056250
0 0.350000 0.093750 0.290625 0.108333
0 0.179688 0.158333 0.053125 0.083333
0 0.132812 0.203125 0.031250 0.052083
0 0.346094 0.262500 0.304688 0.091667
0 0.226562 0.626042 0.215625 0.089583
0 0.105469 0.085417 0.017188 0.045833
0 0.127344 0.167708 0.042188 0.047917
0 0.110156 0.231250 0.017188 0.037500
0 0.092969 0.248958 0.017188 0.031250
0 0.935937 0.534375 0.028125 0.031250
0 0.637500 0.025000 0.053125 0.025000
0 0.644531 0.191667 0.070312 0.020833
0 0.636719 0.223958 0.060937 0.018750
0 0.646094 0.258333 0.045312 0.016667
0 0.699219 0.219792 0.060937 0.022917
0 0.701562 0.254167 0.059375 0.020833
0 0.777344 0.215625 0.064062 0.022917
0 0.770312 0.110417 0.065625 0.025000
0 0.837500 0.107292 0.065625 0.018750
0 0.907031 0.106250 0.067187 0.020833
0 0.915625 0.216667 0.071875 0.025000
0 0.918750 0.261458 0.071875 0.022917
0 0.847656 0.260417 0.070312 0.020833
0 0.773438 0.255208 0.059375 0.022917
0 0.590625 0.193750 0.034375 0.016667
0 0.595313 0.107292 0.137500 0.118750
0 0.692187 0.086458 0.059375 0.018750
0 0.691406 0.011458 0.054688 0.022917
