0 0.397656 0.583333 0.645312 0.170833
0 0.392969 0.838542 0.651563 0.243750
0 0.430469 0.220833 0.248438 0.108333
0 0.437500 0.112500 0.246875 0.116667
0 0.595313 0.181250 0.081250 0.087500
0 0.567969 0.279167 0.110937 0.083333
0 0.671875 0.252083 0.090625 0.058333
0 0.666406 0.175000 0.110937 0.062500
0 0.653906 0.112500 0.135937 0.070833
0 0.854688 0.643750 0.140625 0.045833
0 0.726562 0.638542 0.046875 0.052083
0 0.776563 0.621875 0.040625 0.035417
0 0.724219 0.285417 0.035937 0.050000
0 0.752344 0.319792 0.020313 0.035417
