0 0.580990 0.958796 0.073438 0.082407
0 0.405990 0.891667 0.446354 0.216667
0 0.753125 0.541204 0.066667 0.047222
0 0.753906 0.608796 0.066146 0.060185
0 0.753125 0.475000 0.064583 0.057407
0 0.188281 0.263426 0.263021 0.091667
0 0.205990 0.328241 0.267188 0.032407
0 0.201042 0.366667 0.257292 0.044444
0 0.199740 0.407407 0.259896 0.037037
0 0.138542 0.448148 0.137500 0.044444
0 0.134896 0.493056 0.144792 0.045370
0 0.133854 0.542593 0.142708 0.053704
0 0.133854 0.585648 0.146875 0.062037
0 0.133854 0.631019 0.137500 0.071296
0 0.131250 0.681481 0.142708 0.068519
0 0.134375 0.725926 0.119792 0.079630
0 0.329688 0.463426 0.251042 0.067593
0 0.337240 0.576389 0.221354 0.069444
0 0.333594 0.619907 0.223438 0.071296
0 0.326562 0.675000 0.211458 0.085185
0 0.335156 0.722222 0.221354 0.074074
0 0.326562 0.768056 0.213542 0.075000
