0 0.985156 0.169907 0.029687 0.076852
0 0.951823 0.202315 0.040104 0.093519
0 0.917188 0.232870 0.029167 0.071296
0 0.886979 0.263426 0.032292 0.062037
0 0.886979 0.034259 0.045833 0.061111
0 0.869792 0.079630 0.020833 0.044444
0 0.848698 0.117593 0.022396 0.050000
0 0.863542 0.294907 0.027083 0.039815
0 0.184635 0.133796 0.326562 0.130556
0 0.116406 0.038426 0.226562 0.067593
0 0.309635 0.192130 0.197396 0.099074
0 0.373698 0.231019 0.158854 0.078704
0 0.453385 0.292593 0.108854 0.042593
0 0.515365 0.311574 0.022396 0.026852
0 0.483594 0.217593 0.080729 0.050000
0 0.457292 0.100000 0.138542 0.070370
0 0.435937 0.056019 0.127083 0.071296
0 0.514323 0.138426 0.065104 0.045370
0 0.546354 0.174537 0.030208 0.034259
0 0.553646 0.351389 0.031250 0.032407
0 0.570573 0.365741 0.029687 0.018519
0 0.637240 0.522685 0.077604 0.017593
0 0.640885 0.559259 0.059896 0.022222
0 0.597396 0.380556 0.008333 0.014815
