0 0.674219 0.538542 0.082812 0.027083
0 0.577344 0.533333 0.110937 0.045833
0 0.363281 0.479167 0.117188 0.033333
0 0.430469 0.462500 0.023438 0.020833
0 0.078906 0.444792 0.107813 0.064583
0 0.159375 0.432292 0.065625 0.047917
0 0.163281 0.580208 0.064062 0.064583
0 0.089844 0.628125 0.079687 0.081250
0 0.219531 0.452083 0.054688 0.041667
0 0.224219 0.550000 0.054688 0.058333
0 0.073438 0.228125 0.112500 0.060417
0 0.460938 0.257292 0.031250 0.010417
0 0.460156 0.305208 0.032813 0.010417
0 0.276562 0.520833 0.043750 0.037500
0 0.272656 0.498958 0.039062 0.039583
0 0.275000 0.465625 0.037500 0.031250
0 0.277344 0.442708 0.039062 0.022917
0 0.275000 0.415625 0.040625 0.018750
0 0.274219 0.391667 0.039062 0.016667
0 0.221875 0.369792 0.143750 0.018750
0 0.223438 0.345833 0.146875 0.029167
0 0.224219 0.320833 0.145313 0.020833
0 0.224219 0.295833 0.145313 0.029167
0 0.267969 0.268750 0.057813 0.025000
0 0.225781 0.240625 0.151562 0.022917
