0 0.114323 0.393519 0.223438 0.144444
0 0.270313 0.420370 0.094792 0.068519
0 0.267969 0.891204 0.102604 0.195370
0 0.337500 0.775463 0.043750 0.112037
0 0.821354 0.724537 0.090625 0.126852
0 0.933854 0.805556 0.130208 0.146296
0 0.929688 0.263426 0.136458 0.115741
0 0.820052 0.315741 0.078646 0.090741
0 0.745313 0.349074 0.065625 0.055556
0 0.740625 0.672685 0.063542 0.062037
0 0.701302 0.647222 0.040104 0.068519
0 0.663021 0.618981 0.068750 0.045370
0 0.664583 0.531019 0.065625 0.030556
0 0.640625 0.367593 0.023958 0.029630
0 0.665104 0.412500 0.042708 0.025000
0 0.404427 0.330093 0.029687 0.036111
0 0.367708 0.209722 0.037500 0.063889
0 0.635156 0.215278 0.024479 0.060185
0 0.677344 0.186111 0.066146 0.100000
0 0.538281 0.475000 0.049479 0.022222
0 0.277865 0.052315 0.065104 0.102778
