0 0.923438 0.459375 0.153125 0.052083
0 0.835938 0.442708 0.028125 0.043750
0 0.811719 0.430208 0.023438 0.035417
0 0.071094 0.668750 0.142187 0.158333
0 0.221094 0.597917 0.167187 0.145833
0 0.343750 0.521875 0.084375 0.089583
0 0.407031 0.483333 0.054688 0.058333
0 0.483594 0.414583 0.085938 0.029167
0 0.657813 0.103125 0.056250 0.018750
0 0.714063 0.101042 0.056250 0.018750
0 0.716406 0.129167 0.057813 0.020833
0 0.657813 0.134375 0.053125 0.014583
0 0.767969 0.220833 0.054688 0.016667
0 0.710156 0.221875 0.048438 0.014583
0 0.654687 0.225000 0.053125 0.012500
0 0.768750 0.251042 0.056250 0.014583
0 0.711719 0.252083 0.051562 0.012500
0 0.654687 0.254167 0.053125 0.012500
0 0.704688 0.333333 0.056250 0.016667
0 0.648438 0.334375 0.053125 0.014583
0 0.703125 0.363542 0.053125 0.014583
0 0.649219 0.363542 0.051562 0.014583
0 0.934375 0.256250 0.131250 0.016667
0 0.929688 0.191667 0.140625 0.112500
