0 0.313281 0.802083 0.104688 0.041667
0 0.066406 0.658333 0.104688 0.033333
0 0.065625 0.700000 0.103125 0.033333
0 0.947656 0.378125 0.104688 0.043750
0 0.946875 0.412500 0.106250 0.033333
0 0.944531 0.427083 0.095312 0.020833
0 0.974219 0.457292 0.048438 0.031250
0 0.974219 0.485417 0.045312 0.020833
0 0.977344 0.511458 0.039062 0.018750
0 0.977344 0.534375 0.042188 0.014583
0 0.977344 0.559375 0.039062 0.022917
0 0.974219 0.587500 0.039062 0.025000
0 0.975781 0.618750 0.045312 0.029167
0 0.977344 0.647917 0.039062 0.020833
0 0.977344 0.673958 0.039062 0.018750
0 0.977344 0.697917 0.042188 0.025000
0 0.975000 0.728125 0.043750 0.022917
0 0.974219 0.753125 0.048438 0.022917
0 0.975000 0.781250 0.046875 0.025000
0 0.974219 0.805208 0.042188 0.018750
