0 0.364063 0.072917 0.331250 0.145833
0 0.134375 0.087500 0.150000 0.075000
0 0.360938 0.253125 0.325000 0.118750
0 0.170313 0.659375 0.334375 0.077083
0 0.734375 0.140625 0.087500 0.039583
0 0.835156 0.121875 0.098437 0.043750
0 0.944531 0.105208 0.110937 0.047917
0 0.941406 0.260417 0.117188 0.041667
0 0.942187 0.316667 0.112500 0.033333
0 0.738281 0.275000 0.098437 0.037500
0 0.633594 0.285417 0.070312 0.025000
0 0.725781 0.326042 0.085938 0.031250
0 0.328906 0.372917 0.054688 0.020833
0 0.832031 0.323958 0.098437 0.027083
