0 0.753125 0.588889 0.173958 0.053704
0 0.755208 0.668981 0.179167 0.043519
0 0.957812 0.753241 0.071875 0.099074
0 0.962240 0.316667 0.069271 0.066667
0 0.965625 0.209722 0.065625 0.082407
0 0.902604 0.250000 0.058333 0.064815
0 0.846875 0.279167 0.043750 0.073148
0 0.810156 0.306481 0.033854 0.055556
0 0.778906 0.321296 0.033854 0.044444
0 0.778646 0.087963 0.020833 0.044444
0 0.804948 0.048611 0.033854 0.047222
0 0.759896 0.128241 0.016667 0.058333
0 0.741927 0.149537 0.014063 0.047222
0 0.726302 0.172685 0.015104 0.049074
0 0.708333 0.200000 0.016667 0.040741
0 0.275781 0.207870 0.226562 0.086111
0 0.145052 0.066667 0.278646 0.127778
0 0.349479 0.278241 0.147917 0.043519
0 0.398177 0.200926 0.049479 0.068519
0 0.435417 0.227315 0.023958 0.043519
0 0.425260 0.290741 0.024479 0.050000
0 0.745833 0.014352 0.033333 0.025000
