0 0.478125 0.090625 0.287500 0.152083
0 0.320312 0.058333 0.353125 0.108333
0 0.591406 0.130208 0.201563 0.102083
0 0.705469 0.170833 0.070312 0.075000
0 0.736719 0.210417 0.089063 0.075000
0 0.782031 0.237500 0.054688 0.054167
0 0.810937 0.263542 0.021875 0.031250
0 0.795312 0.122917 0.046875 0.050000
0 0.820312 0.295833 0.081250 0.029167
0 0.696875 0.041667 0.162500 0.075000
0 0.814844 0.172917 0.060937 0.037500
0 0.825781 0.192708 0.060937 0.035417
0 0.925781 0.451042 0.057813 0.006250
0 0.929688 0.478125 0.050000 0.018750
