0 0.315625 0.582292 0.271875 0.110417
0 0.055469 0.492708 0.107813 0.110417
0 0.064844 0.794792 0.126562 0.114583
0 0.314844 0.746875 0.264062 0.127083
0 0.545312 0.543750 0.181250 0.091667
0 0.468750 0.402083 0.331250 0.062500
0 0.687500 0.515625 0.109375 0.064583
0 0.687500 0.620833 0.106250 0.079167
0 0.539844 0.663542 0.173437 0.127083
0 0.779687 0.451042 0.096875 0.039583
0 0.861719 0.438542 0.082812 0.039583
0 0.960938 0.512500 0.068750 0.033333
0 0.960938 0.560417 0.071875 0.045833
0 0.878906 0.532292 0.039062 0.039583
0 0.837500 0.548958 0.050000 0.056250
0 0.782031 0.575000 0.064062 0.062500
0 0.080469 0.041667 0.157812 0.070833
0 0.342187 0.073958 0.281250 0.135417
0 0.562500 0.145833 0.159375 0.137500
0 0.696094 0.204167 0.107813 0.091667
0 0.671875 0.104167 0.146875 0.091667
0 0.792969 0.257292 0.082812 0.072917
0 0.778906 0.038542 0.098437 0.072917
0 0.875000 0.120833 0.031250 0.029167
0 0.843750 0.078125 0.037500 0.081250
0 0.882812 0.308333 0.034375 0.041667
0 0.879687 0.210417 0.025000 0.033333
