0 0.839844 0.351852 0.205729 0.187037
0 0.701302 0.322222 0.081771 0.096296
0 0.698698 0.390278 0.074479 0.086111
0 0.636719 0.362963 0.052604 0.077778
0 0.635938 0.409722 0.048958 0.056481
0 0.601302 0.418056 0.028646 0.050926
0 0.573438 0.425463 0.026042 0.036111
0 0.605990 0.581944 0.055729 0.045370
0 0.750521 0.936574 0.098958 0.126852
0 0.620313 0.751389 0.037500 0.076852
0 0.268229 0.634259 0.126042 0.044444
0 0.062240 0.203241 0.121354 0.117593
0 0.161719 0.263889 0.070312 0.094444
0 0.210938 0.298148 0.048958 0.075926
0 0.245312 0.253704 0.041667 0.051852
0 0.246875 0.317130 0.035417 0.049074
0 0.275521 0.342130 0.036458 0.047222
0 0.301823 0.356019 0.025521 0.032407
0 0.204427 0.022685 0.052604 0.041667
0 0.245833 0.070370 0.048958 0.077778
0 0.276562 0.120370 0.028125 0.062963
0 0.298438 0.163426 0.027083 0.062037
0 0.376563 0.556481 0.051042 0.025926
0 0.425781 0.554630 0.049479 0.022222
0 0.477083 0.555556 0.046875 0.016667
0 0.595052 0.706944 0.022396 0.063889
0 0.071615 0.781019 0.102604 0.125000
0 0.071094 0.910648 0.096354 0.152778
