0 0.891406 0.550000 0.057813 0.054167
0 0.940625 0.592708 0.043750 0.060417
0 0.749219 0.426042 0.139063 0.056250
0 0.746875 0.472917 0.137500 0.058333
0 0.972656 0.221875 0.054688 0.039583
0 0.971875 0.291667 0.056250 0.033333
0 0.921094 0.290625 0.042188 0.031250
0 0.923438 0.233333 0.040625 0.037500
0 0.876563 0.236458 0.037500 0.031250
0 0.839063 0.244792 0.031250 0.018750
0 0.434375 0.085417 0.043750 0.054167
0 0.811719 0.247917 0.023438 0.020833
0 0.917969 0.018750 0.039062 0.037500
0 0.876563 0.047917 0.028125 0.037500
0 0.842969 0.073958 0.035937 0.039583
0 0.777344 0.131250 0.017188 0.020833
0 0.740625 0.254167 0.012500 0.012500
