0 0.710156 0.665625 0.145313 0.052083
0 0.860156 0.684375 0.167187 0.056250
0 0.971094 0.698958 0.057813 0.047917
0 0.096875 0.290625 0.193750 0.102083
0 0.107813 0.079167 0.215625 0.158333
0 0.300000 0.062500 0.168750 0.125000
0 0.297656 0.179167 0.170313 0.125000
0 0.432031 0.245833 0.114062 0.104167
0 0.282031 0.347917 0.189062 0.095833
0 0.428125 0.471875 0.121875 0.056250
0 0.424219 0.569792 0.123438 0.056250
0 0.421094 0.668750 0.123438 0.062500
0 0.536719 0.416667 0.085938 0.054167
0 0.606250 0.618750 0.065625 0.041667
0 0.605469 0.654167 0.067187 0.033333
0 0.735938 0.158333 0.046875 0.062500
0 0.769531 0.192708 0.026562 0.031250
0 0.617969 0.331250 0.067187 0.066667
0 0.543750 0.302083 0.081250 0.062500
0 0.541406 0.262500 0.082812 0.050000
0 0.548438 0.228125 0.081250 0.056250
0 0.548438 0.185417 0.090625 0.075000
0 0.550000 0.152083 0.090625 0.070833
0 0.557031 0.105208 0.085938 0.072917
0 0.557031 0.067708 0.082812 0.081250
0 0.688281 0.115625 0.048438 0.060417
0 0.689063 0.085417 0.050000 0.058333
0 0.689063 0.058333 0.053125 0.054167
0 0.690625 0.031250 0.043750 0.058333
0 0.628906 0.056250 0.060937 0.070833
0 0.634375 0.030208 0.059375 0.060417
0 0.640625 0.017708 0.034375 0.022917
