0 0.836979 0.789352 0.256250 0.128704
0 0.837760 0.744444 0.245312 0.109259
0 0.838281 0.700000 0.255729 0.105556
0 0.836979 0.654630 0.254167 0.109259
0 0.833073 0.600926 0.254688 0.087037
0 0.837240 0.561111 0.260937 0.077778
0 0.839063 0.511574 0.262500 0.056481
0 0.840365 0.476389 0.259896 0.062037
0 0.840625 0.426852 0.261458 0.057407
0 0.839063 0.370833 0.266667 0.058333
0 0.845052 0.322685 0.272396 0.067593
0 0.844271 0.268981 0.270833 0.073148
0 0.851042 0.229167 0.267708 0.087963
0 0.851042 0.168981 0.267708 0.084259
0 0.855208 0.127315 0.265625 0.115741
0 0.854688 0.057407 0.269792 0.087037
0 0.985677 0.694444 0.028646 0.029630
0 0.983854 0.661111 0.032292 0.037037
0 0.982812 0.631019 0.025000 0.045370
0 0.985156 0.592130 0.029687 0.032407
0 0.983854 0.557870 0.032292 0.036111
0 0.982031 0.524537 0.028646 0.030556
0 0.983854 0.493056 0.025000 0.032407
0 0.985156 0.460185 0.027604 0.033333
0 0.987500 0.424074 0.022917 0.038889
0 0.987500 0.385185 0.022917 0.038889
0 0.687240 0.298148 0.045312 0.044444
0 0.685156 0.335648 0.041146 0.030556
0 0.687500 0.372222 0.036458 0.042593
0 0.686198 0.409722 0.033854 0.032407
0 0.683073 0.448148 0.040104 0.044444
0 0.682292 0.492130 0.038542 0.043519
0 0.681771 0.530093 0.039583 0.032407
0 0.679948 0.566667 0.035937 0.040741
0 0.678125 0.603241 0.039583 0.032407
0 0.684115 0.642130 0.051562 0.045370
0 0.681510 0.678241 0.056771 0.026852
0 0.675781 0.723148 0.045312 0.062963
