0 0.678125 0.544792 0.053125 0.039583
0 0.605469 0.532292 0.085938 0.052083
0 0.636719 0.146875 0.126562 0.027083
0 0.614062 0.204167 0.084375 0.037500
0 0.705469 0.198958 0.101562 0.043750
0 0.819531 0.133333 0.123438 0.037500
0 0.815625 0.194792 0.100000 0.035417
0 0.528906 0.171875 0.076563 0.043750
0 0.528125 0.217708 0.081250 0.043750
0 0.454688 0.231250 0.065625 0.045833
0 0.395313 0.244792 0.046875 0.035417
0 0.404687 0.195833 0.050000 0.033333
0 0.403125 0.159375 0.053125 0.035417
0 0.467969 0.145833 0.089063 0.033333
0 0.457813 0.189583 0.065625 0.033333
0 0.462500 0.075000 0.056250 0.050000
0 0.406250 0.101042 0.046875 0.039583
0 0.354687 0.125000 0.043750 0.033333
0 0.319531 0.144792 0.026562 0.035417
0 0.289844 0.161458 0.026562 0.035417
0 0.519531 0.056250 0.070312 0.045833
0 0.523438 0.015625 0.062500 0.022917
0 0.370312 0.015625 0.040625 0.027083
0 0.617188 0.032292 0.081250 0.043750
0 0.117969 0.095833 0.229687 0.170833
