0 0.766406 0.581944 0.158854 0.047222
0 0.771615 0.646296 0.168229 0.053704
0 0.958854 0.727778 0.078125 0.087037
0 0.961719 0.325926 0.070312 0.059259
0 0.962500 0.229630 0.066667 0.088889
0 0.900781 0.257870 0.051562 0.069444
0 0.856510 0.287963 0.039062 0.059259
0 0.821875 0.310185 0.025000 0.050000
0 0.792188 0.326852 0.018750 0.042593
0 0.751302 0.333333 0.017188 0.042593
0 0.735156 0.341667 0.013021 0.040741
0 0.774740 0.130556 0.019271 0.042593
0 0.798698 0.111111 0.021354 0.040741
0 0.831250 0.058333 0.043750 0.055556
0 0.183333 0.107870 0.325000 0.149074
0 0.332552 0.226389 0.190104 0.087963
0 0.404167 0.287963 0.127083 0.035185
