0 0.723437 0.112500 0.112500 0.062500
0 0.654687 0.137500 0.021875 0.037500
0 0.710938 0.055208 0.090625 0.047917
0 0.619531 0.177083 0.026562 0.033333
0 0.656250 0.086458 0.028125 0.043750
0 0.214844 0.115625 0.032813 0.039583
0 0.246875 0.143750 0.031250 0.045833
0 0.291406 0.202083 0.020313 0.025000
0 0.305469 0.215625 0.020313 0.018750
0 0.276562 0.441667 0.090625 0.020833
0 0.364063 0.428125 0.109375 0.027083
0 0.350000 0.383333 0.134375 0.025000
0 0.512500 0.390625 0.037500 0.010417
0 0.471875 0.396875 0.034375 0.010417
0 0.471094 0.347917 0.035937 0.008333
