0 0.823438 0.194792 0.046875 0.035417
0 0.990625 0.150000 0.018750 0.037500
0 0.784375 0.205208 0.031250 0.027083
0 0.754687 0.214583 0.025000 0.025000
0 0.728125 0.218750 0.025000 0.025000
0 0.706250 0.226042 0.018750 0.022917
0 0.689844 0.233333 0.014063 0.016667
0 0.677344 0.240625 0.010937 0.014583
0 0.735938 0.098958 0.021875 0.035417
0 0.714063 0.117708 0.018750 0.027083
0 0.682813 0.147917 0.009375 0.016667
0 0.671875 0.156250 0.009375 0.016667
0 0.661719 0.167708 0.010937 0.014583
0 0.321875 0.036458 0.043750 0.072917
0 0.360938 0.076042 0.031250 0.064583
0 0.383594 0.108333 0.017188 0.050000
0 0.403906 0.135417 0.023438 0.045833
0 0.429688 0.135417 0.012500 0.025000
