0 0.391927 0.412963 0.120313 0.029630
0 0.391927 0.466204 0.109896 0.045370
0 0.872917 0.864352 0.084375 0.141667
0 0.965365 0.975463 0.064062 0.045370
0 0.603646 0.180556 0.136458 0.048148
0 0.539844 0.123611 0.076563 0.047222
0 0.495052 0.148611 0.021354 0.043519
0 0.492448 0.218981 0.020313 0.041667
0 0.523958 0.206944 0.046875 0.047222
0 0.474219 0.165278 0.020313 0.047222
0 0.453646 0.179167 0.012500 0.037963
0 0.041146 0.108796 0.070833 0.058333
0 0.104167 0.161574 0.046875 0.028704
0 0.097656 0.100000 0.059896 0.046296
0 0.136198 0.113426 0.023438 0.023148
0 0.134896 0.159722 0.018750 0.028704
0 0.489323 0.493981 0.028646 0.037963
0 0.514844 0.518056 0.024479 0.032407
0 0.558594 0.488426 0.045312 0.049074
0 0.554427 0.525000 0.050521 0.059259
0 0.543750 0.550000 0.037500 0.035185
