0 0.206250 0.612500 0.195833 0.063889
0 0.430729 0.348148 0.120833 0.059259
0 0.671354 0.573611 0.117708 0.056481
0 0.400521 0.494907 0.102083 0.237963
0 0.679427 0.340741 0.228646 0.070370
0 0.685417 0.389352 0.237500 0.056481
0 0.683594 0.436111 0.233854 0.037037
0 0.901563 0.617593 0.057292 0.059259
0 0.900000 0.567593 0.055208 0.051852
0 0.899219 0.518519 0.056771 0.035185
0 0.901563 0.481481 0.055208 0.029630
0 0.903646 0.440278 0.059375 0.052778
0 0.901302 0.390278 0.054688 0.063889
0 0.899219 0.347222 0.055729 0.059259
0 0.895573 0.306481 0.042188 0.064815
0 0.895833 0.263426 0.045833 0.078704
0 0.896354 0.218056 0.041667 0.067593
0 0.893750 0.175000 0.048958 0.083333
0 0.894010 0.131481 0.043229 0.079630
0 0.891146 0.090278 0.045833 0.084259
0 0.887500 0.049537 0.045833 0.095370
0 0.803125 0.562500 0.135417 0.028704
0 0.799479 0.534259 0.142708 0.027778
0 0.799740 0.503704 0.143229 0.033333
0 0.798177 0.475000 0.146354 0.024074
0 0.804948 0.451852 0.149479 0.035185
0 0.715365 0.506944 0.032813 0.015741
0 0.715365 0.522685 0.032813 0.015741
0 0.713281 0.494444 0.031771 0.014815
0 0.861979 0.352778 0.027083 0.035185
