0 0.878125 0.569907 0.157292 0.050926
0 0.970833 0.545833 0.048958 0.026852
0 0.028125 0.642130 0.054167 0.065741
0 0.182292 0.203704 0.069792 0.033333
0 0.080469 0.209722 0.069271 0.041667
0 0.022917 0.223148 0.043750 0.035185
0 0.279687 0.612037 0.121875 0.042593
0 0.278906 0.581019 0.119271 0.037963
0 0.279427 0.549537 0.121354 0.041667
0 0.279427 0.521759 0.117188 0.034259
0 0.279167 0.490741 0.117708 0.027778
0 0.281250 0.458333 0.121875 0.037037
0 0.279427 0.431019 0.119271 0.023148
0 0.279948 0.400926 0.121354 0.037037
0 0.279948 0.368519 0.121354 0.027778
0 0.278906 0.336111 0.120313 0.037037
0 0.275781 0.308796 0.119271 0.039815
0 0.275521 0.280093 0.119792 0.039815
0 0.277083 0.245370 0.116667 0.046296
0 0.276302 0.215278 0.119271 0.052778
0 0.274740 0.188426 0.120313 0.049074
0 0.149479 0.593519 0.101042 0.037037
0 0.149740 0.564815 0.103646 0.020370
0 0.152083 0.543056 0.098958 0.023148
0 0.154948 0.513889 0.096354 0.029630
0 0.156250 0.494907 0.092708 0.021296
0 0.157031 0.473611 0.091146 0.023148
0 0.155990 0.448148 0.090104 0.020370
0 0.141927 0.430093 0.122396 0.032407
0 0.120313 0.405556 0.159375 0.033333
0 0.123438 0.356944 0.146875 0.076852
0 0.078906 0.602315 0.044271 0.034259
0 0.052865 0.576389 0.096354 0.021296
0 0.051302 0.548148 0.093229 0.035185
0 0.051042 0.521296 0.102083 0.024074
0 0.050521 0.495833 0.101042 0.026852
0 0.280990 0.127778 0.140104 0.081481
0 0.274740 0.145833 0.125521 0.060185
