0 0.858073 0.573148 0.149479 0.048148
0 0.958854 0.540741 0.063542 0.037037
0 0.956771 0.577778 0.050000 0.027778
0 0.035677 0.651852 0.065104 0.061111
0 0.181510 0.209722 0.080729 0.023148
0 0.082031 0.219907 0.074479 0.041667
0 0.021615 0.230556 0.042188 0.042593
0 0.125260 0.351852 0.160938 0.038889
0 0.119010 0.375000 0.164062 0.037037
0 0.125260 0.402778 0.160938 0.042593
0 0.145052 0.428704 0.118229 0.029630
0 0.154948 0.450000 0.090104 0.024074
0 0.164062 0.472685 0.085417 0.032407
0 0.162760 0.495833 0.088021 0.013889
0 0.161198 0.516667 0.091146 0.020370
0 0.159375 0.542130 0.094792 0.030556
0 0.159896 0.567593 0.095833 0.020370
0 0.158854 0.589815 0.084375 0.024074
0 0.086979 0.604167 0.034375 0.028704
0 0.055729 0.580556 0.101042 0.018519
0 0.057552 0.553241 0.104688 0.036111
0 0.055729 0.525000 0.108333 0.020370
0 0.051302 0.501852 0.101562 0.025926
0 0.058594 0.472685 0.111979 0.032407
