0 0.392969 0.728241 0.352604 0.160185
0 0.088542 0.414815 0.077083 0.085185
0 0.095052 0.501389 0.068229 0.121296
0 0.501302 0.142593 0.082812 0.070370
0 0.434635 0.198148 0.130729 0.074074
0 0.610417 0.078241 0.097917 0.078704
0 0.713542 0.027778 0.083333 0.053704
0 0.705469 0.517593 0.043229 0.038889
0 0.666667 0.523148 0.036458 0.029630
0 0.662760 0.284259 0.033854 0.059259
0 0.689323 0.278241 0.040104 0.039815
0 0.912500 0.696296 0.166667 0.079630
0 0.910937 0.622222 0.161458 0.068519
0 0.907031 0.546759 0.169271 0.082407
0 0.910417 0.486111 0.165625 0.077778
0 0.907813 0.409722 0.170833 0.075000
0 0.909115 0.340278 0.173437 0.087963
0 0.776042 0.609259 0.104167 0.046296
0 0.775000 0.567130 0.087500 0.037963
0 0.770312 0.533796 0.096875 0.028704
0 0.770312 0.493981 0.096875 0.050926
0 0.773698 0.451852 0.094271 0.033333
0 0.773698 0.414352 0.090104 0.050926
0 0.765365 0.369907 0.101562 0.037963
0 0.769010 0.328241 0.099479 0.054630
0 0.766667 0.288426 0.089583 0.050926
0 0.764323 0.250463 0.103646 0.050926
0 0.763281 0.200000 0.092188 0.059259
0 0.752604 0.168981 0.098958 0.071296
0 0.902344 0.265278 0.163021 0.097222
0 0.902344 0.208796 0.181771 0.117593
0 0.902344 0.131019 0.172396 0.121296
0 0.902344 0.068056 0.163021 0.113889
0 0.604948 0.592593 0.082812 0.046296
0 0.602344 0.546759 0.101562 0.037963
0 0.597656 0.517130 0.101562 0.028704
0 0.600000 0.491667 0.106250 0.029630
0 0.604688 0.462500 0.096875 0.028704
0 0.602344 0.431019 0.092188 0.034259
0 0.601302 0.397222 0.094271 0.033333
0 0.601302 0.363889 0.090104 0.033333
0 0.597656 0.336574 0.082812 0.045370
0 0.600260 0.299074 0.077604 0.046296
0 0.565885 0.248611 0.160938 0.054630
0 0.459635 0.368056 0.165104 0.041667
0 0.457292 0.418519 0.169792 0.059259
0 0.457292 0.462500 0.169792 0.028704
0 0.463281 0.495833 0.163021 0.037963
0 0.466667 0.531481 0.169792 0.033333
0 0.484375 0.567130 0.134375 0.037963
0 0.759635 0.086111 0.108854 0.085185
