0 0.543359 0.800000 0.282031 0.236111
0 0.594141 0.424306 0.349219 0.118056
0 0.789844 0.404861 0.046875 0.054167
0 0.788281 0.608333 0.051562 0.122222
0 0.723828 0.663889 0.091406 0.163889
0 0.336719 0.939583 0.185938 0.115278
0 0.104297 0.084028 0.178906 0.131944
0 0.717578 0.131250 0.186719 0.118056
0 0.790625 0.168750 0.098437 0.081944
0 0.841797 0.211111 0.032031 0.058333
0 0.866406 0.252083 0.020313 0.056944
0 0.842578 0.515972 0.024219 0.062500
0 0.814844 0.554167 0.037500 0.077778
0 0.842578 0.404167 0.058594 0.036111
0 0.857812 0.497222 0.028125 0.041667
0 0.961328 0.065278 0.016406 0.050000
