0 0.637109 0.706875 0.149219 0.073750
0 0.774609 0.772500 0.161719 0.075000
0 0.251172 0.766250 0.105469 0.100000
0 0.110937 0.825625 0.220312 0.146250
0 0.337891 0.649375 0.060156 0.038750
0 0.289453 0.649375 0.038281 0.036250
0 0.379297 0.645000 0.024219 0.040000
0 0.428906 0.667500 0.075000 0.037500
0 0.546094 0.631875 0.117188 0.041250
0 0.525781 0.350625 0.045312 0.028750
0 0.489063 0.349375 0.040625 0.033750
0 0.447656 0.346250 0.042188 0.040000
0 0.397656 0.343750 0.045312 0.047500
0 0.357812 0.341875 0.034375 0.036250
0 0.314453 0.333125 0.041406 0.051250
0 0.270703 0.327500 0.041406 0.032500
0 0.227344 0.333125 0.042188 0.041250
0 0.319531 0.202500 0.043750 0.052500
0 0.360547 0.199375 0.044531 0.036250
0 0.404687 0.203750 0.039062 0.045000
0 0.448437 0.213750 0.035937 0.042500
0 0.486719 0.218750 0.034375 0.032500
0 0.531250 0.220625 0.045312 0.028750
0 0.576172 0.225625 0.039844 0.041250
0 0.613672 0.228750 0.035156 0.032500
0 0.657813 0.245000 0.034375 0.052500
0 0.778906 0.258125 0.057813 0.036250
0 0.896484 0.276250 0.064844 0.047500
0 0.857422 0.466250 0.046094 0.032500
0 0.905859 0.469375 0.050781 0.028750
0 0.786328 0.455000 0.035156 0.027500
0 0.776953 0.386250 0.036719 0.027500
0 0.745313 0.381250 0.039062 0.025000
0 0.703906 0.375625 0.043750 0.026250
0 0.653516 0.373750 0.046094 0.022500
0 0.612891 0.363750 0.041406 0.025000
0 0.571094 0.361875 0.032813 0.021250
0 0.482812 0.425625 0.039062 0.021250
0 0.352344 0.410000 0.042188 0.017500
