0 0.709375 0.691667 0.128125 0.080556
0 0.946094 0.585417 0.051562 0.020833
0 0.432812 0.626389 0.057813 0.027778
0 0.482812 0.611111 0.042188 0.022222
0 0.763672 0.625694 0.028906 0.048611
0 0.807813 0.625000 0.065625 0.033333
0 0.875391 0.635417 0.066406 0.026389
0 0.712891 0.241667 0.025781 0.011111
0 0.656641 0.246528 0.027344 0.012500
0 0.512500 0.306250 0.029687 0.015278
0 0.457422 0.315972 0.022656 0.012500
0 0.389062 0.329167 0.018750 0.011111
0 0.100781 0.336111 0.025000 0.008333
0 0.100391 0.343056 0.024219 0.008333
0 0.100391 0.350000 0.024219 0.008333
0 0.100391 0.356944 0.022656 0.008333
0 0.083984 0.358333 0.025781 0.011111
0 0.137109 0.415972 0.014844 0.006944
0 0.137109 0.422917 0.013281 0.006944
