0 0.680078 0.622917 0.147656 0.045833
0 0.682031 0.467361 0.160938 0.043056
0 0.678125 0.304861 0.157812 0.056944
0 0.507422 0.302083 0.169531 0.043056
0 0.510547 0.461806 0.171094 0.043056
0 0.518750 0.627778 0.142187 0.044444
0 0.310547 0.649306 0.164844 0.045833
0 0.135937 0.617361 0.157812 0.054167
0 0.030859 0.600000 0.055469 0.047222
0 0.067969 0.319444 0.096875 0.050000
0 0.179688 0.304167 0.106250 0.038889
0 0.247266 0.094444 0.091406 0.041667
0 0.353516 0.077083 0.127344 0.043056
0 0.485547 0.069444 0.135156 0.050000
0 0.601953 0.085417 0.107031 0.051389
0 0.711328 0.106250 0.111719 0.054167
0 0.076563 0.136111 0.062500 0.041667
0 0.023438 0.176389 0.043750 0.044444
0 0.031250 0.093056 0.037500 0.044444
0 0.046484 0.025000 0.036719 0.038889
0 0.087891 0.019444 0.061719 0.036111
0 0.256641 0.009722 0.091406 0.019444
