0 0.461328 0.635000 0.096094 0.037500
0 0.280078 0.729375 0.160156 0.108750
0 0.133984 0.739375 0.166406 0.078750
0 0.415625 0.275625 0.040625 0.016250
0 0.415234 0.263750 0.039844 0.017500
0 0.416016 0.253125 0.039844 0.018750
0 0.416016 0.240625 0.039844 0.018750
0 0.415625 0.227500 0.039062 0.017500
0 0.416016 0.215000 0.038281 0.017500
0 0.416016 0.203750 0.047656 0.020000
0 0.416016 0.191875 0.046094 0.018750
0 0.416797 0.181250 0.044531 0.020000
0 0.417578 0.168125 0.044531 0.021250
0 0.417578 0.155625 0.044531 0.021250
0 0.417969 0.141250 0.045312 0.020000
0 0.419531 0.131250 0.045312 0.017500
0 0.420703 0.120000 0.044531 0.022500
0 0.421094 0.107500 0.043750 0.017500
0 0.421875 0.094375 0.042188 0.018750
0 0.423438 0.083750 0.043750 0.020000
0 0.423828 0.068750 0.044531 0.017500
0 0.423828 0.059375 0.044531 0.016250
0 0.424219 0.045625 0.043750 0.018750
0 0.464062 0.195000 0.043750 0.015000
0 0.462891 0.183750 0.042969 0.015000
0 0.463672 0.173750 0.044531 0.017500
0 0.464062 0.160625 0.043750 0.018750
0 0.465234 0.148125 0.042969 0.018750
0 0.466016 0.136875 0.042969 0.018750
0 0.466406 0.123125 0.043750 0.018750
0 0.467578 0.112500 0.042969 0.020000
0 0.467578 0.100625 0.041406 0.021250
0 0.468359 0.088125 0.042969 0.018750
0 0.467969 0.076875 0.042188 0.018750
0 0.469141 0.064375 0.042969 0.018750
0 0.469922 0.051250 0.042969 0.017500
0 0.521484 0.201250 0.046094 0.017500
0 0.521875 0.190625 0.046875 0.018750
0 0.521484 0.177500 0.046094 0.020000
0 0.522656 0.163750 0.045312 0.020000
0 0.523438 0.150625 0.043750 0.018750
0 0.523438 0.140625 0.042188 0.016250
0 0.524609 0.128125 0.041406 0.016250
0 0.524609 0.118125 0.041406 0.018750
0 0.524609 0.104375 0.041406 0.018750
0 0.525000 0.092500 0.042188 0.017500
0 0.524219 0.078750 0.043750 0.020000
0 0.525391 0.066875 0.042969 0.018750
0 0.525000 0.053125 0.040625 0.016250
0 0.573828 0.218125 0.044531 0.018750
0 0.573828 0.203750 0.044531 0.020000
0 0.573828 0.193750 0.044531 0.020000
0 0.575000 0.181250 0.043750 0.020000
0 0.575391 0.170000 0.042969 0.020000
0 0.575391 0.159375 0.044531 0.018750
0 0.576172 0.145625 0.042969 0.016250
0 0.576953 0.136250 0.042969 0.020000
0 0.576953 0.117500 0.042969 0.032500
0 0.577734 0.099375 0.042969 0.021250
0 0.578516 0.086875 0.041406 0.016250
0 0.579297 0.074375 0.042969 0.018750
0 0.580078 0.061875 0.042969 0.021250
0 0.613672 0.279375 0.038281 0.016250
0 0.613672 0.268750 0.036719 0.017500
0 0.613672 0.256875 0.038281 0.016250
0 0.614062 0.245000 0.037500 0.017500
0 0.614453 0.234375 0.036719 0.018750
0 0.617578 0.221875 0.042969 0.016250
0 0.617578 0.208750 0.042969 0.017500
0 0.616797 0.197500 0.042969 0.017500
0 0.617578 0.186875 0.042969 0.016250
0 0.675391 0.213750 0.044531 0.017500
0 0.675781 0.201250 0.042188 0.017500
0 0.676172 0.189375 0.042969 0.016250
0 0.676953 0.178125 0.042969 0.013750
0 0.617969 0.174375 0.042188 0.016250
0 0.618359 0.161250 0.041406 0.017500
0 0.618359 0.148750 0.042969 0.015000
0 0.619531 0.136875 0.042188 0.016250
0 0.619922 0.124375 0.042969 0.016250
0 0.676562 0.168125 0.042188 0.016250
0 0.676953 0.155000 0.041406 0.017500
0 0.678516 0.142500 0.042969 0.017500
0 0.678516 0.130625 0.042969 0.018750
0 0.678906 0.120000 0.043750 0.017500
0 0.679688 0.106875 0.043750 0.018750
0 0.679688 0.095000 0.043750 0.017500
0 0.679688 0.083125 0.043750 0.016250
0 0.682031 0.069375 0.043750 0.016250
0 0.723437 0.298750 0.045312 0.020000
0 0.723437 0.288750 0.042188 0.015000
0 0.723828 0.277500 0.042969 0.017500
0 0.723828 0.264375 0.041406 0.016250
0 0.725000 0.253750 0.043750 0.017500
0 0.725391 0.240000 0.044531 0.017500
0 0.727344 0.229375 0.043750 0.018750
0 0.726953 0.219375 0.044531 0.018750
0 0.726953 0.206875 0.044531 0.016250
0 0.728125 0.195000 0.043750 0.017500
0 0.729297 0.183125 0.044531 0.018750
0 0.728516 0.170625 0.044531 0.016250
0 0.729297 0.158125 0.044531 0.018750
0 0.729688 0.146250 0.043750 0.015000
0 0.730859 0.136250 0.042969 0.017500
0 0.731250 0.123750 0.043750 0.020000
0 0.732031 0.113125 0.043750 0.016250
0 0.732031 0.100625 0.042188 0.018750
0 0.732422 0.088750 0.042969 0.017500
0 0.732812 0.076250 0.042188 0.020000
0 0.770703 0.306250 0.042969 0.017500
0 0.771484 0.295000 0.041406 0.017500
0 0.770703 0.283125 0.041406 0.016250
0 0.771875 0.271250 0.043750 0.020000
0 0.772656 0.260625 0.042188 0.018750
0 0.773438 0.248125 0.042188 0.021250
0 0.775000 0.235625 0.042188 0.018750
0 0.775781 0.224375 0.043750 0.018750
0 0.776563 0.212500 0.043750 0.017500
0 0.776953 0.200000 0.042969 0.017500
0 0.777344 0.188750 0.043750 0.020000
0 0.777344 0.177500 0.043750 0.017500
0 0.777344 0.164375 0.043750 0.018750
0 0.777734 0.151250 0.044531 0.017500
0 0.778906 0.140000 0.043750 0.017500
0 0.778906 0.128750 0.043750 0.017500
0 0.778906 0.115625 0.045312 0.016250
0 0.779297 0.103750 0.042969 0.020000
0 0.779687 0.091250 0.042188 0.017500
0 0.779687 0.077500 0.042188 0.020000
0 0.824219 0.288125 0.043750 0.018750
0 0.822266 0.276875 0.042969 0.018750
0 0.823438 0.263750 0.042188 0.017500
0 0.824609 0.252500 0.042969 0.020000
0 0.825391 0.239375 0.042969 0.021250
0 0.825391 0.226875 0.041406 0.018750
0 0.826172 0.215000 0.041406 0.020000
0 0.826953 0.204375 0.039844 0.018750
0 0.827734 0.192500 0.039844 0.017500
0 0.827344 0.179375 0.042188 0.018750
0 0.828906 0.166875 0.040625 0.018750
0 0.830078 0.156250 0.039844 0.020000
0 0.828906 0.143750 0.040625 0.017500
0 0.828906 0.133750 0.040625 0.017500
0 0.828906 0.121875 0.042188 0.021250
0 0.830078 0.109375 0.041406 0.021250
0 0.830859 0.098125 0.042969 0.018750
0 0.828125 0.085000 0.040625 0.017500
0 0.878125 0.293125 0.043750 0.013750
0 0.879687 0.281875 0.043750 0.018750
0 0.879687 0.269375 0.045312 0.018750
0 0.879297 0.257500 0.042969 0.017500
0 0.880078 0.247500 0.042969 0.017500
0 0.880469 0.235000 0.042188 0.017500
0 0.880859 0.223750 0.044531 0.020000
0 0.881641 0.211250 0.042969 0.020000
0 0.882422 0.198750 0.042969 0.022500
0 0.882422 0.185625 0.044531 0.021250
0 0.883594 0.175625 0.042188 0.021250
0 0.884375 0.162500 0.042188 0.020000
0 0.884766 0.151875 0.039844 0.018750
0 0.885156 0.138125 0.040625 0.018750
0 0.929297 0.287500 0.047656 0.017500
0 0.929688 0.275625 0.046875 0.016250
0 0.930078 0.263750 0.046094 0.017500
0 0.930469 0.252500 0.045312 0.017500
0 0.931250 0.240625 0.045312 0.018750
0 0.931250 0.230000 0.045312 0.020000
0 0.931641 0.217500 0.046094 0.020000
0 0.932813 0.206250 0.045312 0.020000
0 0.932422 0.191875 0.044531 0.018750
0 0.932813 0.181250 0.046875 0.017500
0 0.932422 0.168125 0.046094 0.016250
0 0.933594 0.156875 0.046875 0.016250
0 0.933984 0.143125 0.046094 0.016250
0 0.934766 0.131875 0.044531 0.016250
0 0.934766 0.120625 0.046094 0.016250
0 0.934375 0.108125 0.045312 0.018750
0 0.980469 0.294375 0.037500 0.018750
0 0.980469 0.281875 0.039062 0.016250
0 0.980859 0.269375 0.038281 0.018750
0 0.981250 0.258750 0.037500 0.017500
0 0.981250 0.245000 0.037500 0.017500
0 0.981641 0.233750 0.036719 0.015000
0 0.981641 0.221250 0.036719 0.017500
0 0.982031 0.209375 0.035937 0.016250
0 0.982422 0.197500 0.035156 0.017500
0 0.982422 0.185000 0.035156 0.017500
0 0.983203 0.173125 0.033594 0.016250
0 0.983203 0.160625 0.033594 0.016250
0 0.983594 0.148125 0.032813 0.018750
0 0.983984 0.136250 0.032031 0.015000
0 0.983984 0.123750 0.032031 0.015000
0 0.983984 0.111875 0.030469 0.013750
