0 0.757031 0.643056 0.109375 0.055556
0 0.847266 0.662500 0.107031 0.058333
0 0.689453 0.600000 0.057031 0.022222
0 0.608203 0.629861 0.064844 0.037500
0 0.537891 0.628472 0.044531 0.037500
0 0.494531 0.622222 0.037500 0.025000
0 0.454297 0.694444 0.075781 0.075000
0 0.318359 0.709722 0.214844 0.116667
0 0.210938 0.665972 0.053125 0.059722
0 0.094141 0.613194 0.067969 0.031944
0 0.091797 0.495139 0.061719 0.043056
0 0.154688 0.501389 0.065625 0.036111
0 0.164844 0.409028 0.054688 0.043056
0 0.096484 0.381944 0.071094 0.055556
0 0.068359 0.202083 0.135156 0.112500
0 0.197266 0.292361 0.122656 0.098611
0 0.031250 0.354861 0.059375 0.062500
0 0.027344 0.485417 0.053125 0.043056
0 0.027734 0.609028 0.050781 0.048611
0 0.818359 0.385417 0.022656 0.018056
0 0.842187 0.386111 0.025000 0.016667
0 0.837891 0.288889 0.028906 0.033333
0 0.900781 0.300000 0.028125 0.036111
0 0.757812 0.282639 0.028125 0.037500
0 0.727344 0.281250 0.026562 0.026389
0 0.696484 0.277083 0.032031 0.031944
0 0.669922 0.277083 0.027344 0.031944
0 0.641406 0.279861 0.026562 0.043056
0 0.612109 0.279167 0.028906 0.038889
0 0.578516 0.280556 0.027344 0.041667
0 0.550781 0.280556 0.026562 0.038889
0 0.513672 0.280556 0.027344 0.033333
0 0.517188 0.380556 0.028125 0.016667
0 0.546094 0.380556 0.031250 0.016667
0 0.573828 0.377778 0.027344 0.016667
0 0.612500 0.376389 0.032813 0.019444
0 0.643750 0.379167 0.029687 0.016667
0 0.671094 0.376389 0.032813 0.022222
0 0.706641 0.381250 0.033594 0.015278
0 0.735547 0.378472 0.028906 0.015278
0 0.759766 0.380556 0.022656 0.016667
0 0.794141 0.380556 0.028906 0.016667
0 0.546484 0.438889 0.027344 0.019444
0 0.482422 0.383333 0.032031 0.033333
0 0.458594 0.389583 0.034375 0.037500
0 0.427344 0.382639 0.026562 0.026389
0 0.893750 0.443750 0.025000 0.023611
0 0.844922 0.443750 0.022656 0.018056
