0 0.914062 0.397917 0.148438 0.062500
0 0.776953 0.178472 0.055469 0.023611
0 0.374219 0.640972 0.121875 0.040278
0 0.480859 0.622222 0.024219 0.022222
0 0.482031 0.554861 0.023438 0.018056
0 0.482422 0.485417 0.024219 0.026389
0 0.484375 0.415278 0.023438 0.030556
0 0.417187 0.354167 0.029687 0.036111
0 0.420312 0.292361 0.029687 0.043056
0 0.758203 0.066667 0.067969 0.061111
0 0.916016 0.100000 0.096094 0.063889
0 0.982422 0.134722 0.033594 0.041667
0 0.675391 0.032639 0.049219 0.023611
0 0.572266 0.037500 0.044531 0.022222
0 0.403516 0.227778 0.057031 0.041667
0 0.403906 0.213194 0.057813 0.043056
0 0.406250 0.198611 0.053125 0.044444
0 0.407422 0.167361 0.052344 0.043056
0 0.407422 0.182639 0.053906 0.045833
0 0.418750 0.045833 0.048438 0.050000
0 0.461719 0.063194 0.150000 0.059722
0 0.408594 0.154167 0.053125 0.041667
0 0.412500 0.084028 0.051562 0.045833
0 0.414453 0.056944 0.052344 0.047222
0 0.408984 0.137500 0.052344 0.047222
0 0.411328 0.111111 0.052344 0.044444
0 0.410156 0.125694 0.053125 0.048611
0 0.412500 0.097222 0.053125 0.050000
0 0.598828 0.319444 0.030469 0.011111
0 0.941406 0.688889 0.098437 0.052778
0 0.665234 0.590972 0.041406 0.018056
0 0.428906 0.020139 0.028125 0.037500
0 0.433984 0.009722 0.016406 0.019444
0 0.427344 0.027083 0.028125 0.040278
