0 0.518359 0.255556 0.100781 0.150000
0 0.770312 0.636111 0.065625 0.022222
0 0.842187 0.628472 0.057813 0.026389
0 0.926172 0.629167 0.085156 0.019444
0 0.937109 0.556250 0.069531 0.023611
0 0.937891 0.481250 0.071094 0.020833
0 0.933984 0.402083 0.069531 0.020833
0 0.583594 0.745833 0.059375 0.088889
0 0.521484 0.818056 0.074219 0.152778
0 0.408984 0.927778 0.160156 0.144444
0 0.807031 0.032639 0.051562 0.020833
0 0.751172 0.029861 0.057031 0.018056
0 0.747656 0.016667 0.054688 0.016667
0 0.748437 0.006250 0.053125 0.012500
0 0.805078 0.020139 0.052344 0.020833
0 0.802344 0.009028 0.053125 0.018056
0 0.905859 0.225000 0.050781 0.019444
0 0.904297 0.209722 0.049219 0.019444
0 0.902344 0.192361 0.050000 0.020833
0 0.899609 0.177778 0.052344 0.019444
0 0.897656 0.162500 0.050000 0.016667
0 0.896875 0.148611 0.051562 0.025000
0 0.896484 0.134028 0.053906 0.023611
0 0.894141 0.114583 0.050781 0.020833
0 0.892969 0.100694 0.051562 0.018056
0 0.892188 0.086806 0.051562 0.020833
0 0.889844 0.072917 0.051562 0.020833
0 0.888672 0.054861 0.050781 0.018056
0 0.889062 0.044444 0.051562 0.025000
0 0.887500 0.027778 0.048438 0.022222
0 0.885547 0.015972 0.047656 0.015278
0 0.883594 0.004861 0.045312 0.009722
0 0.915234 0.288889 0.064844 0.022222
0 0.632812 0.041667 0.056250 0.022222
0 0.578516 0.047917 0.046094 0.093056
