0 0.806641 0.722222 0.188281 0.119444
0 0.948047 0.736806 0.100781 0.087500
0 0.696484 0.641667 0.124219 0.038889
0 0.124219 0.674306 0.195312 0.131944
0 0.044141 0.515278 0.080469 0.041667
0 0.046484 0.474306 0.091406 0.040278
0 0.050781 0.440278 0.071875 0.044444
0 0.053125 0.408333 0.084375 0.036111
0 0.053516 0.361111 0.077344 0.063889
0 0.055859 0.336806 0.082031 0.051389
0 0.055078 0.292361 0.088281 0.076389
0 0.057813 0.268750 0.090625 0.065278
0 0.065625 0.227778 0.081250 0.066667
0 0.059766 0.201389 0.078906 0.063889
0 0.076172 0.162500 0.066406 0.072222
0 0.021484 0.117361 0.038281 0.054167
0 0.017188 0.151389 0.021875 0.050000
0 0.361328 0.589583 0.074219 0.015278
