0 0.638542 0.738889 0.123958 0.098148
0 0.538021 0.672222 0.078125 0.059259
0 0.467708 0.639815 0.066667 0.061111
0 0.403646 0.609722 0.064583 0.039815
0 0.635677 0.043056 0.090104 0.086111
0 0.546875 0.079630 0.089583 0.083333
0 0.334375 0.209722 0.023958 0.036111
0 0.471094 0.130556 0.064062 0.070370
0 0.414583 0.164352 0.055208 0.056481
0 0.366146 0.188889 0.043750 0.046296
0 0.291667 0.013889 0.022917 0.027778
0 0.565365 0.219907 0.028646 0.021296
0 0.564583 0.252315 0.027083 0.019444
0 0.564063 0.284722 0.027083 0.015741
