0 0.440234 0.018750 0.032031 0.037500
0 0.483203 0.094444 0.077344 0.113889
0 0.547656 0.184722 0.046875 0.086111
0 0.584766 0.240972 0.028906 0.065278
0 0.959375 0.060417 0.042188 0.109722
0 0.928516 0.156250 0.030469 0.093056
0 0.905469 0.223611 0.023438 0.052778
0 0.852344 0.015972 0.009375 0.031944
0 0.887109 0.263194 0.017969 0.045833
0 0.876172 0.301389 0.014844 0.038889
0 0.982812 0.375000 0.034375 0.072222
0 0.936719 0.418056 0.060937 0.077778
0 0.896484 0.451389 0.021094 0.033333
0 0.879297 0.467361 0.013281 0.026389
0 0.867578 0.477778 0.010156 0.019444
0 0.862891 0.325000 0.011719 0.033333
0 0.975391 0.736111 0.049219 0.072222
0 0.932422 0.696528 0.035156 0.056944
0 0.902344 0.663194 0.026562 0.037500
0 0.876563 0.644444 0.023438 0.033333
0 0.256250 0.839583 0.184375 0.134722
0 0.078516 0.896528 0.155469 0.123611
0 0.407031 0.775000 0.104688 0.094444
0 0.491406 0.729167 0.068750 0.069444
0 0.552344 0.698611 0.053125 0.050000
0 0.590234 0.677083 0.024219 0.034722
0 0.613281 0.659722 0.025000 0.036111
0 0.636719 0.645833 0.025000 0.030556
0 0.656641 0.634722 0.019531 0.022222
0 0.671094 0.627778 0.014063 0.019444
0 0.789062 0.584028 0.034375 0.023611
0 0.791797 0.297222 0.024219 0.011111
0 0.725391 0.300694 0.025781 0.012500
0 0.698438 0.303472 0.021875 0.012500
0 0.610547 0.277778 0.024219 0.047222
0 0.629687 0.312500 0.017188 0.038889
0 0.644141 0.336111 0.013281 0.036111
0 0.832422 0.399306 0.007031 0.015278
0 0.837109 0.382639 0.013281 0.023611
0 0.844531 0.370833 0.007812 0.016667
0 0.851562 0.348611 0.014063 0.030556
0 0.720703 0.510417 0.041406 0.009722
0 0.722266 0.519444 0.039844 0.008333
0 0.721875 0.527778 0.040625 0.011111
0 0.720313 0.537500 0.040625 0.013889
0 0.720313 0.547917 0.042188 0.009722
0 0.719922 0.556250 0.039844 0.009722
0 0.707422 0.565278 0.014844 0.008333
0 0.705469 0.573611 0.009375 0.008333
0 0.705078 0.582639 0.007031 0.009722
0 0.705469 0.590972 0.007812 0.009722
0 0.585938 0.011111 0.010937 0.019444
0 0.601953 0.039583 0.021094 0.068056
0 0.621875 0.100694 0.018750 0.056944
0 0.089453 0.162500 0.172656 0.152778
0 0.271484 0.259028 0.171094 0.143056
0 0.420312 0.351389 0.118750 0.097222
0 0.513672 0.403472 0.067969 0.068056
0 0.567187 0.434028 0.039062 0.043056
0 0.598437 0.452778 0.029687 0.038889
0 0.656641 0.361806 0.013281 0.029167
0 0.666797 0.377778 0.008594 0.019444
0 0.676172 0.393750 0.011719 0.020833
0 0.676172 0.265278 0.008594 0.027778
0 0.638672 0.152778 0.019531 0.052778
0 0.650781 0.188889 0.009375 0.027778
0 0.660937 0.213889 0.012500 0.033333
0 0.669531 0.240278 0.009375 0.025000
0 0.682422 0.233333 0.008594 0.019444
0 0.848828 0.056250 0.011719 0.048611
0 0.844531 0.106250 0.010937 0.045833
0 0.809766 0.047917 0.007031 0.029167
0 0.836328 0.147917 0.010156 0.040278
0 0.720703 0.500694 0.041406 0.009722
0 0.721094 0.493750 0.042188 0.009722
0 0.723828 0.485417 0.039844 0.006944
