0 0.962891 0.228472 0.072656 0.054167
0 0.955859 0.272917 0.075781 0.040278
0 0.952734 0.302083 0.089844 0.043056
0 0.977344 0.108333 0.045312 0.097222
0 0.985547 0.029861 0.028906 0.059722
0 0.533203 0.151389 0.057031 0.080556
0 0.553516 0.217361 0.082031 0.084722
0 0.571094 0.250694 0.112500 0.054167
0 0.603906 0.291667 0.101562 0.044444
0 0.642578 0.328472 0.075781 0.045833
0 0.687891 0.359028 0.013281 0.029167
0 0.475781 0.713889 0.073438 0.061111
0 0.353516 0.735417 0.105469 0.065278
0 0.623437 0.015972 0.043750 0.031944
0 0.569531 0.665278 0.110937 0.050000
0 0.701953 0.372222 0.011719 0.025000
0 0.937500 0.324306 0.076563 0.029167
0 0.895703 0.348611 0.011719 0.027778
0 0.875391 0.105556 0.008594 0.033333
0 0.882422 0.021528 0.011719 0.043056
