0 0.923047 0.700694 0.102344 0.104167
0 0.978125 0.795833 0.042188 0.063889
0 0.292578 0.804861 0.057031 0.123611
0 0.417969 0.679167 0.128125 0.075000
0 0.530078 0.676389 0.141406 0.088889
0 0.600781 0.600000 0.045312 0.025000
0 0.667969 0.605556 0.065625 0.027778
0 0.310156 0.601389 0.039062 0.019444
0 0.276953 0.606944 0.033594 0.027778
0 0.320312 0.057639 0.032813 0.037500
0 0.347266 0.090972 0.025781 0.034722
0 0.368750 0.111806 0.021875 0.031944
0 0.626172 0.314583 0.028906 0.012500
0 0.625781 0.305556 0.029687 0.011111
0 0.625781 0.297222 0.029687 0.011111
0 0.625781 0.287500 0.031250 0.011111
0 0.625391 0.277083 0.032031 0.012500
0 0.625000 0.268750 0.031250 0.012500
0 0.624609 0.258333 0.032031 0.011111
0 0.624609 0.249306 0.032031 0.012500
0 0.623828 0.240278 0.032031 0.011111
0 0.623437 0.229167 0.032813 0.013889
0 0.623047 0.220139 0.032031 0.012500
0 0.622656 0.211111 0.032813 0.011111
0 0.623828 0.200694 0.030469 0.012500
0 0.624219 0.191667 0.031250 0.011111
0 0.622266 0.183333 0.033594 0.011111
0 0.622656 0.174306 0.032813 0.009722
0 0.622656 0.164583 0.032813 0.009722
0 0.622656 0.155556 0.032813 0.011111
0 0.622656 0.147917 0.031250 0.009722
0 0.622656 0.138889 0.031250 0.011111
0 0.657031 0.245139 0.031250 0.012500
0 0.657031 0.237500 0.031250 0.011111
0 0.656641 0.229861 0.032031 0.012500
0 0.657031 0.220833 0.031250 0.013889
0 0.656641 0.211806 0.030469 0.012500
0 0.656250 0.202083 0.031250 0.012500
0 0.655859 0.192361 0.032031 0.012500
0 0.655859 0.183333 0.032031 0.011111
0 0.655859 0.175000 0.032031 0.011111
0 0.655859 0.165972 0.032031 0.012500
0 0.655078 0.157639 0.032031 0.009722
0 0.655078 0.147917 0.032031 0.012500
0 0.654687 0.138889 0.032813 0.013889
0 0.698438 0.236111 0.032813 0.011111
0 0.698047 0.225694 0.033594 0.012500
0 0.698438 0.217361 0.032813 0.012500
0 0.698047 0.206250 0.032031 0.012500
0 0.698438 0.197222 0.032813 0.011111
0 0.698047 0.188889 0.032031 0.011111
0 0.697266 0.179861 0.032031 0.012500
0 0.695312 0.170833 0.029687 0.011111
0 0.695312 0.161111 0.029687 0.011111
0 0.694531 0.152778 0.029687 0.011111
0 0.693750 0.144444 0.029687 0.011111
0 0.692969 0.134722 0.029687 0.011111
0 0.735547 0.234028 0.032031 0.012500
0 0.735547 0.227083 0.033594 0.012500
0 0.735156 0.217361 0.032813 0.015278
0 0.734375 0.207639 0.031250 0.012500
0 0.734375 0.199306 0.031250 0.012500
0 0.733984 0.190972 0.030469 0.012500
0 0.733594 0.181944 0.031250 0.013889
0 0.733594 0.172917 0.031250 0.012500
0 0.732031 0.161806 0.031250 0.012500
0 0.732031 0.152778 0.029687 0.013889
0 0.769531 0.311111 0.029687 0.011111
0 0.769141 0.302083 0.028906 0.012500
0 0.768359 0.293056 0.030469 0.013889
0 0.768359 0.284028 0.030469 0.012500
0 0.768750 0.274306 0.029687 0.012500
0 0.767969 0.264583 0.029687 0.012500
0 0.768359 0.254167 0.032031 0.011111
0 0.767188 0.245833 0.031250 0.013889
0 0.766797 0.236806 0.028906 0.012500
0 0.765625 0.227778 0.028125 0.013889
0 0.764844 0.218056 0.029687 0.013889
0 0.764062 0.208333 0.029687 0.013889
0 0.764062 0.199306 0.029687 0.012500
0 0.764062 0.190278 0.028125 0.013889
0 0.763672 0.181250 0.028906 0.015278
0 0.803906 0.254167 0.032813 0.013889
0 0.804297 0.245139 0.032031 0.012500
0 0.803516 0.236111 0.032031 0.013889
0 0.803516 0.227083 0.032031 0.012500
0 0.803125 0.218750 0.032813 0.012500
0 0.802734 0.209722 0.032031 0.013889
0 0.801953 0.200694 0.032031 0.012500
0 0.801172 0.190972 0.032031 0.012500
0 0.801172 0.181944 0.032031 0.011111
0 0.800391 0.174306 0.033594 0.012500
0 0.799609 0.165278 0.033594 0.013889
0 0.798438 0.156250 0.031250 0.012500
0 0.797266 0.146528 0.032031 0.012500
0 0.842578 0.310417 0.032031 0.012500
0 0.842187 0.302778 0.031250 0.011111
0 0.841797 0.295139 0.030469 0.012500
0 0.840234 0.284722 0.030469 0.013889
0 0.839844 0.275694 0.031250 0.012500
0 0.839453 0.266667 0.032031 0.013889
0 0.837500 0.258333 0.032813 0.013889
0 0.836719 0.247917 0.032813 0.015278
0 0.836719 0.238194 0.032813 0.012500
0 0.836328 0.228472 0.032031 0.012500
0 0.835547 0.218750 0.033594 0.012500
0 0.834766 0.209722 0.032031 0.013889
0 0.834766 0.200694 0.032031 0.012500
0 0.834375 0.190972 0.031250 0.012500
0 0.833594 0.182639 0.032813 0.012500
0 0.832422 0.173611 0.030469 0.013889
0 0.832031 0.165278 0.031250 0.011111
0 0.831641 0.157639 0.030469 0.012500
0 0.830859 0.149306 0.032031 0.012500
0 0.731641 0.145139 0.030469 0.012500
0 0.731641 0.135417 0.030469 0.012500
0 0.798438 0.138889 0.029687 0.013889
0 0.849609 0.194444 0.067969 0.125000
0 0.868359 0.240278 0.030469 0.013889
0 0.867578 0.231944 0.030469 0.013889
0 0.866406 0.222222 0.028125 0.013889
0 0.866016 0.213889 0.028906 0.013889
0 0.864453 0.203472 0.027344 0.015278
0 0.864453 0.195139 0.027344 0.012500
0 0.863672 0.185417 0.027344 0.012500
0 0.862109 0.176389 0.027344 0.011111
0 0.862109 0.168056 0.027344 0.013889
0 0.860938 0.159028 0.028125 0.012500
0 0.896875 0.250694 0.026562 0.015278
0 0.896875 0.242361 0.026562 0.015278
0 0.896484 0.233333 0.025781 0.013889
0 0.894922 0.225000 0.025781 0.016667
0 0.894141 0.214583 0.025781 0.018056
0 0.893750 0.205556 0.025000 0.013889
0 0.893359 0.197222 0.025781 0.016667
0 0.892188 0.189583 0.028125 0.015278
0 0.891406 0.179861 0.025000 0.015278
0 0.889844 0.171528 0.025000 0.012500
0 0.890234 0.162500 0.025781 0.013889
0 0.860156 0.150000 0.026562 0.011111
0 0.859375 0.140972 0.028125 0.012500
0 0.918359 0.218750 0.014844 0.012500
0 0.921484 0.210417 0.022656 0.012500
0 0.921484 0.203472 0.022656 0.012500
0 0.921484 0.194444 0.022656 0.013889
0 0.919531 0.185417 0.020313 0.009722
0 0.942187 0.182639 0.021875 0.012500
0 0.942578 0.175000 0.024219 0.013889
0 0.938281 0.170833 0.031250 0.022222
0 0.937500 0.164583 0.029687 0.026389
0 0.968750 0.179167 0.025000 0.013889
0 0.967187 0.170139 0.023438 0.012500
