0 0.792969 0.627083 0.103125 0.056944
0 0.296094 0.300000 0.121875 0.047222
0 0.294141 0.328472 0.125781 0.040278
0 0.290625 0.342361 0.120313 0.037500
0 0.289453 0.368750 0.124219 0.043056
0 0.288281 0.394444 0.118750 0.038889
0 0.259766 0.417361 0.066406 0.031944
0 0.260547 0.443056 0.064844 0.027778
0 0.258203 0.465972 0.069531 0.015278
0 0.256250 0.481944 0.062500 0.016667
0 0.255469 0.504861 0.060937 0.026389
0 0.254688 0.531944 0.062500 0.027778
0 0.253125 0.556944 0.060937 0.027778
0 0.256250 0.586806 0.054688 0.023611
0 0.267188 0.604861 0.034375 0.034722
0 0.358984 0.620139 0.150781 0.040278
0 0.359766 0.645139 0.152344 0.045833
0 0.359375 0.586806 0.153125 0.034722
0 0.358984 0.563889 0.147656 0.025000
0 0.358594 0.550694 0.150000 0.031944
0 0.362891 0.533333 0.138281 0.027778
0 0.359375 0.501389 0.146875 0.030556
0 0.360547 0.475694 0.147656 0.037500
0 0.368750 0.445139 0.154688 0.043056
0 0.371094 0.419444 0.153125 0.038889
0 0.590234 0.358333 0.116406 0.038889
0 0.590234 0.385417 0.113281 0.031944
0 0.594922 0.434028 0.130469 0.034722
0 0.589844 0.536111 0.117188 0.030556
0 0.183203 0.094444 0.192969 0.183333
0 0.952344 0.613194 0.062500 0.029167
0 0.548047 0.560417 0.024219 0.020833
0 0.594531 0.510417 0.112500 0.029167
0 0.591406 0.479167 0.114062 0.033333
0 0.595703 0.459028 0.110156 0.029167
0 0.595703 0.406944 0.124219 0.027778
