0 0.975781 0.286806 0.048438 0.123611
0 0.868750 0.427083 0.018750 0.037500
0 0.852734 0.444444 0.014844 0.027778
0 0.839453 0.459722 0.011719 0.027778
0 0.825000 0.472917 0.017188 0.037500
0 0.963281 0.796528 0.056250 0.126389
0 0.915625 0.734028 0.040625 0.079167
0 0.885938 0.699306 0.025000 0.048611
0 0.867578 0.667361 0.011719 0.031944
0 0.853516 0.651389 0.017969 0.036111
0 0.840234 0.633333 0.013281 0.027778
0 0.828125 0.627083 0.010937 0.026389
0 0.886328 0.038889 0.028906 0.075000
0 0.879687 0.123611 0.028125 0.088889
0 0.857031 0.197917 0.031250 0.065278
0 0.847656 0.247222 0.035937 0.055556
0 0.831641 0.290278 0.014844 0.038889
0 0.821484 0.311806 0.013281 0.034722
0 0.818359 0.341667 0.016406 0.027778
0 0.813672 0.036111 0.017969 0.063889
0 0.807422 0.081250 0.013281 0.043056
0 0.805469 0.127778 0.010937 0.047222
0 0.797266 0.229167 0.008594 0.019444
0 0.226953 0.534722 0.069531 0.058333
0 0.225781 0.592361 0.064062 0.068056
0 0.432812 0.818750 0.376563 0.181944
0 0.642578 0.761111 0.044531 0.083333
0 0.716406 0.596528 0.023438 0.026389
0 0.112500 0.529861 0.157812 0.065278
0 0.107813 0.592361 0.170313 0.073611
0 0.157031 0.036111 0.078125 0.072222
0 0.014063 0.068056 0.028125 0.091667
0 0.248828 0.094444 0.082031 0.069444
0 0.811719 0.359722 0.015625 0.019444
