0 0.878906 0.494375 0.178125 0.053750
0 0.984766 0.466875 0.030469 0.076250
0 0.771094 0.505625 0.037500 0.038750
0 0.651953 0.381875 0.016406 0.023750
0 0.639062 0.394375 0.018750 0.023750
0 0.653125 0.523750 0.012500 0.017500
0 0.668750 0.521250 0.018750 0.020000
0 0.643750 0.524375 0.009375 0.013750
0 0.910937 0.047500 0.089063 0.095000
0 0.836719 0.139375 0.090625 0.108750
0 0.787500 0.216875 0.051562 0.071250
0 0.748828 0.259375 0.044531 0.063750
0 0.717187 0.300000 0.034375 0.047500
0 0.693359 0.329375 0.022656 0.036250
0 0.674609 0.353750 0.019531 0.035000
0 0.219141 0.090000 0.074219 0.125000
0 0.167969 0.029375 0.045312 0.058750
0 0.304297 0.229375 0.046094 0.068750
0 0.273438 0.164375 0.046875 0.091250
0 0.340625 0.273750 0.035937 0.052500
0 0.364063 0.309375 0.025000 0.046250
0 0.362891 0.010625 0.013281 0.021250
0 0.373437 0.043125 0.020313 0.058750
0 0.050391 0.393750 0.100781 0.090000
0 0.144531 0.422500 0.087500 0.072500
0 0.225391 0.443750 0.074219 0.065000
0 0.282813 0.466875 0.039062 0.043750
0 0.319531 0.481250 0.034375 0.037500
0 0.193750 0.808750 0.076563 0.102500
0 0.092578 0.877500 0.124219 0.135000
0 0.012891 0.930625 0.025781 0.093750
0 0.256250 0.761250 0.048438 0.057500
0 0.296484 0.725625 0.033594 0.048750
0 0.332813 0.700000 0.037500 0.040000
0 0.869922 0.946875 0.097656 0.106250
0 0.791406 0.858750 0.062500 0.092500
0 0.744141 0.803125 0.033594 0.063750
0 0.707422 0.763750 0.038281 0.060000
0 0.680078 0.733750 0.021094 0.037500
0 0.560156 0.600000 0.045312 0.025000
0 0.582031 0.289375 0.034375 0.013750
0 0.606641 0.290000 0.011719 0.012500
0 0.439453 0.263750 0.007031 0.027500
0 0.496094 0.285000 0.035937 0.012500
0 0.461328 0.280625 0.025781 0.011250
0 0.457422 0.438750 0.019531 0.010000
0 0.622656 0.413750 0.017188 0.020000
0 0.475000 0.491875 0.050000 0.011250
0 0.475000 0.501875 0.050000 0.011250
0 0.476172 0.510625 0.052344 0.008750
0 0.476562 0.520000 0.050000 0.010000
0 0.476172 0.530000 0.049219 0.012500
0 0.473828 0.539375 0.049219 0.008750
0 0.473438 0.549375 0.051562 0.011250
0 0.473438 0.559375 0.051562 0.013750
0 0.456641 0.568125 0.016406 0.008750
0 0.455078 0.576250 0.011719 0.007500
0 0.454297 0.585625 0.010156 0.011250
0 0.454297 0.595000 0.010156 0.010000
0 0.383203 0.330000 0.014844 0.032500
0 0.430859 0.405000 0.010156 0.017500
0 0.392969 0.350625 0.015625 0.028750
0 0.423047 0.392500 0.011719 0.020000
0 0.413672 0.381250 0.011719 0.020000
0 0.404687 0.364375 0.014063 0.026250
0 0.387891 0.086875 0.017969 0.058750
0 0.400391 0.131250 0.013281 0.040000
0 0.410938 0.171250 0.014063 0.045000
0 0.427734 0.223750 0.011719 0.035000
0 0.479297 0.481875 0.047656 0.011250
0 0.714453 0.026250 0.050781 0.052500
0 0.695312 0.073750 0.053125 0.055000
0 0.670312 0.122500 0.021875 0.042500
0 0.655859 0.156875 0.013281 0.036250
