0 0.803516 0.215278 0.063281 0.033333
0 0.801562 0.227083 0.065625 0.026389
0 0.804688 0.243056 0.060937 0.027778
0 0.804297 0.252778 0.055469 0.030556
0 0.807422 0.270139 0.053906 0.037500
0 0.808203 0.302083 0.064844 0.031944
0 0.810547 0.321528 0.063281 0.029167
0 0.810156 0.327778 0.057813 0.022222
0 0.822656 0.341667 0.032813 0.016667
0 0.823047 0.358333 0.041406 0.019444
0 0.779687 0.345139 0.060937 0.026389
0 0.853125 0.300694 0.026562 0.020833
0 0.853125 0.315972 0.025000 0.018056
0 0.853125 0.329167 0.028125 0.019444
0 0.854688 0.343056 0.025000 0.013889
0 0.856250 0.350694 0.028125 0.018056
0 0.856641 0.365278 0.028906 0.019444
0 0.585547 0.325694 0.030469 0.043056
0 0.588281 0.297917 0.026562 0.018056
0 0.585547 0.276389 0.030469 0.022222
0 0.583594 0.258333 0.029687 0.019444
0 0.586328 0.241667 0.032031 0.025000
0 0.587109 0.203472 0.028906 0.043056
0 0.585156 0.177778 0.029687 0.022222
0 0.585938 0.161806 0.032813 0.029167
0 0.587109 0.143750 0.035156 0.023611
0 0.667188 0.553472 0.095312 0.026389
0 0.669531 0.488889 0.087500 0.016667
0 0.671094 0.615972 0.089063 0.029167
0 0.751563 0.618056 0.065625 0.022222
0 0.507812 0.713194 0.164062 0.073611
0 0.115625 0.596528 0.109375 0.048611
0 0.927734 0.587500 0.046094 0.027778
0 0.959766 0.593056 0.013281 0.033333
