0 0.558594 0.381944 0.160938 0.047222
0 0.901563 0.665278 0.153125 0.052778
0 0.507422 0.631944 0.049219 0.052778
0 0.379688 0.630556 0.192188 0.061111
0 0.265234 0.596528 0.039844 0.051389
0 0.390625 0.163194 0.046875 0.062500
0 0.437891 0.122917 0.053906 0.062500
0 0.538281 0.065972 0.157812 0.076389
0 0.440234 0.037500 0.053906 0.061111
0 0.772266 0.364583 0.039844 0.015278
0 0.776953 0.393750 0.036719 0.018056
0 0.808203 0.343056 0.028906 0.019444
0 0.779297 0.413194 0.032031 0.018056
0 0.808594 0.363889 0.031250 0.016667
0 0.729688 0.050000 0.032813 0.044444
0 0.751563 0.077778 0.021875 0.041667
0 0.771875 0.098611 0.021875 0.038889
0 0.796875 0.129861 0.025000 0.029167
0 0.090625 0.731250 0.157812 0.043056
0 0.810156 0.395139 0.028125 0.018056
0 0.776563 0.378472 0.037500 0.012500
0 0.809766 0.378472 0.028906 0.015278
0 0.810547 0.413889 0.027344 0.019444
0 0.810937 0.431944 0.028125 0.016667
0 0.812500 0.514583 0.026562 0.020833
0 0.812109 0.497917 0.025781 0.015278
0 0.812109 0.535417 0.025781 0.015278
