0 0.779687 0.512500 0.432812 0.185417
0 0.782813 0.744271 0.431250 0.244792
0 0.675000 0.898958 0.246875 0.197917
0 0.467187 0.730208 0.109375 0.150000
0 0.471094 0.578646 0.123438 0.117708
0 0.469141 0.421354 0.117969 0.098958
0 0.345313 0.473438 0.167187 0.061458
0 0.353125 0.593229 0.084375 0.092708
0 0.115234 0.440625 0.021094 0.035417
0 0.113672 0.288021 0.021094 0.028125
0 0.342969 0.023438 0.225000 0.046875
0 0.187500 0.052083 0.081250 0.064583
0 0.130859 0.082292 0.038281 0.039583
0 0.103906 0.093750 0.025000 0.043750
0 0.044922 0.268229 0.022656 0.023958
0 0.051953 0.375000 0.028906 0.031250
0 0.080469 0.411458 0.014063 0.025000
0 0.076953 0.277604 0.014844 0.019792
