0 0.880859 0.722917 0.061719 0.056944
0 0.816016 0.700694 0.094531 0.045833
0 0.720703 0.688889 0.107031 0.050000
0 0.646484 0.644444 0.064844 0.052778
0 0.611328 0.418750 0.041406 0.012500
0 0.351562 0.629861 0.082812 0.045833
0 0.437891 0.586806 0.064844 0.015278
0 0.133594 0.956250 0.039062 0.084722
0 0.397266 0.323611 0.028906 0.011111
0 0.396875 0.314583 0.028125 0.009722
0 0.396875 0.306944 0.028125 0.011111
0 0.396875 0.297917 0.028125 0.009722
0 0.397266 0.288889 0.028906 0.011111
0 0.397656 0.280556 0.026562 0.008333
0 0.397656 0.273611 0.028125 0.008333
0 0.398438 0.265278 0.028125 0.011111
0 0.398828 0.256250 0.028906 0.012500
0 0.399219 0.247917 0.029687 0.009722
0 0.398828 0.239583 0.028906 0.012500
0 0.399219 0.229861 0.029687 0.012500
0 0.399609 0.221528 0.030469 0.009722
0 0.399609 0.213194 0.030469 0.012500
0 0.399609 0.204861 0.030469 0.012500
0 0.400781 0.195833 0.029687 0.011111
0 0.401172 0.188194 0.028906 0.009722
0 0.401172 0.180556 0.028906 0.008333
0 0.401562 0.172917 0.029687 0.012500
0 0.401562 0.162500 0.029687 0.011111
0 0.426953 0.323611 0.027344 0.013889
0 0.427344 0.313889 0.028125 0.011111
0 0.427734 0.305556 0.027344 0.011111
0 0.427734 0.297222 0.027344 0.011111
0 0.428125 0.289583 0.028125 0.009722
0 0.428516 0.280556 0.025781 0.011111
0 0.428906 0.272222 0.029687 0.013889
0 0.428906 0.263889 0.031250 0.011111
0 0.428906 0.255556 0.029687 0.008333
0 0.428125 0.249306 0.029687 0.009722
0 0.428906 0.240278 0.031250 0.013889
0 0.429688 0.231250 0.029687 0.012500
0 0.430078 0.223611 0.030469 0.011111
0 0.430469 0.215278 0.031250 0.013889
0 0.430859 0.206250 0.030469 0.012500
0 0.430859 0.197917 0.032031 0.012500
0 0.431250 0.188889 0.031250 0.011111
0 0.430859 0.181250 0.030469 0.009722
0 0.430859 0.173611 0.030469 0.011111
0 0.431641 0.163889 0.028906 0.013889
0 0.466016 0.325000 0.027344 0.011111
0 0.466406 0.315972 0.026562 0.009722
0 0.466016 0.307639 0.027344 0.009722
0 0.466016 0.298611 0.027344 0.011111
0 0.465625 0.290972 0.026562 0.009722
0 0.466016 0.281250 0.027344 0.012500
0 0.466406 0.267361 0.031250 0.015278
0 0.466406 0.256250 0.031250 0.012500
0 0.466406 0.248611 0.031250 0.013889
0 0.466797 0.240278 0.032031 0.013889
0 0.466406 0.230556 0.032813 0.011111
0 0.466797 0.222222 0.032031 0.011111
0 0.466797 0.214583 0.032031 0.012500
0 0.466797 0.206944 0.032031 0.011111
0 0.467969 0.197222 0.029687 0.013889
0 0.467969 0.188889 0.028125 0.011111
0 0.467969 0.181250 0.028125 0.009722
0 0.467969 0.172917 0.028125 0.012500
0 0.467578 0.163889 0.028906 0.013889
0 0.502344 0.326389 0.029687 0.011111
0 0.502344 0.318056 0.029687 0.008333
0 0.502344 0.309722 0.029687 0.011111
0 0.502344 0.300694 0.029687 0.009722
0 0.502344 0.292361 0.029687 0.009722
0 0.502344 0.284722 0.031250 0.011111
0 0.502344 0.275000 0.031250 0.011111
0 0.502344 0.265972 0.031250 0.012500
0 0.502734 0.257639 0.030469 0.012500
0 0.502734 0.249306 0.030469 0.012500
0 0.502734 0.239583 0.030469 0.012500
0 0.503125 0.233333 0.029687 0.011111
0 0.502734 0.224306 0.028906 0.012500
0 0.502734 0.217361 0.028906 0.012500
0 0.502344 0.208333 0.029687 0.013889
0 0.502344 0.199306 0.029687 0.012500
0 0.502344 0.191667 0.029687 0.011111
0 0.502344 0.183333 0.029687 0.011111
0 0.502734 0.175694 0.028906 0.012500
0 0.502344 0.165972 0.029687 0.012500
0 0.531641 0.266667 0.027344 0.011111
0 0.531641 0.259028 0.027344 0.009722
0 0.531641 0.251389 0.027344 0.011111
0 0.531250 0.242361 0.028125 0.009722
0 0.530859 0.234722 0.027344 0.008333
0 0.531250 0.227083 0.026562 0.009722
0 0.531250 0.218056 0.026562 0.011111
0 0.530859 0.210417 0.027344 0.012500
0 0.566406 0.268750 0.032813 0.012500
0 0.566797 0.261111 0.032031 0.011111
0 0.566797 0.252778 0.032031 0.011111
0 0.566406 0.245139 0.032813 0.009722
0 0.566797 0.238194 0.032031 0.009722
0 0.566406 0.229167 0.032813 0.011111
0 0.566406 0.221528 0.032813 0.012500
0 0.567187 0.213889 0.032813 0.011111
0 0.567578 0.205556 0.032031 0.011111
0 0.567578 0.197222 0.032031 0.013889
0 0.567578 0.188889 0.032031 0.011111
0 0.568359 0.181944 0.030469 0.011111
0 0.568750 0.172917 0.029687 0.012500
0 0.600391 0.329861 0.033594 0.015278
0 0.600391 0.322917 0.033594 0.012500
0 0.600391 0.314583 0.033594 0.012500
0 0.600000 0.306250 0.032813 0.012500
0 0.600000 0.299306 0.032813 0.012500
0 0.600000 0.290278 0.032813 0.011111
0 0.600000 0.281250 0.032813 0.012500
0 0.600781 0.273611 0.032813 0.011111
0 0.600781 0.264583 0.032813 0.012500
0 0.601172 0.256250 0.033594 0.009722
0 0.601172 0.249306 0.032031 0.012500
0 0.600000 0.240972 0.032813 0.012500
0 0.600000 0.231250 0.032813 0.015278
0 0.600000 0.224306 0.032813 0.012500
0 0.600391 0.215278 0.032031 0.013889
0 0.600781 0.208333 0.031250 0.011111
0 0.600781 0.200694 0.031250 0.012500
0 0.600781 0.192361 0.031250 0.012500
0 0.600000 0.184722 0.031250 0.011111
0 0.600000 0.176389 0.031250 0.011111
0 0.631641 0.269444 0.028906 0.013889
0 0.631641 0.260417 0.028906 0.012500
0 0.630859 0.252083 0.028906 0.012500
0 0.630859 0.243750 0.028906 0.012500
0 0.630469 0.236111 0.028125 0.011111
0 0.630469 0.227083 0.028125 0.012500
0 0.630469 0.219444 0.028125 0.011111
0 0.630859 0.211806 0.027344 0.012500
0 0.631250 0.204167 0.028125 0.011111
0 0.630469 0.195139 0.028125 0.012500
0 0.630469 0.188194 0.028125 0.012500
0 0.630078 0.177778 0.027344 0.013889
0 0.649219 0.329861 0.009375 0.012500
0 0.652344 0.320833 0.015625 0.013889
0 0.655078 0.313889 0.021094 0.011111
0 0.660156 0.306944 0.031250 0.011111
0 0.659766 0.299306 0.030469 0.012500
0 0.660156 0.290972 0.031250 0.012500
0 0.659375 0.282639 0.031250 0.015278
0 0.659375 0.272917 0.031250 0.015278
0 0.659375 0.265278 0.031250 0.013889
0 0.659766 0.257639 0.032031 0.015278
0 0.660156 0.249306 0.031250 0.015278
0 0.660156 0.240278 0.031250 0.013889
0 0.659766 0.234028 0.030469 0.012500
0 0.659766 0.225000 0.030469 0.013889
0 0.659766 0.218056 0.028906 0.013889
0 0.659375 0.209028 0.028125 0.009722
0 0.659375 0.201389 0.028125 0.011111
0 0.659375 0.193750 0.028125 0.012500
0 0.658594 0.184722 0.026562 0.011111
0 0.691406 0.302083 0.032813 0.012500
0 0.691797 0.293750 0.032031 0.012500
0 0.691406 0.286111 0.032813 0.013889
0 0.691016 0.277083 0.032031 0.012500
0 0.691016 0.269444 0.032031 0.013889
0 0.691016 0.260417 0.032031 0.012500
0 0.691406 0.252778 0.031250 0.013889
0 0.691406 0.245833 0.031250 0.013889
0 0.691016 0.238194 0.032031 0.015278
0 0.690234 0.230556 0.032031 0.013889
0 0.690234 0.220139 0.032031 0.015278
0 0.721875 0.306250 0.028125 0.012500
0 0.721875 0.297917 0.028125 0.012500
0 0.721094 0.290972 0.028125 0.015278
0 0.721094 0.282639 0.028125 0.012500
0 0.720703 0.272917 0.028906 0.012500
0 0.720313 0.265972 0.028125 0.012500
0 0.720313 0.258333 0.028125 0.013889
0 0.719922 0.250000 0.027344 0.011111
0 0.719922 0.242361 0.027344 0.012500
0 0.719922 0.234722 0.025781 0.011111
0 0.719531 0.227778 0.026562 0.013889
0 0.714453 0.219444 0.033594 0.013889
0 0.713281 0.213889 0.035937 0.013889
0 0.712109 0.207639 0.035156 0.018056
0 0.712500 0.201389 0.034375 0.016667
0 0.753516 0.318750 0.021094 0.012500
0 0.749219 0.311111 0.028125 0.011111
0 0.748828 0.302778 0.028906 0.013889
0 0.748437 0.295833 0.028125 0.013889
0 0.747656 0.288194 0.028125 0.015278
0 0.747656 0.280556 0.028125 0.013889
0 0.748047 0.272917 0.027344 0.015278
0 0.746875 0.263889 0.028125 0.013889
0 0.746875 0.256250 0.028125 0.012500
0 0.746875 0.249306 0.028125 0.015278
0 0.746094 0.242361 0.026562 0.015278
0 0.746484 0.234028 0.027344 0.015278
0 0.746094 0.226389 0.028125 0.013889
0 0.745313 0.219444 0.028125 0.013889
0 0.744922 0.212500 0.027344 0.013889
0 0.744141 0.204167 0.028906 0.013889
0 0.776953 0.330556 0.025781 0.013889
0 0.776953 0.324306 0.025781 0.015278
0 0.776953 0.316667 0.025781 0.013889
0 0.776172 0.307639 0.027344 0.012500
0 0.776172 0.300694 0.027344 0.012500
0 0.775781 0.292361 0.026562 0.015278
0 0.775391 0.285417 0.027344 0.015278
0 0.775391 0.277778 0.027344 0.016667
0 0.775391 0.271528 0.027344 0.012500
0 0.774609 0.264583 0.027344 0.015278
0 0.774609 0.256944 0.027344 0.013889
0 0.773828 0.250000 0.027344 0.013889
0 0.773828 0.243056 0.027344 0.013889
0 0.773828 0.235417 0.027344 0.015278
0 0.773438 0.228472 0.028125 0.015278
0 0.773828 0.222222 0.027344 0.013889
0 0.773047 0.213889 0.028906 0.016667
0 0.801172 0.358333 0.027344 0.013889
0 0.801172 0.350000 0.027344 0.011111
0 0.801172 0.343056 0.027344 0.013889
0 0.800781 0.335417 0.026562 0.012500
0 0.800781 0.329861 0.026562 0.012500
0 0.801562 0.321528 0.025000 0.012500
0 0.801172 0.314583 0.024219 0.012500
0 0.800391 0.305556 0.022656 0.013889
0 0.800391 0.299306 0.022656 0.012500
0 0.800781 0.293056 0.021875 0.013889
0 0.800391 0.285417 0.022656 0.015278
0 0.799219 0.276389 0.020313 0.013889
0 0.799219 0.269444 0.020313 0.011111
0 0.798047 0.261111 0.021094 0.011111
0 0.798047 0.253472 0.021094 0.012500
0 0.798047 0.246528 0.021094 0.012500
0 0.797266 0.240972 0.019531 0.012500
0 0.796875 0.232639 0.020313 0.012500
0 0.823047 0.362500 0.017969 0.011111
0 0.823047 0.354167 0.017969 0.011111
0 0.823047 0.346528 0.017969 0.009722
0 0.822656 0.338889 0.018750 0.011111
0 0.822656 0.331944 0.018750 0.011111
0 0.822656 0.324306 0.018750 0.009722
0 0.822266 0.316667 0.019531 0.011111
0 0.832812 0.327083 0.042188 0.045833
0 0.861719 0.340972 0.017188 0.012500
0 0.861719 0.334722 0.017188 0.011111
0 0.842969 0.336111 0.021875 0.011111
0 0.842969 0.329167 0.021875 0.011111
0 0.860547 0.328472 0.019531 0.012500
0 0.860156 0.320139 0.020313 0.012500
0 0.860156 0.313889 0.018750 0.013889
0 0.842969 0.323611 0.020313 0.011111
0 0.821875 0.302083 0.020313 0.012500
0 0.821875 0.294444 0.020313 0.011111
0 0.821094 0.288194 0.020313 0.012500
0 0.820312 0.280556 0.023438 0.011111
0 0.819141 0.273611 0.021094 0.011111
0 0.819141 0.265972 0.021094 0.012500
0 0.819141 0.259028 0.019531 0.012500
0 0.842578 0.316667 0.021094 0.013889
0 0.842187 0.308333 0.020313 0.011111
0 0.841406 0.302083 0.018750 0.012500
0 0.841016 0.295139 0.019531 0.012500
0 0.840625 0.288194 0.018750 0.012500
0 0.839844 0.280556 0.020313 0.013889
0 0.839453 0.273611 0.021094 0.013889
0 0.839063 0.267361 0.020313 0.012500
0 0.838281 0.260417 0.020313 0.015278
0 0.833594 0.253472 0.028125 0.012500
0 0.833203 0.247222 0.028906 0.013889
0 0.832812 0.241667 0.029687 0.013889
0 0.832812 0.234028 0.029687 0.015278
0 0.859766 0.306250 0.017969 0.012500
0 0.859766 0.300694 0.017969 0.009722
0 0.859375 0.293750 0.018750 0.012500
0 0.859375 0.284722 0.018750 0.013889
0 0.859375 0.279861 0.018750 0.012500
0 0.858984 0.271528 0.017969 0.012500
0 0.857812 0.265972 0.018750 0.012500
0 0.857031 0.259028 0.018750 0.012500
0 0.856250 0.251389 0.018750 0.013889
0 0.856250 0.245833 0.018750 0.013889
0 0.856250 0.238194 0.018750 0.015278
0 0.879297 0.334028 0.017969 0.012500
0 0.878906 0.327083 0.018750 0.012500
0 0.878906 0.319444 0.018750 0.013889
0 0.878125 0.311806 0.017188 0.009722
0 0.877344 0.306250 0.017188 0.012500
0 0.877344 0.299306 0.017188 0.012500
0 0.876953 0.292361 0.016406 0.009722
0 0.876953 0.285417 0.017969 0.012500
0 0.876953 0.279167 0.016406 0.011111
0 0.876563 0.272917 0.017188 0.009722
0 0.875000 0.266667 0.017188 0.011111
0 0.874219 0.259722 0.017188 0.011111
0 0.874219 0.254167 0.017188 0.011111
0 0.873828 0.245833 0.017969 0.013889
0 0.530859 0.327778 0.027344 0.011111
0 0.530859 0.318056 0.027344 0.011111
0 0.530859 0.309722 0.027344 0.011111
0 0.530469 0.302083 0.028125 0.012500
0 0.530859 0.293056 0.027344 0.011111
0 0.531250 0.284722 0.028125 0.011111
0 0.531250 0.275000 0.028125 0.011111
0 0.794531 0.432639 0.037500 0.009722
0 0.794141 0.426389 0.038281 0.011111
