0 0.890234 0.053750 0.114844 0.102500
0 0.787891 0.141875 0.085156 0.113750
0 0.725781 0.199375 0.042188 0.083750
0 0.689453 0.250000 0.032031 0.060000
0 0.662891 0.278750 0.024219 0.052500
0 0.649609 0.041875 0.032031 0.063750
0 0.632422 0.096250 0.019531 0.042500
0 0.159766 0.060625 0.067969 0.121250
0 0.218750 0.133750 0.053125 0.097500
0 0.260547 0.200000 0.039844 0.072500
0 0.287500 0.245625 0.023438 0.056250
0 0.309375 0.276875 0.023438 0.048750
0 0.064453 0.389375 0.122656 0.098750
0 0.162109 0.423125 0.069531 0.061250
0 0.269141 0.458125 0.055469 0.041250
0 0.219531 0.443750 0.045312 0.047500
0 0.465625 0.609375 0.050000 0.013750
0 0.305859 0.471250 0.019531 0.030000
0 0.640234 0.311875 0.024219 0.048750
0 0.619531 0.335625 0.017188 0.036250
0 0.616406 0.134375 0.014063 0.041250
0 0.954297 0.461875 0.091406 0.076250
0 0.858203 0.463125 0.099219 0.066250
0 0.771875 0.478750 0.070312 0.052500
0 0.715234 0.488125 0.044531 0.033750
0 0.772266 0.848125 0.085156 0.096250
0 0.867188 0.935000 0.112500 0.130000
0 0.714063 0.790000 0.042188 0.067500
0 0.076563 0.870000 0.125000 0.132500
0 0.170703 0.790625 0.066406 0.086250
0 0.219531 0.745625 0.042188 0.061250
0 0.415234 0.598750 0.044531 0.012500
0 0.263672 0.706250 0.042969 0.045000
0 0.328516 0.304375 0.021094 0.041250
0 0.339453 0.330000 0.011719 0.027500
0 0.351953 0.343125 0.013281 0.031250
0 0.336328 0.038750 0.016406 0.045000
0 0.517188 0.614375 0.046875 0.013750
0 0.677734 0.748125 0.028906 0.051250
0 0.651953 0.718750 0.021094 0.037500
0 0.675781 0.493750 0.032813 0.025000
0 0.591797 0.368750 0.014844 0.020000
0 0.568359 0.397500 0.010156 0.020000
0 0.645703 0.501875 0.025781 0.021250
0 0.621875 0.505000 0.020313 0.022500
0 0.602344 0.165000 0.017188 0.042500
