0 0.622656 0.746759 0.088021 0.086111
0 0.714323 0.931019 0.205729 0.137963
0 0.211719 0.803241 0.221354 0.108333
0 0.082031 0.612500 0.106771 0.054630
0 0.322656 0.638889 0.067187 0.066667
0 0.397656 0.522222 0.078646 0.022222
0 0.558854 0.164352 0.052083 0.036111
0 0.558333 0.112037 0.042708 0.042593
0 0.514062 0.143981 0.037500 0.034259
0 0.513802 0.182870 0.033854 0.039815
0 0.622396 0.112037 0.084375 0.046296
0 0.616927 0.223611 0.073438 0.043519
0 0.694531 0.190278 0.066146 0.047222
0 0.778385 0.166667 0.120313 0.057407
0 0.803125 0.326852 0.107292 0.038889
0 0.786979 0.449537 0.088542 0.043519
0 0.938542 0.101389 0.117708 0.071296
0 0.963021 0.312037 0.072917 0.051852
0 0.963021 0.468981 0.057292 0.052778
0 0.771354 0.560185 0.063542 0.037037
0 0.452865 0.205556 0.032813 0.020370
0 0.482031 0.181944 0.029687 0.030556
0 0.540625 0.028241 0.028125 0.030556
0 0.465625 0.356944 0.054167 0.017593
0 0.463021 0.417593 0.060417 0.027778
0 0.026042 0.624537 0.047917 0.063889
0 0.187500 0.535185 0.109375 0.042593
0 0.802604 0.026389 0.142708 0.047222
0 0.698438 0.063889 0.066667 0.051852
