0 0.766146 0.669907 0.138542 0.093519
0 0.755990 0.763426 0.178646 0.134259
0 0.753906 0.856944 0.177604 0.056481
0 0.758333 0.908796 0.191667 0.078704
0 0.930990 0.856481 0.126562 0.170370
0 0.632292 0.767593 0.102083 0.035185
0 0.628385 0.743981 0.101562 0.034259
0 0.626042 0.706944 0.096875 0.039815
0 0.621615 0.675463 0.098437 0.026852
0 0.624479 0.646759 0.104167 0.036111
0 0.624479 0.617593 0.104167 0.022222
0 0.622396 0.580556 0.096875 0.038889
0 0.623958 0.546759 0.095833 0.034259
0 0.622656 0.521296 0.091146 0.031481
0 0.625521 0.490741 0.085417 0.033333
0 0.620313 0.458796 0.093750 0.039815
0 0.615885 0.426389 0.099479 0.037963
0 0.618490 0.398148 0.104688 0.037037
0 0.615104 0.367130 0.097917 0.039815
0 0.614844 0.338889 0.094271 0.033333
0 0.614583 0.309722 0.104167 0.037963
0 0.613802 0.276389 0.088021 0.041667
0 0.608854 0.242593 0.092708 0.029630
0 0.609896 0.211574 0.090625 0.037963
0 0.610417 0.175926 0.091667 0.033333
0 0.614062 0.151389 0.088542 0.037963
0 0.612500 0.119444 0.083333 0.046296
0 0.176563 0.418056 0.086458 0.026852
0 0.231771 0.423148 0.053125 0.016667
0 0.234115 0.409259 0.047396 0.014815
0 0.218750 0.400000 0.073958 0.020370
0 0.215885 0.385648 0.086979 0.021296
0 0.216667 0.371296 0.080208 0.020370
0 0.213542 0.329167 0.076042 0.030556
0 0.219792 0.318519 0.067708 0.027778
0 0.212500 0.304167 0.082292 0.021296
0 0.214844 0.294907 0.081771 0.023148
0 0.214323 0.278241 0.082812 0.019444
0 0.266927 0.364815 0.031771 0.018519
0 0.269271 0.379630 0.027083 0.014815
0 0.267969 0.391667 0.028646 0.020370
0 0.272135 0.403241 0.036979 0.015741
0 0.271094 0.415278 0.029687 0.012037
0 0.276562 0.430556 0.039583 0.018519
0 0.353125 0.625926 0.051042 0.022222
0 0.853646 0.682870 0.032292 0.026852
0 0.853906 0.654167 0.034896 0.023148
0 0.849219 0.631019 0.043229 0.019444
0 0.850521 0.610648 0.044792 0.028704
0 0.846615 0.581481 0.044271 0.029630
0 0.843229 0.553241 0.038542 0.030556
0 0.867188 0.529167 0.083333 0.026852
0 0.882552 0.553704 0.065104 0.024074
0 0.890104 0.571296 0.054167 0.024074
0 0.892188 0.595370 0.058333 0.031481
0 0.891667 0.612963 0.047917 0.018519
0 0.895312 0.633333 0.045833 0.025926
0 0.890104 0.652778 0.057292 0.025926
0 0.929688 0.567593 0.028125 0.024074
0 0.929167 0.584259 0.029167 0.020370
0 0.932031 0.601389 0.023438 0.021296
0 0.854948 0.363889 0.063021 0.025926
0 0.858854 0.388889 0.060417 0.027778
0 0.856250 0.405556 0.062500 0.029630
0 0.857812 0.423148 0.061458 0.027778
0 0.861719 0.444444 0.058854 0.029630
0 0.858594 0.459259 0.063021 0.025926
0 0.858594 0.473611 0.063021 0.015741
0 0.860938 0.493519 0.062500 0.025926
0 0.859896 0.511111 0.062500 0.027778
0 0.728125 0.335648 0.086458 0.054630
0 0.727344 0.358333 0.082812 0.038889
0 0.700260 0.381481 0.020313 0.025926
0 0.699219 0.403704 0.019271 0.033333
0 0.698958 0.423611 0.019792 0.026852
0 0.698438 0.444907 0.016667 0.026852
0 0.697917 0.461111 0.016667 0.022222
0 0.699740 0.486111 0.022396 0.027778
0 0.700521 0.508333 0.019792 0.022222
0 0.702083 0.524537 0.019792 0.015741
0 0.702604 0.548148 0.012500 0.018519
0 0.704427 0.573611 0.011979 0.028704
0 0.703906 0.597222 0.013021 0.020370
0 0.678385 0.081019 0.078646 0.058333
0 0.682292 0.060185 0.070833 0.042593
0 0.682813 0.033796 0.072917 0.028704
0 0.676302 0.113426 0.049479 0.028704
0 0.677604 0.140741 0.054167 0.042593
0 0.681250 0.158333 0.048958 0.027778
0 0.676562 0.184722 0.057292 0.036111
0 0.685677 0.206019 0.050521 0.034259
0 0.678646 0.227778 0.055208 0.025926
0 0.681250 0.249074 0.048958 0.033333
0 0.683073 0.272222 0.054688 0.031481
0 0.682813 0.294907 0.036458 0.025000
0 0.674740 0.313889 0.029687 0.018519
0 0.676562 0.332870 0.029167 0.021296
0 0.675781 0.356481 0.029687 0.020370
0 0.683073 0.393056 0.022396 0.021296
0 0.682031 0.420370 0.024479 0.025926
0 0.683854 0.443981 0.014583 0.021296
0 0.860938 0.345370 0.051042 0.027778
0 0.860156 0.325463 0.048438 0.021296
0 0.859375 0.306944 0.048958 0.013889
0 0.859375 0.295370 0.050000 0.016667
0 0.858594 0.281481 0.048438 0.022222
0 0.859635 0.264352 0.048438 0.021296
0 0.859115 0.248611 0.051562 0.019444
0 0.858854 0.231944 0.058333 0.017593
0 0.857292 0.218056 0.055208 0.017593
0 0.857812 0.204167 0.054167 0.021296
0 0.858594 0.187037 0.050521 0.022222
0 0.858594 0.173148 0.050521 0.022222
0 0.857552 0.156481 0.055729 0.020370
0 0.857031 0.137963 0.054688 0.025926
0 0.802083 0.150926 0.054167 0.031481
0 0.802344 0.164815 0.054688 0.016667
0 0.802865 0.183796 0.054688 0.026852
0 0.801823 0.198611 0.050521 0.025000
0 0.798698 0.211111 0.048438 0.025926
0 0.803646 0.228704 0.055208 0.020370
0 0.800000 0.239352 0.052083 0.021296
0 0.803125 0.255093 0.053125 0.026852
0 0.802604 0.271296 0.054167 0.016667
0 0.803906 0.287037 0.050521 0.022222
0 0.804167 0.305093 0.044792 0.019444
0 0.798958 0.317130 0.052083 0.032407
0 0.793229 0.338889 0.051042 0.024074
0 0.738021 0.304167 0.061458 0.032407
0 0.731510 0.282407 0.059896 0.020370
0 0.734375 0.262037 0.045833 0.022222
0 0.734896 0.250000 0.053125 0.031481
0 0.750000 0.167130 0.048958 0.026852
0 0.750781 0.181481 0.045312 0.027778
0 0.750521 0.194444 0.046875 0.024074
0 0.751563 0.210185 0.052083 0.025926
0 0.751302 0.226852 0.049479 0.022222
0 0.767969 0.240741 0.014063 0.016667
0 0.766927 0.255093 0.015104 0.021296
0 0.764062 0.266204 0.015625 0.017593
0 0.706510 0.174537 0.019271 0.021296
0 0.711198 0.190278 0.015104 0.015741
0 0.714583 0.206481 0.016667 0.016667
0 0.713542 0.222685 0.013542 0.015741
0 0.708073 0.238426 0.021354 0.013889
