0 0.059766 0.609722 0.082031 0.027778
0 0.059766 0.943750 0.114844 0.106944
0 0.623047 0.635417 0.116406 0.029167
0 0.569922 0.201389 0.042969 0.019444
0 0.569531 0.187500 0.043750 0.019444
0 0.570312 0.174306 0.043750 0.015278
0 0.570703 0.162500 0.046094 0.016667
0 0.569922 0.149306 0.046094 0.018056
0 0.570312 0.136111 0.046875 0.019444
0 0.569922 0.124306 0.046094 0.018056
0 0.569922 0.112500 0.046094 0.019444
0 0.569922 0.100694 0.046094 0.018056
0 0.569531 0.086806 0.045312 0.020833
0 0.569141 0.072917 0.046094 0.018056
0 0.568750 0.061806 0.043750 0.018056
0 0.618750 0.195833 0.045312 0.019444
0 0.617969 0.181250 0.045312 0.020833
0 0.617188 0.167361 0.045312 0.018056
0 0.617969 0.154861 0.043750 0.018056
0 0.618359 0.141667 0.044531 0.019444
0 0.617969 0.131250 0.043750 0.015278
0 0.617969 0.118056 0.045312 0.019444
0 0.617188 0.105556 0.045312 0.016667
0 0.617188 0.094444 0.046875 0.013889
0 0.616797 0.084028 0.047656 0.015278
0 0.616797 0.070833 0.047656 0.016667
0 0.615625 0.058333 0.046875 0.016667
0 0.616016 0.047222 0.046094 0.013889
0 0.616016 0.035417 0.047656 0.018056
0 0.615625 0.022917 0.046875 0.015278
0 0.616016 0.012500 0.049219 0.016667
0 0.569922 0.049306 0.044531 0.018056
0 0.569141 0.039583 0.042969 0.018056
0 0.568359 0.027778 0.042969 0.019444
0 0.568359 0.015278 0.044531 0.016667
0 0.569141 0.006250 0.042969 0.012500
0 0.680859 0.193056 0.041406 0.016667
0 0.679688 0.181944 0.040625 0.013889
0 0.679297 0.168056 0.039844 0.016667
0 0.678125 0.152778 0.039062 0.019444
0 0.677344 0.139583 0.040625 0.018056
0 0.676953 0.126389 0.042969 0.016667
0 0.675391 0.113194 0.044531 0.015278
0 0.675391 0.100000 0.044531 0.016667
0 0.675000 0.086111 0.045312 0.016667
0 0.673828 0.074306 0.042969 0.015278
0 0.673438 0.061806 0.043750 0.018056
0 0.672656 0.050694 0.043750 0.012500
0 0.672266 0.038194 0.042969 0.015278
0 0.671094 0.027083 0.042188 0.015278
0 0.735156 0.191667 0.042188 0.016667
0 0.735156 0.175000 0.040625 0.016667
0 0.734375 0.162500 0.042188 0.016667
0 0.733594 0.150000 0.042188 0.013889
0 0.732812 0.137500 0.042188 0.013889
0 0.730859 0.125000 0.042969 0.016667
0 0.730078 0.112500 0.042969 0.013889
0 0.729297 0.099306 0.041406 0.018056
0 0.728516 0.086111 0.042969 0.016667
0 0.727344 0.073611 0.042188 0.016667
0 0.726172 0.060417 0.041406 0.015278
0 0.725781 0.049306 0.040625 0.012500
0 0.725000 0.037500 0.039062 0.013889
0 0.723828 0.026389 0.039844 0.013889
0 0.722266 0.017361 0.039844 0.015278
0 0.777734 0.189583 0.041406 0.015278
0 0.777344 0.175694 0.040625 0.015278
0 0.776953 0.163194 0.039844 0.015278
0 0.776172 0.150000 0.039844 0.013889
0 0.775781 0.136806 0.039062 0.015278
0 0.774609 0.123611 0.039844 0.013889
0 0.773828 0.111806 0.038281 0.015278
0 0.772266 0.098611 0.039844 0.016667
0 0.770312 0.085417 0.037500 0.015278
0 0.769922 0.074306 0.038281 0.015278
0 0.768359 0.062500 0.039844 0.016667
0 0.767188 0.050694 0.039062 0.015278
0 0.766016 0.038194 0.039844 0.012500
0 0.764453 0.028472 0.039844 0.012500
0 0.763672 0.016667 0.038281 0.013889
0 0.669141 0.015972 0.041406 0.012500
0 0.670312 0.006250 0.039062 0.009722
0 0.722656 0.006250 0.039062 0.012500
0 0.832422 0.193056 0.047656 0.019444
0 0.830859 0.178472 0.047656 0.018056
0 0.831250 0.165972 0.045312 0.015278
0 0.828906 0.154167 0.045312 0.016667
0 0.826953 0.139583 0.044531 0.018056
0 0.825000 0.127778 0.046875 0.016667
0 0.823047 0.114583 0.044531 0.015278
0 0.822266 0.100000 0.046094 0.016667
0 0.821875 0.090278 0.046875 0.013889
0 0.819922 0.077778 0.046094 0.013889
0 0.819531 0.066667 0.046875 0.013889
0 0.818359 0.055556 0.046094 0.016667
0 0.817187 0.044444 0.045312 0.016667
0 0.815625 0.031944 0.046875 0.016667
0 0.814453 0.021528 0.044531 0.015278
0 0.812891 0.012500 0.042969 0.016667
0 0.880078 0.196528 0.041406 0.018056
0 0.878125 0.184028 0.042188 0.020833
0 0.876953 0.170833 0.041406 0.019444
0 0.874609 0.157639 0.042969 0.018056
0 0.873828 0.144444 0.041406 0.016667
0 0.872266 0.131250 0.041406 0.018056
0 0.871484 0.120139 0.042969 0.015278
0 0.868750 0.106944 0.043750 0.016667
0 0.868359 0.095833 0.042969 0.016667
0 0.867578 0.084028 0.041406 0.015278
0 0.865625 0.070833 0.040625 0.016667
0 0.864062 0.059028 0.040625 0.015278
0 0.862500 0.046528 0.040625 0.018056
0 0.861328 0.034722 0.041406 0.013889
0 0.859375 0.022917 0.042188 0.018056
0 0.858203 0.013194 0.039844 0.018056
0 0.919141 0.202083 0.035156 0.023611
0 0.917578 0.188194 0.036719 0.018056
0 0.916406 0.175000 0.035937 0.019444
0 0.915234 0.163194 0.036719 0.018056
0 0.914062 0.150694 0.037500 0.015278
0 0.913281 0.138889 0.037500 0.019444
0 0.912109 0.127778 0.036719 0.016667
0 0.910547 0.114583 0.038281 0.018056
0 0.909375 0.100694 0.037500 0.018056
0 0.907031 0.090972 0.037500 0.018056
0 0.905078 0.077778 0.038281 0.019444
0 0.903906 0.065972 0.035937 0.018056
0 0.901953 0.054861 0.036719 0.018056
0 0.900781 0.043750 0.035937 0.020833
0 0.899609 0.032639 0.036719 0.018056
0 0.898047 0.021528 0.033594 0.018056
0 0.895703 0.011806 0.036719 0.020833
0 0.956250 0.208333 0.037500 0.022222
0 0.954688 0.196528 0.037500 0.020833
0 0.953516 0.184722 0.036719 0.019444
0 0.952344 0.171528 0.037500 0.020833
0 0.950000 0.159028 0.034375 0.020833
0 0.950000 0.147222 0.034375 0.019444
0 0.948047 0.134028 0.033594 0.020833
0 0.947266 0.122917 0.033594 0.020833
0 0.944922 0.109028 0.033594 0.020833
0 0.943750 0.098611 0.034375 0.019444
0 0.941797 0.082639 0.035156 0.031944
0 0.939063 0.064583 0.034375 0.018056
0 0.937500 0.052083 0.034375 0.020833
0 0.935937 0.043056 0.032813 0.019444
0 0.934766 0.031944 0.032031 0.022222
0 0.931641 0.022222 0.033594 0.019444
0 0.930469 0.010417 0.032813 0.018056
0 0.987891 0.205556 0.022656 0.016667
0 0.987500 0.192361 0.025000 0.018056
0 0.986328 0.179861 0.027344 0.018056
0 0.985156 0.168750 0.028125 0.018056
0 0.984375 0.157639 0.029687 0.018056
0 0.983203 0.145833 0.032031 0.019444
0 0.983203 0.134722 0.032031 0.019444
0 0.980859 0.122917 0.032031 0.020833
0 0.978906 0.112500 0.031250 0.019444
0 0.976953 0.098611 0.030469 0.022222
0 0.975391 0.088194 0.030469 0.020833
0 0.974219 0.077778 0.029687 0.019444
0 0.974219 0.067361 0.031250 0.020833
0 0.970703 0.056944 0.030469 0.019444
0 0.968359 0.043750 0.027344 0.020833
0 0.984766 0.027083 0.028906 0.023611
0 0.987891 0.036111 0.022656 0.016667
