0 0.528516 0.708125 0.060156 0.053750
0 0.817187 0.951875 0.068750 0.093750
0 0.270313 0.732500 0.164062 0.107500
0 0.123828 0.735000 0.175781 0.092500
0 0.333594 0.609375 0.020313 0.026250
0 0.406641 0.189375 0.046094 0.018750
0 0.407813 0.178125 0.043750 0.018750
0 0.407422 0.166875 0.047656 0.018750
0 0.407031 0.152500 0.046875 0.020000
0 0.408594 0.140000 0.043750 0.020000
0 0.410156 0.129375 0.045312 0.021250
0 0.411328 0.116250 0.042969 0.017500
0 0.411719 0.103750 0.043750 0.020000
0 0.412109 0.092500 0.041406 0.017500
0 0.413672 0.081250 0.042969 0.020000
0 0.413672 0.070000 0.044531 0.015000
0 0.414062 0.058125 0.043750 0.021250
0 0.415234 0.045000 0.041406 0.017500
0 0.453125 0.192500 0.043750 0.017500
0 0.453516 0.182500 0.042969 0.015000
0 0.453516 0.172500 0.042969 0.020000
0 0.454297 0.160000 0.044531 0.020000
0 0.454297 0.146250 0.042969 0.020000
0 0.455078 0.136250 0.042969 0.020000
0 0.456250 0.124375 0.042188 0.021250
0 0.456641 0.110625 0.042969 0.021250
0 0.457422 0.099375 0.042969 0.018750
0 0.458594 0.088750 0.043750 0.020000
0 0.458594 0.076250 0.043750 0.017500
0 0.459766 0.063750 0.042969 0.017500
0 0.460547 0.051250 0.042969 0.020000
0 0.512891 0.186875 0.044531 0.018750
0 0.513672 0.175000 0.042969 0.017500
0 0.513281 0.163125 0.043750 0.018750
0 0.514062 0.150625 0.043750 0.018750
0 0.514062 0.138750 0.043750 0.017500
0 0.514062 0.126875 0.043750 0.018750
0 0.514453 0.115000 0.042969 0.017500
0 0.514844 0.103125 0.042188 0.018750
0 0.514844 0.090625 0.042188 0.016250
0 0.514844 0.077500 0.042188 0.017500
0 0.515625 0.066250 0.040625 0.015000
0 0.515234 0.054375 0.042969 0.016250
0 0.564844 0.204375 0.043750 0.018750
0 0.565234 0.193125 0.042969 0.018750
0 0.564844 0.181250 0.042188 0.017500
0 0.565234 0.167500 0.042969 0.020000
0 0.565234 0.157500 0.042969 0.020000
0 0.566016 0.146250 0.041406 0.017500
0 0.566016 0.132500 0.042969 0.020000
0 0.567187 0.122500 0.042188 0.020000
0 0.567969 0.109375 0.042188 0.016250
0 0.567969 0.097500 0.043750 0.017500
0 0.569141 0.085625 0.042969 0.018750
0 0.569531 0.073125 0.042188 0.018750
0 0.569922 0.060000 0.042969 0.022500
0 0.607422 0.185625 0.042969 0.013750
0 0.607812 0.173125 0.042188 0.018750
0 0.608203 0.161250 0.041406 0.017500
0 0.608594 0.149375 0.042188 0.018750
0 0.608203 0.138125 0.042969 0.016250
0 0.608984 0.126875 0.042969 0.016250
0 0.665625 0.201875 0.042188 0.016250
0 0.666406 0.190625 0.042188 0.016250
0 0.666016 0.178750 0.042969 0.017500
0 0.667188 0.167500 0.043750 0.020000
0 0.667578 0.155625 0.041406 0.016250
0 0.668359 0.143750 0.041406 0.017500
0 0.669531 0.131875 0.040625 0.018750
0 0.669922 0.120625 0.041406 0.018750
0 0.669531 0.108125 0.042188 0.018750
0 0.669922 0.095625 0.042969 0.018750
0 0.669922 0.083125 0.042969 0.018750
0 0.671094 0.071875 0.042188 0.018750
0 0.716797 0.219375 0.044531 0.018750
0 0.716406 0.208125 0.045312 0.018750
0 0.716406 0.196250 0.045312 0.017500
0 0.717578 0.185000 0.044531 0.017500
0 0.717578 0.171250 0.044531 0.020000
0 0.717969 0.158125 0.045312 0.021250
0 0.719141 0.146875 0.046094 0.016250
0 0.719531 0.135625 0.045312 0.018750
0 0.720313 0.125000 0.045312 0.017500
0 0.720703 0.111875 0.046094 0.016250
0 0.720703 0.100625 0.046094 0.016250
0 0.721484 0.089375 0.044531 0.018750
0 0.722656 0.077500 0.042188 0.022500
0 0.762500 0.260625 0.042188 0.018750
0 0.763672 0.248125 0.041406 0.018750
0 0.765234 0.236250 0.044531 0.017500
0 0.766797 0.225000 0.044531 0.015000
0 0.766406 0.211875 0.042188 0.018750
0 0.766797 0.201250 0.042969 0.017500
0 0.767578 0.188125 0.042969 0.016250
0 0.766797 0.175625 0.042969 0.016250
0 0.766406 0.164375 0.043750 0.018750
0 0.768359 0.153125 0.042969 0.018750
0 0.768359 0.140000 0.044531 0.017500
0 0.768750 0.128750 0.042188 0.017500
0 0.769141 0.116875 0.042969 0.018750
0 0.769141 0.105625 0.042969 0.016250
0 0.769141 0.093125 0.042969 0.016250
0 0.769531 0.080000 0.042188 0.017500
0 0.812891 0.290625 0.042969 0.018750
0 0.812109 0.277500 0.041406 0.017500
0 0.813281 0.264375 0.042188 0.016250
0 0.813672 0.252500 0.042969 0.017500
0 0.814453 0.241250 0.041406 0.017500
0 0.814844 0.228750 0.040625 0.017500
0 0.816016 0.216250 0.042969 0.020000
0 0.817578 0.205000 0.041406 0.017500
0 0.817187 0.193125 0.042188 0.018750
0 0.816406 0.180000 0.042188 0.017500
0 0.818359 0.167500 0.042969 0.017500
0 0.818359 0.156875 0.042969 0.018750
0 0.817187 0.145625 0.040625 0.018750
0 0.817187 0.133750 0.040625 0.017500
0 0.817187 0.120625 0.040625 0.016250
0 0.817969 0.109375 0.040625 0.018750
0 0.818359 0.098750 0.041406 0.017500
0 0.842969 0.185625 0.092188 0.216250
0 0.869141 0.272500 0.041406 0.017500
0 0.869141 0.258750 0.041406 0.017500
0 0.869531 0.248125 0.042188 0.021250
0 0.869531 0.233125 0.042188 0.018750
0 0.869922 0.223125 0.042969 0.021250
0 0.870313 0.211250 0.040625 0.017500
0 0.918750 0.290000 0.043750 0.015000
0 0.919141 0.277500 0.042969 0.017500
0 0.918750 0.265625 0.043750 0.016250
0 0.918359 0.253750 0.042969 0.017500
0 0.919531 0.241250 0.043750 0.017500
0 0.919922 0.228750 0.044531 0.017500
0 0.919531 0.217500 0.043750 0.017500
0 0.921094 0.206875 0.045312 0.016250
0 0.921094 0.193750 0.045312 0.017500
0 0.920703 0.181875 0.044531 0.016250
0 0.971484 0.295625 0.042969 0.018750
0 0.972266 0.282500 0.042969 0.015000
0 0.972266 0.270625 0.042969 0.016250
0 0.973047 0.258750 0.042969 0.017500
0 0.973437 0.246875 0.043750 0.013750
0 0.973437 0.234375 0.043750 0.016250
0 0.973828 0.221875 0.042969 0.016250
0 0.974219 0.210625 0.043750 0.016250
0 0.974219 0.198750 0.043750 0.017500
0 0.974609 0.185625 0.044531 0.016250
0 0.973828 0.174375 0.044531 0.016250
0 0.974609 0.163125 0.042969 0.016250
0 0.974609 0.151250 0.041406 0.020000
0 0.974219 0.138750 0.039062 0.017500
0 0.975000 0.126250 0.042188 0.017500
0 0.976953 0.115625 0.042969 0.016250
0 0.976953 0.103125 0.041406 0.016250
0 0.921484 0.169375 0.042969 0.018750
0 0.921875 0.158125 0.043750 0.016250
0 0.923438 0.146250 0.045312 0.017500
0 0.923047 0.134375 0.044531 0.016250
0 0.923438 0.121875 0.043750 0.016250
0 0.924219 0.110000 0.045312 0.017500
0 0.871875 0.200625 0.042188 0.018750
0 0.871875 0.188125 0.043750 0.016250
0 0.872656 0.177500 0.043750 0.020000
0 0.873047 0.164375 0.044531 0.018750
0 0.873437 0.153750 0.043750 0.020000
0 0.873437 0.139375 0.042188 0.021250
