0 0.658203 0.633333 0.071094 0.027778
0 0.751172 0.649306 0.086719 0.031944
0 0.845313 0.627083 0.076563 0.034722
0 0.922266 0.481944 0.030469 0.033333
0 0.966797 0.460417 0.013281 0.037500
0 0.992188 0.430556 0.015625 0.063889
0 0.992188 0.669444 0.015625 0.066667
0 0.955859 0.644444 0.011719 0.050000
0 0.922266 0.625000 0.028906 0.044444
0 0.848828 0.442361 0.074219 0.031944
0 0.807422 0.461111 0.010156 0.036111
0 0.749609 0.427778 0.083594 0.033333
0 0.576953 0.516667 0.088281 0.022222
0 0.600000 0.566667 0.045312 0.022222
0 0.603906 0.622222 0.042188 0.025000
0 0.574219 0.629861 0.017188 0.020833
0 0.540234 0.652778 0.039844 0.044444
0 0.453516 0.684028 0.110156 0.068056
0 0.450391 0.583333 0.116406 0.044444
0 0.448828 0.480556 0.113281 0.055556
0 0.451562 0.376389 0.110937 0.077778
0 0.308203 0.352778 0.169531 0.125000
0 0.299219 0.545833 0.176563 0.061111
0 0.305078 0.744444 0.152344 0.108333
0 0.098828 0.537500 0.197656 0.100000
0 0.100000 0.275000 0.200000 0.144444
0 0.099609 0.793750 0.197656 0.106944
0 0.340234 0.029861 0.075781 0.059722
0 0.413281 0.078472 0.075000 0.115278
0 0.478516 0.160417 0.057031 0.093056
0 0.530469 0.235417 0.039062 0.054167
0 0.564453 0.279167 0.032031 0.047222
0 0.564063 0.038194 0.039062 0.076389
0 0.586719 0.086111 0.025000 0.050000
0 0.976562 0.175694 0.046875 0.084722
0 0.946484 0.250694 0.035156 0.079167
0 0.921484 0.290972 0.021094 0.045833
0 0.904687 0.325694 0.020313 0.040278
0 0.930078 0.138889 0.030469 0.083333
0 0.903516 0.100694 0.017969 0.062500
0 0.890625 0.151389 0.021875 0.058333
0 0.573828 0.461806 0.097656 0.026389
0 0.574609 0.407639 0.096094 0.023611
