0 0.925781 0.697222 0.145313 0.094444
0 0.846875 0.643056 0.051562 0.063889
0 0.753125 0.636806 0.145313 0.073611
0 0.439844 0.718056 0.195312 0.105556
0 0.342578 0.672222 0.041406 0.083333
0 0.267188 0.670139 0.117188 0.051389
0 0.166797 0.575694 0.058594 0.031944
0 0.146875 0.475694 0.092188 0.018056
0 0.207422 0.481944 0.019531 0.016667
0 0.207422 0.565278 0.014844 0.025000
0 0.196094 0.397917 0.042188 0.020833
0 0.181250 0.257639 0.048438 0.051389
0 0.221484 0.278472 0.032031 0.043056
0 0.255469 0.312500 0.035937 0.030556
0 0.257812 0.234722 0.039062 0.033333
0 0.228125 0.185417 0.031250 0.045833
0 0.183594 0.149306 0.062500 0.051389
0 0.096484 0.190972 0.102344 0.059722
0 0.138281 0.065278 0.050000 0.075000
0 0.075000 0.030556 0.067187 0.061111
0 0.560937 0.586111 0.065625 0.027778
0 0.603516 0.573611 0.025781 0.013889
0 0.627344 0.572917 0.021875 0.020833
0 0.664062 0.579861 0.051562 0.026389
0 0.768750 0.491667 0.042188 0.019444
0 0.796094 0.495139 0.014063 0.015278
0 0.736328 0.497222 0.022656 0.025000
0 0.717578 0.495833 0.016406 0.013889
0 0.712891 0.433333 0.017969 0.019444
0 0.729688 0.427083 0.015625 0.018056
0 0.753516 0.324306 0.036719 0.029167
0 0.753906 0.288889 0.042188 0.025000
0 0.793750 0.294444 0.029687 0.033333
0 0.716797 0.266667 0.035156 0.022222
0 0.707031 0.312500 0.012500 0.022222
0 0.707812 0.356944 0.014063 0.025000
0 0.721875 0.342361 0.021875 0.023611
0 0.987500 0.056944 0.025000 0.047222
0 0.234375 0.073611 0.020313 0.041667
0 0.209375 0.031250 0.032813 0.054167
0 0.255078 0.105556 0.021094 0.044444
0 0.271875 0.133333 0.018750 0.036111
0 0.277734 0.064583 0.017969 0.037500
0 0.250781 0.021528 0.045312 0.043056
0 0.842969 0.406250 0.014063 0.018056
0 0.848047 0.254861 0.013281 0.023611
0 0.705859 0.159722 0.022656 0.022222
0 0.703906 0.121528 0.023438 0.026389
0 0.702344 0.084028 0.025000 0.026389
0 0.681641 0.151389 0.024219 0.022222
0 0.676172 0.184722 0.010156 0.013889
0 0.678906 0.222222 0.012500 0.022222
0 0.717578 0.178472 0.013281 0.026389
0 0.702734 0.197917 0.014844 0.023611
0 0.667969 0.333333 0.010937 0.019444
0 0.678906 0.322222 0.010937 0.019444
0 0.691016 0.311111 0.014844 0.022222
0 0.685156 0.284722 0.026562 0.013889
0 0.666797 0.306944 0.011719 0.016667
0 0.666406 0.281250 0.012500 0.018056
0 0.659766 0.387500 0.011719 0.013889
0 0.666797 0.235417 0.013281 0.018056
0 0.778906 0.088194 0.025000 0.045833
0 0.809766 0.049306 0.028906 0.045833
0 0.837109 0.018056 0.030469 0.033333
