0 0.963802 0.737500 0.050521 0.054630
0 0.728125 0.720833 0.087500 0.037963
0 0.661458 0.686574 0.051042 0.034259
0 0.591146 0.560648 0.048958 0.032407
0 0.588021 0.462500 0.053125 0.025000
0 0.696615 0.341204 0.047396 0.019444
0 0.697917 0.358796 0.047917 0.019444
0 0.434375 0.465741 0.121875 0.037037
0 0.530729 0.462037 0.065625 0.029630
0 0.431510 0.583796 0.117188 0.041667
0 0.535417 0.566667 0.057292 0.029630
0 0.541927 0.671759 0.051562 0.045370
0 0.640365 0.552778 0.046354 0.027778
0 0.662500 0.466667 0.083333 0.020370
0 0.723698 0.465741 0.041146 0.022222
0 0.943750 0.177315 0.043750 0.023148
0 0.984115 0.162500 0.031771 0.023148
0 0.948698 0.308333 0.039062 0.022222
0 0.984635 0.300926 0.029687 0.022222
0 0.413281 0.045833 0.066146 0.058333
0 0.413281 0.027778 0.065104 0.051852
0 0.471875 0.080556 0.056250 0.053704
0 0.471875 0.060648 0.055208 0.050926
0 0.472656 0.041204 0.054688 0.054630
0 0.471615 0.023611 0.055729 0.043519
0 0.524219 0.114352 0.050521 0.047222
0 0.523698 0.089815 0.051562 0.048148
0 0.523958 0.075000 0.050000 0.050000
0 0.523177 0.054167 0.051562 0.054630
0 0.523698 0.033796 0.050521 0.056481
0 0.523438 0.019907 0.051042 0.036111
0 0.575260 0.143056 0.040104 0.039815
0 0.575000 0.126389 0.040625 0.041667
0 0.573958 0.106019 0.042708 0.045370
0 0.575000 0.086111 0.040625 0.046296
0 0.574479 0.065741 0.040625 0.040741
0 0.573438 0.050000 0.041667 0.042593
0 0.573177 0.031019 0.041146 0.049074
0 0.572917 0.017130 0.041667 0.032407
0 0.614583 0.164352 0.038542 0.037963
0 0.614583 0.147685 0.038542 0.036111
0 0.614583 0.130556 0.038542 0.035185
0 0.614583 0.113889 0.038542 0.038889
0 0.613802 0.095833 0.039062 0.036111
0 0.613542 0.077315 0.040625 0.039815
0 0.650781 0.184722 0.032813 0.034259
0 0.650781 0.169444 0.033854 0.033333
0 0.650521 0.154167 0.035417 0.032407
0 0.650000 0.136574 0.034375 0.034259
0 0.650000 0.121759 0.033333 0.036111
0 0.650000 0.105093 0.033333 0.036111
0 0.648958 0.088889 0.032292 0.035185
0 0.647917 0.073148 0.032292 0.035185
0 0.680990 0.203241 0.027604 0.028704
0 0.681250 0.188889 0.028125 0.035185
0 0.681250 0.174537 0.028125 0.034259
0 0.681510 0.159722 0.028646 0.034259
0 0.681250 0.143981 0.029167 0.034259
0 0.681250 0.128704 0.029167 0.033333
0 0.680990 0.114352 0.030729 0.036111
0 0.680729 0.100000 0.030208 0.033333
0 0.680208 0.084259 0.029167 0.035185
0 0.706771 0.217593 0.025000 0.025926
0 0.707031 0.205556 0.025521 0.027778
0 0.706771 0.190741 0.025000 0.027778
0 0.706771 0.178241 0.026042 0.028704
0 0.706771 0.163889 0.023958 0.029630
0 0.706771 0.149537 0.023958 0.030556
0 0.707031 0.135648 0.023438 0.032407
0 0.705729 0.121296 0.022917 0.033333
0 0.705729 0.105556 0.023958 0.029630
0 0.705729 0.092593 0.023958 0.031481
0 0.730208 0.230093 0.021875 0.026852
0 0.729948 0.216667 0.022396 0.029630
0 0.729688 0.202315 0.020833 0.026852
0 0.729688 0.189815 0.021875 0.024074
0 0.728906 0.175926 0.020313 0.031481
0 0.728385 0.162037 0.020313 0.025926
0 0.728646 0.149074 0.020833 0.029630
0 0.728646 0.134722 0.021875 0.030556
0 0.728906 0.121759 0.022396 0.032407
0 0.728385 0.106944 0.022396 0.034259
0 0.727865 0.092593 0.022396 0.033333
0 0.727604 0.080556 0.022917 0.031481
0 0.750000 0.242593 0.018750 0.024074
0 0.750521 0.231019 0.018750 0.026852
0 0.749479 0.217130 0.018750 0.026852
0 0.748958 0.204167 0.017708 0.025000
0 0.748698 0.191667 0.018229 0.027778
0 0.748698 0.179630 0.019271 0.027778
0 0.747917 0.168056 0.018750 0.028704
0 0.747656 0.154630 0.018229 0.029630
0 0.747656 0.141204 0.018229 0.030556
0 0.747135 0.129167 0.018229 0.030556
0 0.746875 0.116667 0.017708 0.029630
0 0.746615 0.104167 0.018229 0.032407
0 0.612760 0.058796 0.039062 0.039815
0 0.612760 0.041204 0.039062 0.041667
0 0.612760 0.025000 0.038021 0.042593
0 0.612760 0.013426 0.038021 0.026852
0 0.647917 0.055556 0.033333 0.040741
0 0.647917 0.038426 0.032292 0.039815
0 0.647656 0.024537 0.030729 0.041667
0 0.679427 0.068981 0.028646 0.037963
0 0.678906 0.052315 0.029687 0.041667
0 0.679427 0.040278 0.031771 0.037963
0 0.678646 0.025463 0.030208 0.039815
0 0.678385 0.016667 0.029687 0.031481
0 0.705208 0.078704 0.022917 0.037037
0 0.704688 0.061574 0.022917 0.032407
0 0.704948 0.047685 0.023438 0.032407
0 0.704427 0.033796 0.022396 0.032407
0 0.704167 0.020370 0.021875 0.033333
0 0.727344 0.067593 0.021354 0.033333
0 0.726562 0.054167 0.020833 0.034259
0 0.726562 0.040741 0.020833 0.031481
0 0.746354 0.092130 0.016667 0.028704
0 0.745573 0.078704 0.017188 0.031481
0 0.745573 0.066667 0.018229 0.031481
0 0.745313 0.055556 0.017708 0.035185
0 0.745052 0.042593 0.017188 0.033333
0 0.745313 0.030093 0.016667 0.032407
0 0.744792 0.017593 0.017708 0.031481
0 0.767708 0.241204 0.016667 0.023148
0 0.767188 0.228704 0.016667 0.022222
0 0.766667 0.218056 0.016667 0.021296
0 0.766146 0.206019 0.016667 0.023148
0 0.765104 0.193519 0.016667 0.024074
0 0.764844 0.181944 0.016146 0.025000
0 0.764583 0.170370 0.016667 0.025926
0 0.764323 0.156481 0.016146 0.025926
0 0.763802 0.143519 0.017188 0.025926
0 0.763802 0.133333 0.016146 0.027778
0 0.783594 0.249537 0.015104 0.017593
0 0.782813 0.239815 0.015625 0.020370
0 0.783073 0.228241 0.016146 0.019444
0 0.782813 0.216204 0.016667 0.021296
0 0.782292 0.205556 0.017708 0.022222
0 0.781510 0.194907 0.017188 0.023148
0 0.781250 0.183796 0.017708 0.023148
0 0.780990 0.172222 0.017188 0.022222
0 0.780729 0.161574 0.017708 0.023148
0 0.780208 0.149537 0.016667 0.023148
0 0.779948 0.137500 0.016146 0.023148
0 0.763802 0.120833 0.017188 0.026852
0 0.763542 0.108333 0.016667 0.027778
0 0.763281 0.096759 0.017188 0.030556
0 0.763021 0.084722 0.017708 0.028704
0 0.761458 0.071759 0.015625 0.023148
0 0.761979 0.062037 0.016667 0.029630
0 0.760938 0.049074 0.015625 0.027778
0 0.760417 0.035648 0.015625 0.030556
0 0.757812 0.021296 0.016667 0.025926
0 0.779167 0.126389 0.015625 0.025000
0 0.778906 0.115278 0.016146 0.025000
0 0.778646 0.103241 0.015625 0.025000
0 0.778646 0.091667 0.015625 0.025926
0 0.778125 0.080093 0.016667 0.025000
0 0.777344 0.069444 0.016146 0.025926
0 0.776823 0.057870 0.017188 0.023148
0 0.776823 0.046759 0.017188 0.025000
