0 0.978906 0.359028 0.028125 0.051389
0 0.957031 0.371528 0.025000 0.043056
0 0.952344 0.535417 0.021875 0.045833
0 0.979297 0.564583 0.033594 0.056944
0 0.363281 0.868750 0.243750 0.251389
0 0.624219 0.052083 0.106250 0.084722
0 0.681641 0.121528 0.047656 0.090278
0 0.711328 0.167361 0.032031 0.081944
0 0.744531 0.206944 0.034375 0.083333
0 0.780469 0.262500 0.015625 0.033333
0 0.762891 0.243056 0.024219 0.050000
0 0.966797 0.098611 0.049219 0.111111
0 0.950781 0.146528 0.045312 0.084722
0 0.940234 0.126389 0.024219 0.069444
0 0.920703 0.166667 0.039844 0.061111
0 0.910547 0.067361 0.024219 0.065278
