0 0.892969 0.298611 0.018750 0.033333
0 0.890625 0.325000 0.023438 0.025000
0 0.891797 0.343056 0.024219 0.027778
0 0.891797 0.369444 0.024219 0.030556
0 0.893359 0.393056 0.021094 0.025000
0 0.894531 0.414583 0.023438 0.020833
0 0.895312 0.435417 0.023438 0.023611
0 0.895312 0.457639 0.021875 0.023611
0 0.895703 0.479167 0.022656 0.022222
0 0.897656 0.498611 0.021875 0.022222
0 0.897656 0.522222 0.021875 0.022222
0 0.898438 0.547222 0.021875 0.025000
0 0.897266 0.572917 0.021094 0.026389
0 0.897656 0.594444 0.021875 0.025000
0 0.201563 0.634028 0.279687 0.098611
0 0.210156 0.840972 0.246875 0.143056
0 0.026562 0.865972 0.053125 0.106944
0 0.017969 0.634028 0.035937 0.115278
0 0.019531 0.366667 0.037500 0.113889
0 0.026953 0.119444 0.053906 0.136111
0 0.224219 0.212500 0.267188 0.180556
0 0.207422 0.414583 0.285156 0.134722
0 0.419922 0.106250 0.100781 0.120833
0 0.615625 0.018056 0.057813 0.030556
0 0.672266 0.012500 0.055469 0.019444
0 0.729688 0.006944 0.056250 0.013889
0 0.898438 0.623611 0.021875 0.030556
0 0.896484 0.647917 0.021094 0.029167
0 0.834766 0.646528 0.071094 0.026389
