0 0.489063 0.201389 0.126562 0.086111
0 0.581641 0.268750 0.039844 0.051389
0 0.612500 0.293750 0.025000 0.045833
0 0.636719 0.316667 0.023438 0.036111
0 0.625391 0.152778 0.039844 0.033333
0 0.629297 0.118750 0.021094 0.043056
0 0.610547 0.077778 0.032031 0.052778
0 0.552344 0.034722 0.101562 0.063889
0 0.311328 0.065278 0.163281 0.111111
0 0.957812 0.261111 0.048438 0.072222
0 0.922656 0.289583 0.026562 0.048611
0 0.898828 0.310417 0.017969 0.043056
0 0.885547 0.319444 0.016406 0.036111
0 0.867969 0.323611 0.021875 0.044444
0 0.954688 0.141667 0.050000 0.075000
0 0.901953 0.038889 0.030469 0.061111
0 0.929688 0.010417 0.040625 0.018056
0 0.887500 0.087500 0.028125 0.052778
0 0.881250 0.125694 0.026562 0.043056
0 0.860156 0.154167 0.026562 0.044444
