0 0.701042 0.608333 0.045833 0.050000
0 0.628385 0.586111 0.116146 0.044444
0 0.514583 0.332407 0.069792 0.020370
0 0.513542 0.347685 0.070833 0.015741
0 0.513281 0.364352 0.070312 0.017593
0 0.501823 0.379167 0.042188 0.019444
0 0.502083 0.393056 0.041667 0.017593
0 0.502865 0.407870 0.041146 0.019444
0 0.502865 0.427778 0.041146 0.020370
0 0.502865 0.442130 0.042188 0.021296
0 0.502083 0.457407 0.044792 0.024074
0 0.509896 0.473611 0.030208 0.017593
0 0.501823 0.490278 0.010937 0.017593
0 0.259115 0.234722 0.036979 0.013889
0 0.256510 0.196759 0.038021 0.015741
0 0.297917 0.211111 0.041667 0.014815
0 0.297656 0.238426 0.040104 0.015741
0 0.296615 0.133333 0.040104 0.014815
0 0.296615 0.106019 0.039062 0.013889
0 0.254948 0.088889 0.038021 0.016667
0 0.254948 0.050926 0.033854 0.014815
0 0.215885 0.121296 0.040104 0.018519
0 0.255990 0.127315 0.036979 0.015741
0 0.219271 0.232407 0.039583 0.016667
0 0.372917 0.226389 0.038542 0.015741
0 0.373958 0.125463 0.034375 0.012037
0 0.371615 0.093056 0.039062 0.025000
0 0.370312 0.055556 0.038542 0.025926
0 0.427344 0.081481 0.014063 0.027778
0 0.444271 0.062963 0.019792 0.027778
0 0.459896 0.044444 0.016667 0.029630
0 0.393750 0.302315 0.048958 0.019444
0 0.396354 0.315278 0.041667 0.015741
0 0.396875 0.330093 0.039583 0.015741
0 0.396875 0.343056 0.038542 0.013889
0 0.397917 0.354630 0.037500 0.016667
0 0.399740 0.367130 0.032813 0.015741
0 0.401042 0.382870 0.029167 0.021296
0 0.405469 0.394907 0.020313 0.015741
0 0.404427 0.408333 0.019271 0.018519
0 0.407031 0.422222 0.019271 0.018519
0 0.407031 0.433333 0.019271 0.014815
0 0.406771 0.449074 0.018750 0.020370
0 0.407031 0.465278 0.019271 0.017593
0 0.403385 0.480093 0.010937 0.017593
0 0.436458 0.415278 0.030208 0.015741
0 0.437500 0.430556 0.030208 0.016667
0 0.437760 0.445833 0.028646 0.015741
0 0.436198 0.391204 0.030729 0.013889
0 0.436719 0.381019 0.029687 0.013889
0 0.436458 0.368981 0.028125 0.013889
0 0.438021 0.328241 0.041667 0.013889
0 0.236979 0.460185 0.053125 0.014815
0 0.278385 0.398611 0.029687 0.008333
0 0.277604 0.405093 0.028125 0.008333
0 0.276042 0.411111 0.023958 0.005556
0 0.276042 0.417593 0.023958 0.007407
0 0.275260 0.423611 0.022396 0.008333
0 0.275521 0.431019 0.021875 0.008333
0 0.438281 0.300000 0.042188 0.016667
0 0.437760 0.313889 0.040104 0.012963
0 0.571354 0.361111 0.044792 0.012963
0 0.571354 0.348148 0.044792 0.018519
0 0.570573 0.332870 0.041146 0.017593
0 0.560417 0.316204 0.058333 0.019444
0 0.559896 0.300000 0.057292 0.018519
0 0.559635 0.280556 0.057813 0.020370
0 0.437240 0.355556 0.028646 0.016667
0 0.376563 0.259722 0.031250 0.012037
0 0.426823 0.083796 0.140104 0.167593
0 0.476302 0.024074 0.018229 0.033333
0 0.395573 0.121296 0.008854 0.014815
0 0.403906 0.110648 0.009896 0.019444
0 0.414583 0.097222 0.011458 0.022222
