0 0.177734 0.502083 0.202344 0.198611
0 0.320312 0.518750 0.051562 0.031944
0 0.361719 0.728472 0.092188 0.084722
0 0.373828 0.544444 0.058594 0.027778
0 0.382812 0.455556 0.048438 0.044444
0 0.367969 0.363889 0.087500 0.052778
0 0.344531 0.129167 0.060937 0.075000
0 0.278906 0.050000 0.070312 0.097222
0 0.423438 0.231250 0.031250 0.056944
0 0.395313 0.177083 0.042188 0.070833
0 0.791797 0.644444 0.022656 0.033333
0 0.426172 0.470139 0.041406 0.029167
0 0.425000 0.545833 0.043750 0.025000
0 0.424609 0.618056 0.042969 0.027778
0 0.459766 0.547222 0.027344 0.019444
0 0.460156 0.481250 0.028125 0.023611
0 0.363672 0.287500 0.107031 0.086111
0 0.359766 0.302778 0.110156 0.077778
0 0.460938 0.606250 0.026562 0.026389
0 0.824609 0.163194 0.066406 0.070833
0 0.810937 0.214583 0.064062 0.059722
0 0.795312 0.257639 0.073438 0.051389
0 0.792578 0.286806 0.091406 0.043056
0 0.444531 0.267361 0.053125 0.045833
0 0.448047 0.296528 0.071094 0.040278
