0 0.750260 0.604630 0.079687 0.029630
0 0.660937 0.729630 0.106250 0.083333
0 0.564844 0.732407 0.109896 0.085185
0 0.398958 0.102778 0.018750 0.031481
0 0.676562 0.285648 0.034375 0.017593
0 0.676302 0.274537 0.033854 0.019444
0 0.676302 0.262963 0.033854 0.018519
0 0.675781 0.252778 0.033854 0.018519
0 0.674740 0.243056 0.033854 0.017593
0 0.674740 0.231019 0.032813 0.019444
0 0.673958 0.212963 0.037500 0.024074
0 0.673698 0.200000 0.035937 0.020370
0 0.673438 0.187963 0.035417 0.024074
0 0.673438 0.175000 0.035417 0.022222
0 0.673438 0.165278 0.035417 0.021296
0 0.673438 0.155093 0.035417 0.023148
0 0.673438 0.143519 0.034375 0.022222
0 0.673438 0.131481 0.034375 0.022222
0 0.673177 0.119907 0.033854 0.025000
0 0.712240 0.189815 0.034896 0.018519
0 0.712240 0.178704 0.033854 0.020370
0 0.712240 0.168056 0.033854 0.021296
0 0.712500 0.156019 0.033333 0.021296
0 0.712760 0.145370 0.033854 0.020370
0 0.712760 0.133796 0.035937 0.021296
0 0.711979 0.122222 0.034375 0.020370
0 0.711979 0.109259 0.035417 0.022222
0 0.711979 0.100000 0.035417 0.022222
0 0.711719 0.088889 0.034896 0.020370
0 0.711719 0.078704 0.033854 0.020370
0 0.711979 0.067593 0.033333 0.022222
0 0.673438 0.108333 0.033333 0.022222
0 0.673177 0.097222 0.033854 0.020370
0 0.672917 0.087500 0.032292 0.023148
0 0.672917 0.076852 0.032292 0.020370
0 0.765365 0.189815 0.036979 0.025926
0 0.765104 0.175926 0.036458 0.024074
0 0.765365 0.163889 0.036979 0.022222
0 0.764844 0.152778 0.036979 0.022222
0 0.764844 0.139815 0.035937 0.020370
0 0.765104 0.129630 0.036458 0.020370
0 0.813281 0.163889 0.036979 0.020370
0 0.812760 0.152778 0.036979 0.020370
0 0.811979 0.141667 0.038542 0.024074
0 0.811979 0.130556 0.037500 0.022222
0 0.810937 0.118981 0.035417 0.019444
0 0.853646 0.167130 0.038542 0.019444
0 0.853385 0.155093 0.038021 0.017593
0 0.853646 0.143981 0.038542 0.019444
0 0.852865 0.132407 0.039062 0.022222
0 0.852604 0.119907 0.037500 0.019444
0 0.852344 0.109259 0.039062 0.022222
0 0.852083 0.097685 0.039583 0.021296
0 0.852083 0.087037 0.039583 0.022222
0 0.810417 0.109722 0.038542 0.023148
0 0.810156 0.097222 0.039062 0.024074
0 0.809896 0.084259 0.038542 0.022222
0 0.810156 0.073148 0.039062 0.022222
0 0.809896 0.060648 0.038542 0.019444
0 0.809115 0.050926 0.039062 0.020370
0 0.787240 0.078241 0.082812 0.102778
0 0.763542 0.107870 0.036458 0.021296
0 0.761198 0.096759 0.035937 0.021296
0 0.761458 0.085185 0.035417 0.022222
0 0.760417 0.074074 0.035417 0.022222
0 0.759635 0.061111 0.035937 0.022222
0 0.758594 0.051389 0.035937 0.025000
0 0.855729 0.248148 0.038542 0.020370
0 0.855208 0.235648 0.037500 0.019444
0 0.854948 0.224074 0.038021 0.018519
0 0.854688 0.211574 0.036458 0.019444
0 0.854167 0.200463 0.035417 0.017593
0 0.853906 0.189352 0.034896 0.017593
0 0.853125 0.179630 0.035417 0.018519
0 0.909896 0.237963 0.041667 0.018519
0 0.910417 0.227315 0.044792 0.023148
0 0.910417 0.215741 0.044792 0.024074
0 0.909896 0.205093 0.043750 0.026852
0 0.908854 0.192593 0.041667 0.027778
0 0.908594 0.180093 0.041146 0.026852
0 0.908854 0.167130 0.040625 0.025000
0 0.908333 0.156019 0.040625 0.025000
0 0.908333 0.140278 0.040625 0.021296
0 0.964323 0.200926 0.044271 0.018519
0 0.964063 0.188426 0.044792 0.019444
0 0.963802 0.175926 0.044271 0.022222
0 0.963542 0.163889 0.043750 0.020370
0 0.963281 0.152778 0.043229 0.020370
0 0.963021 0.141204 0.042708 0.021296
0 0.963021 0.128704 0.042708 0.022222
0 0.962760 0.117130 0.042188 0.021296
0 0.962760 0.106481 0.042188 0.022222
0 0.962760 0.093056 0.042188 0.025000
0 0.961198 0.080093 0.042188 0.025000
0 0.961719 0.067130 0.043229 0.021296
0 0.961198 0.056019 0.042188 0.023148
0 0.961719 0.043519 0.043229 0.024074
0 0.908594 0.129167 0.041146 0.019444
0 0.909375 0.118056 0.040625 0.019444
0 0.909115 0.106944 0.040104 0.023148
0 0.908594 0.094907 0.039062 0.021296
0 0.908594 0.081944 0.040104 0.023148
0 0.908333 0.071759 0.040625 0.021296
0 0.908073 0.059722 0.040104 0.021296
0 0.907552 0.046759 0.040104 0.025000
0 0.907552 0.034722 0.039062 0.023148
0 0.960677 0.031019 0.041146 0.021296
0 0.960677 0.019444 0.042188 0.020370
0 0.960156 0.009259 0.042188 0.016667
0 0.906771 0.023148 0.038542 0.024074
0 0.905729 0.011111 0.039583 0.022222
0 0.993750 0.072685 0.011458 0.015741
0 0.993750 0.059259 0.011458 0.014815
0 0.993750 0.046759 0.011458 0.015741
0 0.993750 0.034259 0.011458 0.012963
0 0.993750 0.021296 0.011458 0.012963
0 0.993490 0.007407 0.011979 0.014815
