0 0.467187 0.840972 0.265625 0.262500
0 0.164062 0.899306 0.307812 0.190278
0 0.764453 0.549306 0.064844 0.093056
0 0.795703 0.521528 0.055469 0.068056
0 0.824219 0.504167 0.026562 0.044444
0 0.843750 0.470833 0.007812 0.016667
0 0.835938 0.484722 0.021875 0.036111
0 0.533594 0.188194 0.179688 0.118056
0 0.398438 0.154861 0.156250 0.118056
0 0.739453 0.232639 0.086719 0.081944
0 0.792578 0.265972 0.021094 0.062500
0 0.807813 0.284722 0.023438 0.050000
0 0.823047 0.301389 0.016406 0.041667
0 0.832812 0.313194 0.015625 0.040278
0 0.840625 0.322222 0.014063 0.038889
0 0.853125 0.331250 0.007812 0.029167
0 0.813672 0.217361 0.088281 0.043056
0 0.642578 0.085417 0.113281 0.084722
0 0.465234 0.029861 0.103906 0.056944
