0 0.798047 0.629861 0.100781 0.043056
0 0.701953 0.636111 0.066406 0.044444
0 0.585938 0.633333 0.106250 0.038889
0 0.487891 0.628472 0.046094 0.031944
0 0.527344 0.627083 0.045312 0.031944
0 0.450000 0.617361 0.051562 0.031944
0 0.370703 0.607639 0.083594 0.031944
0 0.298438 0.686806 0.132812 0.056944
0 0.186328 0.657639 0.082031 0.062500
0 0.133203 0.617361 0.064844 0.034722
0 0.063672 0.598611 0.021094 0.030556
0 0.036328 0.587500 0.038281 0.030556
0 0.652344 0.313889 0.168750 0.069444
0 0.651563 0.248611 0.175000 0.044444
0 0.837109 0.291667 0.172656 0.061111
0 0.966797 0.275694 0.063281 0.056944
0 0.487500 0.336806 0.156250 0.059722
0 0.349609 0.361806 0.111719 0.048611
0 0.271875 0.385417 0.046875 0.031944
0 0.192969 0.411806 0.059375 0.034722
0 0.148828 0.425000 0.039844 0.027778
0 0.196094 0.322222 0.053125 0.038889
0 0.277344 0.292361 0.098437 0.048611
0 0.267969 0.227083 0.071875 0.070833
0 0.199609 0.257639 0.058594 0.043056
0 0.490625 0.128472 0.142187 0.101389
0 0.356641 0.179861 0.116406 0.090278
0 0.446875 0.069444 0.082812 0.072222
0 0.394922 0.079167 0.053906 0.041667
0 0.636328 0.056944 0.164844 0.052778
0 0.636719 0.159028 0.178125 0.054167
0 0.826562 0.138194 0.164062 0.059722
0 0.819141 0.036111 0.160156 0.072222
0 0.952734 0.030556 0.092969 0.047222
0 0.958203 0.125694 0.077344 0.037500
