0 0.837891 0.658333 0.099219 0.052778
0 0.725781 0.683333 0.117188 0.038889
0 0.362891 0.647917 0.139844 0.056944
0 0.233203 0.363194 0.108594 0.045833
0 0.233594 0.381250 0.110937 0.037500
0 0.234375 0.407639 0.107813 0.037500
0 0.233594 0.427778 0.103125 0.033333
0 0.233203 0.453472 0.105469 0.034722
0 0.232813 0.475694 0.106250 0.031944
0 0.230859 0.502778 0.103906 0.027778
0 0.232813 0.525000 0.104688 0.030556
0 0.967578 0.286111 0.063281 0.041667
0 0.971094 0.411111 0.057813 0.041667
0 0.972656 0.540278 0.054688 0.047222
0 0.971094 0.659722 0.057813 0.044444
0 0.931641 0.140278 0.088281 0.044444
0 0.903906 0.227083 0.012500 0.034722
0 0.916406 0.052083 0.071875 0.037500
0 0.910937 0.031250 0.071875 0.037500
0 0.908594 0.016667 0.070312 0.033333
0 0.058594 0.611111 0.053125 0.022222
0 0.058203 0.587500 0.050781 0.025000
0 0.059766 0.561806 0.055469 0.026389
0 0.057031 0.540278 0.056250 0.025000
0 0.056250 0.516667 0.056250 0.025000
0 0.056641 0.491667 0.053906 0.025000
0 0.059375 0.469444 0.046875 0.025000
0 0.064062 0.447917 0.056250 0.026389
0 0.063672 0.424306 0.057031 0.029167
0 0.050391 0.400694 0.035156 0.020833
0 0.051953 0.380556 0.033594 0.027778
0 0.057813 0.322222 0.039062 0.033333
0 0.449609 0.627778 0.035156 0.036111
0 0.082812 0.087500 0.023438 0.027778
0 0.116016 0.057639 0.030469 0.034722
0 0.148047 0.030556 0.032031 0.033333
0 0.182812 0.010417 0.028125 0.020833
