0 0.391016 0.858333 0.369531 0.263889
0 0.660156 0.670833 0.179688 0.163889
0 0.759375 0.593056 0.068750 0.097222
0 0.794922 0.556250 0.042969 0.065278
0 0.794141 0.150000 0.027344 0.077778
0 0.763281 0.092361 0.054688 0.104167
0 0.767969 0.039583 0.060937 0.079167
0 0.704297 0.036111 0.060156 0.061111
0 0.811328 0.189583 0.016406 0.059722
0 0.826953 0.229167 0.030469 0.063889
0 0.696094 0.420833 0.221875 0.075000
0 0.287109 0.166667 0.224219 0.213889
0 0.977734 0.236806 0.024219 0.062500
0 0.951172 0.113889 0.041406 0.069444
0 0.818359 0.047222 0.038281 0.086111
0 0.417969 0.301389 0.092188 0.047222
0 0.546875 0.325694 0.053125 0.040278
