0 0.604688 0.683333 0.268750 0.191667
0 0.757031 0.610417 0.064062 0.104167
0 0.798828 0.577778 0.052344 0.091667
0 0.810547 0.542361 0.064844 0.070833
0 0.872266 0.506944 0.017969 0.041667
0 0.236328 0.874306 0.435156 0.245833
0 0.499609 0.064583 0.255469 0.118056
0 0.578516 0.130556 0.317969 0.158333
0 0.683594 0.208333 0.206250 0.116667
0 0.714063 0.253472 0.204687 0.112500
0 0.780859 0.290972 0.122656 0.079167
0 0.844531 0.293056 0.023438 0.058333
0 0.846484 0.297222 0.047656 0.072222
0 0.817578 0.143056 0.105469 0.075000
0 0.985547 0.108333 0.019531 0.044444
0 0.987891 0.063889 0.019531 0.055556
0 0.982812 0.150694 0.023438 0.062500
0 0.311719 0.332639 0.076563 0.062500
0 0.388672 0.335417 0.063281 0.043056
0 0.222266 0.332639 0.097656 0.065278
0 0.126562 0.347222 0.095312 0.047222
0 0.439844 0.348611 0.045312 0.063889
