0 0.701823 0.284722 0.150521 0.054630
0 0.701562 0.315741 0.152083 0.044444
0 0.706510 0.341667 0.148438 0.037037
0 0.702604 0.368056 0.145833 0.037963
0 0.700521 0.397222 0.143750 0.031481
0 0.701823 0.421296 0.140104 0.035185
0 0.700260 0.450463 0.140104 0.032407
0 0.701302 0.480556 0.143229 0.037037
0 0.703385 0.501852 0.146354 0.024074
0 0.890625 0.662963 0.204167 0.122222
0 0.421875 0.334259 0.090625 0.029630
0 0.422396 0.352315 0.091667 0.025000
0 0.443490 0.372222 0.133854 0.027778
0 0.446094 0.399074 0.127604 0.029630
0 0.462240 0.596296 0.075521 0.020370
