0 0.644922 0.292361 0.088281 0.062500
0 0.706250 0.309722 0.064062 0.038889
0 0.710547 0.281944 0.053906 0.025000
0 0.703516 0.261806 0.063281 0.031944
0 0.711719 0.247222 0.060937 0.027778
0 0.696094 0.231944 0.081250 0.052778
0 0.750391 0.230556 0.044531 0.027778
0 0.755859 0.252083 0.035156 0.020833
0 0.753125 0.263889 0.034375 0.025000
0 0.755859 0.275694 0.041406 0.023611
0 0.755859 0.293750 0.041406 0.031944
0 0.751172 0.316667 0.050781 0.036111
0 0.846094 0.593750 0.056250 0.031944
0 0.877734 0.595139 0.025781 0.026389
0 0.933203 0.579167 0.041406 0.027778
0 0.960156 0.562500 0.010937 0.011111
0 0.958594 0.572222 0.021875 0.011111
0 0.605859 0.638194 0.094531 0.048611
0 0.490625 0.636111 0.131250 0.038889
0 0.493359 0.541667 0.139844 0.033333
0 0.489844 0.452083 0.142187 0.054167
0 0.358594 0.231250 0.081250 0.073611
0 0.365234 0.188889 0.071094 0.036111
0 0.357031 0.181944 0.085938 0.058333
0 0.364844 0.140278 0.081250 0.033333
0 0.366797 0.122222 0.074219 0.036111
0 0.366016 0.074306 0.077344 0.073611
0 0.368750 0.035417 0.073438 0.031944
0 0.375781 0.023611 0.073438 0.036111
0 0.244531 0.647222 0.076563 0.069444
0 0.181250 0.659028 0.045312 0.059722
0 0.154297 0.686111 0.057031 0.055556
0 0.118750 0.734722 0.021875 0.069444
0 0.067187 0.897222 0.128125 0.200000
0 0.687891 0.125000 0.083594 0.061111
0 0.688281 0.144444 0.089063 0.052778
0 0.691406 0.164583 0.082812 0.051389
0 0.694531 0.168056 0.079687 0.025000
0 0.693359 0.193056 0.078906 0.044444
0 0.963672 0.402778 0.016406 0.011111
0 0.958984 0.417361 0.033594 0.026389
0 0.950391 0.290278 0.030469 0.027778
