0 0.913281 0.226250 0.139063 0.117500
0 0.921484 0.091875 0.157031 0.118750
0 0.812891 0.030625 0.047656 0.058750
0 0.819141 0.098125 0.050781 0.086250
0 0.815625 0.196875 0.054688 0.083750
0 0.813672 0.302500 0.066406 0.090000
0 0.755859 0.345625 0.049219 0.058750
0 0.762500 0.260000 0.045312 0.052500
0 0.765234 0.190000 0.058594 0.070000
0 0.766797 0.110000 0.050781 0.072500
0 0.926562 0.598125 0.146875 0.056250
0 0.925391 0.725000 0.144531 0.095000
0 0.922266 0.856250 0.149219 0.097500
0 0.823438 0.581875 0.034375 0.041250
0 0.820703 0.679375 0.035156 0.048750
0 0.824219 0.783125 0.031250 0.046250
0 0.762109 0.638125 0.075781 0.038750
0 0.782813 0.727500 0.035937 0.055000
0 0.668750 0.653750 0.012500 0.025000
0 0.671484 0.541875 0.011719 0.016250
0 0.479297 0.584375 0.033594 0.016250
0 0.517969 0.591250 0.039062 0.015000
0 0.567187 0.592500 0.032813 0.015000
0 0.572656 0.518125 0.031250 0.013750
0 0.406641 0.596250 0.017969 0.015000
0 0.408984 0.583125 0.022656 0.013750
0 0.409375 0.568750 0.021875 0.015000
0 0.409766 0.554375 0.022656 0.013750
0 0.410547 0.540000 0.021094 0.015000
0 0.410547 0.526250 0.021094 0.015000
0 0.411328 0.512500 0.021094 0.015000
0 0.410547 0.479375 0.021094 0.018750
0 0.073047 0.688750 0.069531 0.060000
0 0.016797 0.711250 0.033594 0.045000
0 0.127734 0.673125 0.041406 0.046250
0 0.067187 0.450625 0.059375 0.038750
0 0.024609 0.447500 0.035156 0.035000
0 0.123828 0.460625 0.047656 0.031250
0 0.175781 0.465625 0.039062 0.041250
0 0.078906 0.217500 0.043750 0.052500
0 0.028906 0.166250 0.057813 0.055000
0 0.278516 0.220000 0.117969 0.057500
0 0.324609 0.284375 0.091406 0.038750
0 0.340625 0.369375 0.092188 0.033750
0 0.390625 0.383125 0.010937 0.026250
0 0.251563 0.327500 0.032813 0.042500
0 0.226953 0.316250 0.041406 0.057500
0 0.139063 0.249375 0.037500 0.046250
0 0.200781 0.135625 0.153125 0.076250
0 0.356641 0.076250 0.036719 0.055000
0 0.390234 0.195000 0.021094 0.040000
0 0.408594 0.227500 0.014063 0.035000
0 0.720313 0.075000 0.040625 0.072500
0 0.716406 0.176875 0.040625 0.063750
0 0.718359 0.236250 0.042969 0.047500
0 0.715625 0.309375 0.040625 0.058750
0 0.711328 0.375625 0.038281 0.033750
0 0.684766 0.401875 0.021094 0.031250
0 0.671484 0.412500 0.008594 0.017500
0 0.687109 0.291875 0.019531 0.036250
0 0.637891 0.540000 0.013281 0.015000
0 0.643359 0.400000 0.014844 0.020000
0 0.641406 0.440000 0.015625 0.020000
0 0.410938 0.496875 0.020313 0.013750
0 0.523828 0.514375 0.033594 0.016250
0 0.635547 0.620000 0.013281 0.020000
0 0.643359 0.359375 0.011719 0.018750
0 0.643750 0.320000 0.010937 0.017500
