0 0.129948 0.041667 0.249479 0.070370
0 0.123438 0.103241 0.230208 0.178704
0 0.130990 0.174537 0.258854 0.199074
0 0.128646 0.235185 0.242708 0.166667
0 0.130729 0.326852 0.253125 0.129630
0 0.121354 0.398611 0.234375 0.123148
0 0.119010 0.487500 0.225521 0.091667
0 0.114323 0.569907 0.223438 0.137963
0 0.108073 0.643519 0.210938 0.155556
0 0.105990 0.730093 0.201563 0.182407
0 0.101823 0.784722 0.184896 0.178704
0 0.096094 0.812037 0.175521 0.196296
0 0.096354 0.877778 0.184375 0.218519
0 0.286198 0.423611 0.199479 0.076852
0 0.291146 0.473611 0.191667 0.091667
0 0.291927 0.539352 0.201563 0.093519
0 0.291146 0.586111 0.168750 0.105556
0 0.291927 0.653704 0.174479 0.079630
0 0.287760 0.699537 0.202604 0.089815
0 0.273698 0.844444 0.197396 0.168519
0 0.274219 0.757407 0.198437 0.124074
0 0.742448 0.283333 0.099479 0.038889
0 0.751823 0.145370 0.082812 0.057407
