0 0.982422 0.795139 0.028906 0.154167
0 0.611328 0.608333 0.063281 0.050000
0 0.540625 0.627083 0.095312 0.045833
0 0.358203 0.779167 0.196094 0.136111
0 0.177344 0.823611 0.184375 0.119444
0 0.055078 0.834028 0.103906 0.140278
0 0.462891 0.715972 0.083594 0.068056
0 0.110156 0.195139 0.075000 0.056944
0 0.016797 0.150694 0.033594 0.043056
0 0.362500 0.362500 0.132812 0.047222
0 0.362109 0.343056 0.122656 0.036111
0 0.360547 0.315972 0.135156 0.048611
0 0.355078 0.289583 0.138281 0.045833
0 0.353516 0.269444 0.139844 0.038889
0 0.362109 0.247222 0.130469 0.047222
0 0.361328 0.225000 0.132031 0.036111
0 0.364063 0.197917 0.126562 0.051389
0 0.365625 0.170833 0.134375 0.047222
0 0.367578 0.153472 0.119531 0.045833
0 0.367188 0.132639 0.128125 0.045833
0 0.376953 0.120139 0.116406 0.056944
0 0.372266 0.095139 0.125781 0.059722
0 0.373828 0.080556 0.113281 0.050000
0 0.379297 0.067361 0.114844 0.040278
0 0.377344 0.049306 0.110937 0.040278
0 0.378125 0.035417 0.126562 0.056944
0 0.387109 0.027083 0.132031 0.051389
0 0.452344 0.120833 0.032813 0.044444
0 0.453516 0.144444 0.035156 0.047222
0 0.450391 0.161806 0.035156 0.031944
0 0.451172 0.180556 0.039844 0.033333
0 0.451172 0.198611 0.036719 0.033333
0 0.448437 0.219444 0.037500 0.038889
0 0.450000 0.241667 0.042188 0.038889
0 0.444531 0.259722 0.042188 0.041667
0 0.446875 0.280556 0.039062 0.038889
0 0.448437 0.300694 0.042188 0.040278
0 0.446484 0.321528 0.044531 0.045833
0 0.446094 0.345833 0.032813 0.038889
0 0.443750 0.364583 0.037500 0.040278
0 0.451172 0.395139 0.044531 0.045833
0 0.446094 0.411111 0.043750 0.030556
0 0.480859 0.408333 0.030469 0.022222
0 0.478516 0.387500 0.024219 0.025000
0 0.473438 0.366667 0.028125 0.025000
0 0.475000 0.347222 0.032813 0.033333
0 0.476953 0.323611 0.024219 0.033333
0 0.478516 0.304167 0.022656 0.027778
0 0.478906 0.274306 0.026562 0.026389
0 0.480859 0.215278 0.028906 0.027778
0 0.480078 0.161111 0.022656 0.038889
0 0.493359 0.176389 0.036719 0.041667
0 0.495703 0.294444 0.014844 0.022222
0 0.291797 0.015972 0.058594 0.031944
0 0.292578 0.025000 0.055469 0.044444
0 0.289062 0.035417 0.068750 0.051389
0 0.285547 0.053472 0.061719 0.043056
0 0.285938 0.070833 0.064062 0.044444
0 0.283984 0.088194 0.064844 0.043056
0 0.290625 0.101389 0.075000 0.047222
0 0.286328 0.120139 0.071094 0.048611
0 0.282813 0.136806 0.064062 0.040278
0 0.283203 0.158333 0.074219 0.038889
0 0.275781 0.179861 0.073438 0.043056
0 0.278516 0.197222 0.069531 0.041667
0 0.277344 0.215972 0.070312 0.037500
0 0.276953 0.234028 0.072656 0.037500
0 0.272656 0.260417 0.068750 0.040278
0 0.274609 0.275000 0.072656 0.038889
0 0.274609 0.293750 0.071094 0.029167
0 0.276562 0.317361 0.060937 0.034722
0 0.284766 0.336111 0.052344 0.030556
0 0.281641 0.354861 0.053906 0.026389
0 0.282031 0.379861 0.046875 0.029167
0 0.282422 0.399306 0.055469 0.018056
0 0.275781 0.418750 0.051562 0.015278
0 0.829688 0.268056 0.046875 0.047222
0 0.799219 0.263194 0.035937 0.056944
0 0.906250 0.670833 0.157812 0.102778
