0 0.876563 0.193750 0.178125 0.056250
0 0.709375 0.178646 0.150000 0.080208
0 0.578906 0.169271 0.129688 0.086458
0 0.460938 0.158854 0.114062 0.067708
0 0.368359 0.154167 0.077344 0.068750
0 0.299219 0.145833 0.081250 0.052083
0 0.224609 0.139063 0.063281 0.030208
0 0.163281 0.143229 0.059375 0.034375
0 0.112891 0.134896 0.063281 0.044792
0 0.300391 0.387500 0.094531 0.050000
0 0.467187 0.441667 0.132812 0.087500
0 0.589063 0.395313 0.150000 0.067708
0 0.587500 0.486979 0.156250 0.067708
0 0.812500 0.570312 0.192188 0.111458
0 0.823438 0.470313 0.189062 0.088542
0 0.816016 0.353646 0.183594 0.078125
0 0.066797 0.316667 0.055469 0.043750
0 0.028906 0.304167 0.043750 0.035417
