0 0.815234 0.952500 0.058594 0.087500
0 0.724609 0.293750 0.019531 0.017500
0 0.725000 0.281250 0.021875 0.017500
0 0.725000 0.267500 0.021875 0.017500
0 0.725781 0.256875 0.020313 0.016250
0 0.727344 0.245625 0.020313 0.016250
0 0.727734 0.231875 0.017969 0.018750
0 0.728906 0.220000 0.018750 0.017500
0 0.730078 0.210000 0.019531 0.017500
0 0.731250 0.197500 0.018750 0.017500
0 0.730078 0.186250 0.017969 0.017500
0 0.731250 0.171875 0.017188 0.016250
0 0.731641 0.160000 0.017969 0.020000
0 0.732812 0.148750 0.017188 0.015000
0 0.732812 0.136875 0.015625 0.016250
0 0.734375 0.124375 0.015625 0.013750
0 0.734766 0.114375 0.016406 0.013750
0 0.735938 0.102500 0.017188 0.015000
0 0.736328 0.090625 0.017969 0.016250
0 0.733984 0.076875 0.016406 0.016250
0 0.760156 0.308125 0.040625 0.018750
0 0.760938 0.296875 0.042188 0.018750
0 0.761328 0.285000 0.042969 0.020000
0 0.761328 0.273750 0.042969 0.017500
0 0.762891 0.261875 0.042969 0.018750
0 0.762891 0.248750 0.042969 0.022500
0 0.764844 0.234375 0.043750 0.018750
0 0.766016 0.226875 0.041406 0.018750
0 0.766016 0.212500 0.042969 0.020000
0 0.766406 0.200625 0.043750 0.018750
0 0.766797 0.189375 0.042969 0.021250
0 0.767578 0.177500 0.041406 0.017500
0 0.766797 0.166875 0.041406 0.021250
0 0.767578 0.153125 0.044531 0.021250
0 0.767188 0.141250 0.043750 0.017500
0 0.767969 0.130000 0.042188 0.020000
0 0.768750 0.118125 0.045312 0.021250
0 0.767578 0.105625 0.046094 0.018750
0 0.768750 0.092500 0.043750 0.020000
0 0.770312 0.079375 0.042188 0.018750
0 0.812500 0.288125 0.042188 0.018750
0 0.812500 0.276875 0.043750 0.021250
0 0.812109 0.265000 0.042969 0.022500
0 0.813672 0.252500 0.041406 0.017500
0 0.813672 0.241875 0.039844 0.018750
0 0.814844 0.229375 0.040625 0.018750
0 0.816016 0.216250 0.042969 0.020000
0 0.817187 0.204375 0.042188 0.018750
0 0.816406 0.193125 0.042188 0.016250
0 0.815625 0.181250 0.043750 0.020000
0 0.818750 0.168125 0.043750 0.018750
0 0.818750 0.156875 0.042188 0.018750
0 0.816797 0.146250 0.041406 0.017500
0 0.816797 0.134375 0.041406 0.018750
0 0.817969 0.121250 0.043750 0.017500
0 0.817578 0.109375 0.044531 0.018750
0 0.817187 0.098125 0.043750 0.016250
0 0.817187 0.085625 0.042188 0.016250
0 0.866406 0.293125 0.042188 0.016250
0 0.866797 0.283125 0.042969 0.018750
0 0.868359 0.271250 0.042969 0.020000
0 0.868750 0.260000 0.043750 0.017500
0 0.869141 0.246875 0.042969 0.021250
0 0.869141 0.235625 0.041406 0.021250
0 0.869141 0.222500 0.041406 0.020000
0 0.870703 0.212500 0.042969 0.020000
0 0.870703 0.198750 0.041406 0.020000
0 0.871094 0.186250 0.042188 0.017500
0 0.872656 0.176875 0.040625 0.018750
0 0.873828 0.165000 0.042969 0.020000
0 0.874609 0.152500 0.039844 0.020000
0 0.873828 0.140000 0.039844 0.017500
0 0.918750 0.289375 0.045312 0.018750
0 0.919141 0.276875 0.042969 0.018750
0 0.918750 0.264375 0.045312 0.016250
0 0.917578 0.252500 0.044531 0.017500
0 0.918750 0.241250 0.043750 0.017500
0 0.919531 0.228750 0.045312 0.017500
0 0.919922 0.217500 0.044531 0.017500
0 0.919922 0.206875 0.044531 0.018750
0 0.919531 0.195000 0.045312 0.020000
0 0.920312 0.182500 0.043750 0.017500
0 0.921094 0.169375 0.042188 0.016250
0 0.921094 0.157500 0.043750 0.017500
0 0.922266 0.146875 0.044531 0.016250
0 0.921484 0.136250 0.046094 0.015000
0 0.920703 0.123125 0.044531 0.016250
0 0.922266 0.111875 0.044531 0.018750
0 0.921484 0.099375 0.044531 0.021250
0 0.971875 0.295625 0.045312 0.018750
0 0.971875 0.283125 0.043750 0.018750
0 0.971875 0.270625 0.045312 0.018750
0 0.972266 0.258125 0.046094 0.018750
0 0.972266 0.247500 0.046094 0.017500
0 0.971875 0.235625 0.046875 0.016250
0 0.973047 0.222500 0.046094 0.017500
0 0.973437 0.212500 0.045312 0.017500
0 0.973828 0.198750 0.044531 0.020000
0 0.974609 0.187500 0.044531 0.017500
0 0.974609 0.175000 0.044531 0.017500
0 0.975000 0.163750 0.045312 0.017500
0 0.975781 0.151875 0.043750 0.018750
0 0.976562 0.140000 0.042188 0.017500
0 0.976562 0.126875 0.042188 0.018750
0 0.977344 0.115625 0.042188 0.016250
0 0.977344 0.103750 0.042188 0.017500
