0 0.128906 0.350694 0.114062 0.040278
0 0.226172 0.370139 0.075781 0.034722
0 0.303516 0.394444 0.091406 0.033333
0 0.303516 0.488889 0.099219 0.022222
0 0.314453 0.581944 0.074219 0.027778
0 0.162500 0.605556 0.100000 0.044444
0 0.242969 0.595139 0.087500 0.031944
0 0.026562 0.460417 0.053125 0.034722
0 0.025781 0.610417 0.051562 0.051389
0 0.032422 0.320139 0.064844 0.043056
0 0.014844 0.113194 0.029687 0.034722
0 0.022266 0.018750 0.042969 0.037500
0 0.101172 0.009722 0.052344 0.019444
0 0.063672 0.130556 0.077344 0.058333
0 0.143750 0.168750 0.082812 0.065278
0 0.159766 0.031250 0.077344 0.062500
0 0.223047 0.052778 0.047656 0.044444
0 0.214062 0.119444 0.051562 0.044444
0 0.209375 0.206944 0.060937 0.052778
0 0.267188 0.226389 0.056250 0.050000
0 0.321094 0.257639 0.053125 0.045833
0 0.328516 0.150694 0.050781 0.048611
0 0.274219 0.113889 0.067187 0.052778
0 0.332813 0.027778 0.050000 0.050000
0 0.373828 0.064583 0.032031 0.040278
0 0.403906 0.098611 0.034375 0.050000
0 0.405859 0.022917 0.036719 0.040278
0 0.442578 0.049306 0.032031 0.040278
0 0.439844 0.130556 0.032813 0.047222
0 0.464844 0.150000 0.021875 0.033333
0 0.466016 0.106250 0.019531 0.026389
0 0.439453 0.211806 0.030469 0.034722
0 0.436328 0.249306 0.035156 0.037500
0 0.474219 0.280556 0.039062 0.036111
0 0.471875 0.245139 0.040625 0.029167
0 0.382812 0.202083 0.076563 0.043056
0 0.389453 0.297917 0.060156 0.034722
0 0.530859 0.503472 0.021094 0.015278
0 0.532031 0.556250 0.020313 0.015278
0 0.548047 0.504861 0.017969 0.015278
0 0.550781 0.552083 0.018750 0.015278
0 0.844531 0.736806 0.171875 0.079167
0 0.960938 0.711111 0.078125 0.091667
0 0.973047 0.262500 0.032031 0.041667
0 0.933203 0.206944 0.030469 0.033333
0 0.930859 0.263889 0.013281 0.030556
0 0.923828 0.334722 0.016406 0.033333
0 0.909766 0.350000 0.011719 0.030556
0 0.897266 0.315972 0.011719 0.018056
0 0.900391 0.271528 0.025781 0.023611
0 0.907422 0.156250 0.011719 0.029167
0 0.901563 0.113889 0.009375 0.030556
0 0.902344 0.068056 0.023438 0.030556
0 0.503125 0.286111 0.023438 0.027778
0 0.480859 0.356250 0.066406 0.026389
0 0.526953 0.377083 0.035156 0.020833
0 0.552344 0.386806 0.018750 0.015278
0 0.571484 0.397917 0.019531 0.015278
0 0.569922 0.345833 0.021094 0.019444
0 0.551953 0.327083 0.017969 0.023611
0 0.528906 0.311806 0.034375 0.026389
0 0.562500 0.268056 0.014063 0.027778
0 0.548828 0.253472 0.013281 0.023611
0 0.550000 0.218750 0.015625 0.018056
0 0.549609 0.188194 0.013281 0.020833
0 0.522266 0.185417 0.016406 0.023611
0 0.523438 0.225000 0.015625 0.025000
0 0.508984 0.206250 0.021094 0.029167
0 0.485547 0.177083 0.028906 0.034722
0 0.663672 0.581250 0.057031 0.023611
0 0.744141 0.559028 0.033594 0.012500
0 0.484766 0.559722 0.061719 0.011111
0 0.206641 0.475694 0.030469 0.029167
0 0.549609 0.152083 0.013281 0.018056
0 0.608594 0.576389 0.053125 0.016667
0 0.703906 0.563889 0.034375 0.013889
0 0.572266 0.549306 0.024219 0.018056
0 0.562500 0.213889 0.014063 0.019444
0 0.487109 0.102083 0.021094 0.031944
0 0.506250 0.136806 0.021875 0.029167
0 0.572656 0.255556 0.012500 0.072222
0 0.882422 0.088889 0.017969 0.027778
0 0.887109 0.125694 0.017969 0.031944
0 0.887500 0.163889 0.012500 0.025000
0 0.854688 0.295139 0.007812 0.018056
0 0.856250 0.267361 0.015625 0.018056
0 0.853906 0.240278 0.015625 0.019444
0 0.852344 0.212500 0.012500 0.019444
