0 0.971094 0.680556 0.054688 0.080556
0 0.211328 0.593750 0.111719 0.031944
0 0.101562 0.593750 0.096875 0.031944
0 0.017578 0.611111 0.035156 0.027778
0 0.095312 0.462500 0.106250 0.033333
0 0.100000 0.332639 0.101562 0.043056
0 0.215234 0.343750 0.111719 0.045833
0 0.208594 0.469444 0.112500 0.036111
0 0.176953 0.163889 0.071094 0.044444
0 0.100391 0.145833 0.086719 0.044444
0 0.027344 0.134028 0.054688 0.040278
0 0.183203 0.086111 0.074219 0.038889
0 0.196875 0.014583 0.062500 0.029167
0 0.118359 0.015278 0.078906 0.030556
0 0.262891 0.061806 0.075781 0.048611
0 0.269531 0.017361 0.076563 0.034722
0 0.252734 0.190278 0.082031 0.050000
