0 0.781641 0.299306 0.033594 0.012500
0 0.750391 0.303472 0.025781 0.009722
0 0.749219 0.272222 0.028125 0.011111
0 0.780469 0.279167 0.032813 0.011111
0 0.751563 0.357639 0.026562 0.009722
0 0.751953 0.389583 0.025781 0.009722
0 0.784375 0.386806 0.032813 0.012500
0 0.783203 0.363889 0.030469 0.011111
0 0.839844 0.416667 0.037500 0.013889
0 0.836719 0.455556 0.031250 0.013889
0 0.839063 0.440972 0.035937 0.015278
0 0.839453 0.428472 0.036719 0.012500
0 0.836719 0.470833 0.028125 0.016667
0 0.826562 0.488194 0.042188 0.015278
0 0.827344 0.500694 0.039062 0.018056
0 0.827344 0.516667 0.039062 0.019444
0 0.825000 0.530556 0.040625 0.019444
0 0.825000 0.546528 0.040625 0.018056
0 0.826953 0.561111 0.042969 0.016667
0 0.820703 0.576389 0.032031 0.013889
0 0.820312 0.589583 0.031250 0.015278
0 0.820312 0.603472 0.031250 0.018056
0 0.732422 0.584722 0.042969 0.013889
0 0.621094 0.268750 0.050000 0.020833
0 0.524219 0.278472 0.075000 0.037500
0 0.439063 0.292361 0.070312 0.040278
0 0.316797 0.314583 0.041406 0.023611
0 0.428125 0.461111 0.062500 0.025000
0 0.435547 0.635417 0.071094 0.026389
0 0.516016 0.644444 0.080469 0.027778
0 0.614844 0.067361 0.046875 0.037500
0 0.616797 0.157639 0.049219 0.018056
0 0.517969 0.118056 0.079687 0.038889
0 0.442578 0.048611 0.069531 0.041667
0 0.917578 0.425000 0.028906 0.027778
0 0.917969 0.442361 0.029687 0.029167
0 0.917578 0.456250 0.028906 0.031944
0 0.917578 0.473611 0.027344 0.022222
0 0.917578 0.488889 0.027344 0.022222
0 0.918750 0.506944 0.028125 0.022222
0 0.919141 0.522917 0.027344 0.023611
0 0.920703 0.541667 0.032031 0.019444
0 0.920312 0.557639 0.032813 0.018056
0 0.911719 0.572222 0.012500 0.016667
0 0.748047 0.242361 0.024219 0.012500
0 0.963281 0.667361 0.071875 0.043056
0 0.916406 0.623611 0.035937 0.033333
0 0.720313 0.304167 0.034375 0.013889
0 0.723828 0.391667 0.032031 0.011111
0 0.847656 0.398611 0.020313 0.013889
0 0.843750 0.322917 0.028125 0.098611
0 0.838672 0.250694 0.021094 0.012500
0 0.696094 0.315278 0.009375 0.011111
0 0.694531 0.287500 0.010937 0.011111
0 0.692578 0.255556 0.010156 0.011111
