0 0.669922 0.516667 0.122656 0.104167
0 0.815625 0.555729 0.165625 0.123958
0 0.942187 0.602604 0.109375 0.082292
0 0.963281 0.264583 0.064062 0.072917
0 0.856641 0.245312 0.214844 0.092708
0 0.709766 0.231771 0.122656 0.061458
0 0.573828 0.220833 0.146094 0.077083
0 0.451562 0.206250 0.098437 0.077083
0 0.377734 0.205208 0.089844 0.070833
0 0.401562 0.413021 0.096875 0.063542
0 0.077734 0.446875 0.153906 0.087500
0 0.931641 0.060417 0.116406 0.087500
0 0.820312 0.058854 0.112500 0.051042
0 0.735547 0.067708 0.085156 0.058333
