0 0.750260 0.251852 0.069271 0.053704
0 0.745573 0.273148 0.077604 0.046296
0 0.748958 0.293981 0.073958 0.041667
0 0.743750 0.312037 0.072917 0.048148
0 0.741927 0.331944 0.067187 0.050926
0 0.725000 0.352778 0.027083 0.033333
0 0.779948 0.336111 0.094271 0.042593
0 0.778646 0.356944 0.091667 0.056481
0 0.776823 0.379630 0.088021 0.055556
0 0.782031 0.400000 0.093229 0.046296
0 0.787500 0.424074 0.094792 0.046296
0 0.786198 0.441667 0.094271 0.042593
0 0.789844 0.454630 0.090104 0.035185
0 0.789062 0.473148 0.094792 0.029630
0 0.788802 0.494907 0.097396 0.030556
0 0.793229 0.517130 0.095833 0.037963
0 0.791406 0.537963 0.092188 0.024074
0 0.791667 0.556481 0.092708 0.029630
0 0.796094 0.579630 0.098437 0.027778
0 0.795312 0.602778 0.101042 0.029630
0 0.794792 0.621296 0.095833 0.029630
0 0.795573 0.636111 0.091146 0.027778
0 0.796875 0.661111 0.101042 0.044444
0 0.735417 0.642130 0.032292 0.026852
0 0.730729 0.624537 0.027083 0.019444
0 0.733333 0.607407 0.028125 0.020370
0 0.731771 0.591667 0.028125 0.022222
0 0.730208 0.570833 0.029167 0.017593
0 0.730990 0.561111 0.031771 0.022222
0 0.731250 0.538426 0.029167 0.017593
0 0.731771 0.519907 0.028125 0.019444
0 0.729688 0.507407 0.031250 0.020370
0 0.726562 0.487037 0.023958 0.031481
0 0.727083 0.472222 0.026042 0.029630
0 0.726562 0.456481 0.027083 0.031481
0 0.726302 0.439352 0.027604 0.032407
0 0.724740 0.421759 0.029687 0.030556
0 0.724479 0.402778 0.028125 0.035185
0 0.722656 0.382407 0.025521 0.033333
0 0.723437 0.372222 0.027083 0.027778
0 0.824740 0.310185 0.081771 0.044444
0 0.829688 0.325463 0.059375 0.026852
0 0.826823 0.348148 0.069271 0.031481
0 0.838281 0.366667 0.054688 0.029630
0 0.873437 0.387037 0.080208 0.035185
0 0.873177 0.406019 0.077604 0.032407
0 0.874740 0.421759 0.077604 0.019444
0 0.875000 0.439352 0.080208 0.026852
0 0.878125 0.465741 0.080208 0.033333
0 0.879687 0.487963 0.077083 0.027778
0 0.878906 0.509722 0.072396 0.026852
0 0.879427 0.528241 0.071354 0.026852
0 0.883594 0.549537 0.070312 0.037963
0 0.878906 0.572685 0.079687 0.028704
0 0.882552 0.596296 0.074479 0.025926
0 0.881250 0.613889 0.080208 0.029630
0 0.884375 0.636111 0.071875 0.027778
0 0.901823 0.607407 0.113021 0.129630
0 0.938281 0.578704 0.045312 0.012963
0 0.940625 0.594444 0.040625 0.014815
0 0.942187 0.612037 0.041667 0.020370
0 0.941406 0.634722 0.042188 0.019444
0 0.715885 0.718519 0.186979 0.098148
0 0.720313 0.776852 0.192708 0.068519
0 0.721875 0.815278 0.196875 0.050926
0 0.563802 0.701389 0.120313 0.084259
0 0.571354 0.756481 0.117708 0.050000
0 0.568229 0.792593 0.116667 0.040741
0 0.568229 0.833333 0.117708 0.051852
0 0.375521 0.282870 0.243750 0.049074
0 0.369531 0.331944 0.252604 0.043519
0 0.371354 0.379167 0.255208 0.067593
0 0.373437 0.426389 0.251042 0.058333
0 0.373698 0.480556 0.255729 0.087037
0 0.369531 0.526389 0.249479 0.080556
0 0.374479 0.586111 0.257292 0.092593
0 0.376563 0.632870 0.254167 0.084259
0 0.379167 0.691667 0.254167 0.098148
0 0.377604 0.743981 0.244792 0.089815
0 0.376563 0.798148 0.260417 0.100000
0 0.381771 0.900000 0.256250 0.092593
0 0.382812 0.860648 0.247917 0.100926
0 0.385156 0.955556 0.259896 0.083333
0 0.371875 0.223148 0.253125 0.062963
0 0.367188 0.172222 0.238542 0.048148
0 0.363802 0.119907 0.245312 0.050926
0 0.366667 0.068056 0.239583 0.058333
0 0.363802 0.024074 0.236979 0.038889
0 0.853646 0.090741 0.061458 0.031481
0 0.792708 0.095833 0.057292 0.021296
0 0.722135 0.126389 0.064062 0.058333
0 0.913802 0.088426 0.064062 0.045370
0 0.977344 0.078704 0.041146 0.040741
0 0.041667 0.222222 0.079167 0.070370
0 0.041406 0.265741 0.076563 0.070370
0 0.040885 0.305093 0.077604 0.065741
0 0.040885 0.347222 0.072396 0.062963
0 0.180469 0.302778 0.058854 0.061111
0 0.222135 0.182407 0.046354 0.053704
0 0.131250 0.210185 0.083333 0.070370
