0 0.651563 0.624306 0.092188 0.037500
0 0.551562 0.606944 0.076563 0.030556
0 0.382812 0.574306 0.092188 0.026389
0 0.432812 0.493750 0.071875 0.018056
0 0.446875 0.568750 0.045312 0.020833
0 0.482422 0.561111 0.011719 0.011111
0 0.482422 0.498611 0.017969 0.008333
0 0.462891 0.431250 0.053906 0.018056
0 0.496484 0.438889 0.019531 0.013889
0 0.496875 0.500000 0.010937 0.011111
0 0.748437 0.574306 0.043750 0.018056
0 0.954688 0.194444 0.035937 0.030556
0 0.970703 0.027778 0.027344 0.041667
0 0.939063 0.104167 0.021875 0.041667
0 0.924609 0.039583 0.022656 0.073611
0 0.861719 0.147222 0.017188 0.025000
0 0.864453 0.180556 0.014844 0.019444
0 0.865625 0.213194 0.017188 0.020833
0 0.224609 0.171528 0.080469 0.062500
0 0.298828 0.118750 0.061719 0.054167
0 0.300391 0.065278 0.060156 0.058333
0 0.212500 0.036111 0.121875 0.069444
0 0.363281 0.126389 0.076563 0.047222
0 0.364453 0.173611 0.063281 0.058333
0 0.412891 0.197222 0.038281 0.038889
0 0.387109 0.289583 0.085156 0.037500
0 0.457813 0.325694 0.039062 0.026389
0 0.488672 0.339583 0.021094 0.026389
0 0.487109 0.265278 0.022656 0.025000
0 0.452734 0.245833 0.047656 0.030556
0 0.512109 0.297917 0.028906 0.020833
0 0.514453 0.364583 0.027344 0.020833
0 0.485547 0.174306 0.016406 0.026389
0 0.485938 0.129861 0.017188 0.031944
0 0.485938 0.092361 0.017188 0.029167
0 0.446875 0.070833 0.023438 0.036111
0 0.444922 0.121528 0.024219 0.037500
0 0.419531 0.085417 0.029687 0.048611
0 0.389844 0.037500 0.037500 0.052778
0 0.501953 0.194444 0.017969 0.030556
0 0.089063 0.092361 0.089063 0.070833
0 0.023438 0.050000 0.046875 0.050000
0 0.075781 0.615278 0.112500 0.038889
0 0.069531 0.462500 0.126562 0.038889
0 0.069531 0.311111 0.128125 0.052778
0 0.220703 0.558333 0.050781 0.019444
0 0.267969 0.570139 0.020313 0.012500
0 0.497266 0.556944 0.016406 0.013889
0 0.702734 0.574306 0.019531 0.012500
0 0.467187 0.148611 0.023438 0.036111
0 0.517188 0.213194 0.018750 0.029167
0 0.517969 0.154167 0.015625 0.025000
0 0.503125 0.125000 0.017188 0.033333
0 0.361719 0.011111 0.020313 0.022222
0 0.873437 0.381250 0.010937 0.020833
0 0.872656 0.344444 0.010937 0.019444
0 0.869922 0.311111 0.010156 0.016667
0 0.866406 0.245833 0.012500 0.022222
