0 0.652734 0.946875 0.127344 0.093750
0 0.956250 0.842500 0.085938 0.115000
0 0.894531 0.713125 0.078125 0.041250
0 0.842969 0.696875 0.029687 0.023750
0 0.806641 0.691250 0.041406 0.025000
0 0.748437 0.710625 0.090625 0.036250
0 0.955859 0.341250 0.032031 0.040000
0 0.982812 0.340625 0.025000 0.031250
0 0.982031 0.401250 0.025000 0.027500
0 0.983984 0.283125 0.024219 0.036250
0 0.986328 0.178125 0.025781 0.041250
0 0.986719 0.125000 0.021875 0.037500
0 0.986719 0.065625 0.020313 0.046250
0 0.899219 0.443125 0.015625 0.023750
0 0.116016 0.540000 0.053906 0.030000
0 0.066016 0.160000 0.128906 0.070000
0 0.314453 0.063125 0.038281 0.058750
0 0.283203 0.021250 0.032031 0.042500
0 0.344922 0.104375 0.025781 0.048750
0 0.884766 0.446250 0.011719 0.012500
0 0.873437 0.450625 0.012500 0.016250
0 0.901172 0.383750 0.044531 0.057500
0 0.932422 0.357500 0.021094 0.025000
0 0.915625 0.332500 0.018750 0.025000
0 0.946875 0.302500 0.043750 0.025000
0 0.938281 0.214375 0.021875 0.028750
0 0.939453 0.164375 0.022656 0.031250
0 0.954297 0.111875 0.046094 0.033750
0 0.892188 0.361875 0.028125 0.016250
0 0.914844 0.296875 0.020313 0.026250
0 0.902344 0.273750 0.017188 0.027500
0 0.901563 0.240000 0.018750 0.027500
0 0.919922 0.236875 0.024219 0.033750
0 0.961719 0.188125 0.023438 0.033750
