0 0.281250 0.788889 0.256250 0.150000
0 0.113281 0.767361 0.214062 0.162500
0 0.955859 0.708333 0.088281 0.075000
0 0.896094 0.582639 0.060937 0.020833
0 0.894922 0.600000 0.064844 0.025000
0 0.791016 0.536806 0.021094 0.015278
0 0.822266 0.462500 0.035156 0.011111
0 0.821484 0.476389 0.036719 0.016667
0 0.821484 0.484028 0.035156 0.012500
0 0.822266 0.499306 0.035156 0.018056
0 0.822266 0.510417 0.035156 0.012500
0 0.821484 0.524306 0.036719 0.015278
0 0.819922 0.535417 0.033594 0.009722
0 0.819141 0.547917 0.035156 0.012500
0 0.868750 0.420833 0.057813 0.022222
0 0.869141 0.433333 0.053906 0.016667
0 0.866797 0.444444 0.053906 0.027778
0 0.867969 0.457639 0.054688 0.026389
0 0.868750 0.472917 0.051562 0.026389
0 0.868750 0.485417 0.054688 0.023611
0 0.864453 0.495833 0.063281 0.019444
0 0.867188 0.508333 0.059375 0.019444
0 0.868750 0.522917 0.051562 0.015278
0 0.868359 0.533333 0.050781 0.019444
0 0.872656 0.549306 0.046875 0.015278
0 0.878516 0.562500 0.028906 0.016667
0 0.917969 0.421528 0.040625 0.018056
0 0.916406 0.434028 0.031250 0.020833
0 0.919531 0.443750 0.039062 0.012500
0 0.918750 0.459028 0.042188 0.018056
0 0.917188 0.469444 0.042188 0.013889
0 0.917188 0.482639 0.042188 0.012500
0 0.917578 0.490972 0.039844 0.015278
0 0.919922 0.505556 0.036719 0.011111
0 0.920312 0.518056 0.037500 0.016667
0 0.919141 0.531944 0.039844 0.011111
0 0.919531 0.543750 0.040625 0.012500
0 0.919922 0.558333 0.041406 0.011111
0 0.918359 0.570833 0.038281 0.013889
0 0.932422 0.585417 0.011719 0.012500
0 0.928125 0.600000 0.014063 0.019444
