0 0.560937 0.129167 0.054688 0.022222
0 0.560937 0.113889 0.054688 0.025000
0 0.560937 0.099306 0.054688 0.023611
0 0.560156 0.084722 0.056250 0.022222
0 0.560937 0.069444 0.056250 0.022222
0 0.560156 0.056944 0.054688 0.022222
0 0.560547 0.043750 0.053906 0.023611
0 0.560156 0.030556 0.053125 0.022222
0 0.559375 0.017361 0.051562 0.023611
0 0.616016 0.136806 0.053906 0.023611
0 0.560937 0.143750 0.053125 0.023611
0 0.617578 0.120139 0.055469 0.020833
0 0.616797 0.104861 0.057031 0.020833
0 0.617188 0.090972 0.054688 0.020833
0 0.617578 0.073611 0.055469 0.019444
0 0.617188 0.060417 0.054688 0.020833
0 0.617188 0.047222 0.056250 0.022222
0 0.614844 0.034028 0.054688 0.020833
0 0.615234 0.018750 0.057031 0.018056
0 0.614844 0.009028 0.057813 0.018056
0 0.690234 0.127778 0.049219 0.019444
0 0.688281 0.113889 0.048438 0.016667
0 0.687500 0.099306 0.050000 0.015278
0 0.686719 0.085417 0.048438 0.018056
0 0.685547 0.068750 0.052344 0.020833
0 0.685547 0.054167 0.050781 0.019444
0 0.683594 0.040278 0.054688 0.016667
0 0.682813 0.026389 0.053125 0.019444
0 0.681641 0.012500 0.050781 0.019444
0 0.753125 0.125694 0.051562 0.018056
0 0.751563 0.109722 0.050000 0.019444
0 0.751172 0.096528 0.052344 0.018056
0 0.750781 0.083333 0.051562 0.019444
0 0.748828 0.069444 0.053906 0.019444
0 0.747266 0.054861 0.052344 0.020833
0 0.746484 0.039583 0.052344 0.020833
0 0.744922 0.025694 0.050781 0.018056
0 0.743750 0.011111 0.048438 0.016667
0 0.805078 0.127778 0.046094 0.019444
0 0.803125 0.110417 0.046875 0.018056
0 0.802734 0.097222 0.046094 0.016667
0 0.800781 0.081944 0.048438 0.019444
0 0.800781 0.068056 0.051562 0.022222
0 0.798828 0.051389 0.049219 0.016667
0 0.797266 0.038194 0.049219 0.018056
0 0.795703 0.025694 0.047656 0.015278
0 0.792188 0.011806 0.046875 0.018056
0 0.864844 0.132639 0.051562 0.018056
0 0.863672 0.116667 0.053906 0.025000
0 0.862109 0.102778 0.052344 0.022222
0 0.857031 0.088889 0.053125 0.019444
0 0.855859 0.073611 0.055469 0.022222
0 0.855078 0.059722 0.053906 0.019444
0 0.852344 0.045139 0.051562 0.018056
0 0.850781 0.031944 0.054688 0.019444
0 0.849219 0.016667 0.054688 0.019444
0 0.847266 0.006250 0.053906 0.012500
0 0.917969 0.138889 0.045312 0.025000
0 0.916406 0.122917 0.045312 0.023611
0 0.914844 0.109028 0.045312 0.020833
0 0.912109 0.094444 0.042969 0.019444
0 0.910937 0.080556 0.043750 0.022222
0 0.909766 0.065972 0.046094 0.023611
0 0.908203 0.053472 0.042969 0.018056
0 0.905469 0.039583 0.045312 0.023611
0 0.903906 0.024306 0.043750 0.018056
0 0.903125 0.013889 0.042188 0.019444
0 0.960547 0.149306 0.039844 0.023611
0 0.959375 0.133333 0.037500 0.022222
0 0.957422 0.119444 0.038281 0.022222
0 0.956250 0.104861 0.037500 0.023611
0 0.954297 0.091667 0.039844 0.022222
0 0.953516 0.077778 0.039844 0.022222
0 0.951562 0.064583 0.037500 0.023611
0 0.948828 0.050694 0.039844 0.023611
0 0.946875 0.036806 0.039062 0.023611
0 0.944531 0.024306 0.037500 0.023611
0 0.941797 0.012500 0.036719 0.022222
0 0.988672 0.115278 0.022656 0.019444
0 0.987500 0.102778 0.023438 0.022222
0 0.987109 0.088889 0.024219 0.019444
0 0.986328 0.076389 0.025781 0.025000
0 0.985156 0.063194 0.028125 0.023611
0 0.983984 0.049306 0.030469 0.023611
0 0.983203 0.038194 0.030469 0.023611
0 0.980859 0.025000 0.032031 0.022222
0 0.978516 0.014583 0.033594 0.020833
0 0.977734 0.006944 0.032031 0.013889
0 0.609375 0.671528 0.156250 0.048611
