0 0.714063 0.387037 0.436458 0.088889
0 0.275000 0.294907 0.063542 0.025000
0 0.198437 0.288889 0.064583 0.025926
0 0.078906 0.074537 0.153646 0.076852
0 0.238542 0.107870 0.130208 0.065741
0 0.356250 0.128704 0.104167 0.059259
0 0.459635 0.153704 0.088021 0.059259
0 0.378646 0.313426 0.052083 0.012037
0 0.470313 0.310648 0.032292 0.015741
0 0.376823 0.259722 0.052604 0.012037
0 0.377604 0.271759 0.052083 0.013889
0 0.377865 0.286111 0.052604 0.018519
0 0.377865 0.301389 0.050521 0.015741
0 0.967187 0.389815 0.065625 0.070370
0 0.953385 0.889815 0.093229 0.120370
0 0.857812 0.953241 0.116667 0.093519
0 0.436198 0.310185 0.039062 0.018519
