0 0.861719 0.763194 0.209375 0.140278
0 0.736328 0.654861 0.107031 0.043056
0 0.404297 0.591667 0.088281 0.025000
0 0.128125 0.686806 0.196875 0.106944
0 0.068750 0.157639 0.079687 0.076389
0 0.014063 0.147222 0.021875 0.055556
0 0.017969 0.097222 0.032813 0.041667
0 0.063281 0.193750 0.082812 0.068056
0 0.057813 0.230556 0.095312 0.066667
0 0.054688 0.254861 0.090625 0.051389
0 0.051953 0.293056 0.099219 0.052778
0 0.053125 0.326389 0.092188 0.047222
0 0.053516 0.362500 0.099219 0.055556
0 0.050391 0.404167 0.099219 0.050000
0 0.051562 0.438194 0.093750 0.045833
0 0.048047 0.477083 0.089844 0.040278
0 0.048047 0.536806 0.094531 0.076389
0 0.017578 0.596528 0.032031 0.045833
0 0.019141 0.654167 0.027344 0.058333
