0 0.922656 0.070625 0.142187 0.138750
0 0.818359 0.163125 0.066406 0.113750
0 0.757812 0.233125 0.054688 0.081250
0 0.713281 0.281875 0.034375 0.076250
0 0.679688 0.311875 0.034375 0.053750
0 0.652734 0.341875 0.019531 0.041250
0 0.630469 0.365625 0.023438 0.038750
0 0.686719 0.021250 0.020313 0.042500
0 0.663672 0.074375 0.028906 0.061250
0 0.644531 0.120625 0.017188 0.043750
0 0.628906 0.158750 0.020313 0.045000
0 0.034375 0.386875 0.068750 0.088750
0 0.157031 0.033750 0.045312 0.067500
0 0.202734 0.092500 0.049219 0.122500
0 0.246875 0.172500 0.040625 0.085000
0 0.275391 0.225000 0.024219 0.065000
0 0.301172 0.265625 0.030469 0.056250
0 0.323828 0.301250 0.017969 0.040000
0 0.351953 0.063125 0.011719 0.056250
0 0.980859 0.478750 0.036719 0.087500
0 0.901172 0.491250 0.121094 0.075000
0 0.802734 0.506875 0.077344 0.051250
0 0.624219 0.701875 0.021875 0.028750
0 0.643359 0.720625 0.019531 0.031250
0 0.661328 0.748125 0.021094 0.031250
0 0.114844 0.418750 0.092188 0.080000
0 0.191406 0.450000 0.064062 0.055000
0 0.242578 0.467500 0.039844 0.045000
0 0.337891 0.505625 0.014844 0.023750
0 0.102734 0.888125 0.121094 0.128750
0 0.193750 0.806875 0.060937 0.096250
0 0.248438 0.765625 0.048438 0.058750
0 0.733594 0.810000 0.045312 0.067500
0 0.780078 0.870625 0.053906 0.083750
0 0.856250 0.942500 0.100000 0.112500
0 0.693750 0.771875 0.040625 0.056250
0 0.020703 0.961250 0.039844 0.077500
0 0.738281 0.511250 0.056250 0.052500
0 0.694141 0.518750 0.028906 0.042500
0 0.662891 0.525625 0.030469 0.028750
0 0.613672 0.382500 0.013281 0.025000
0 0.600781 0.395625 0.012500 0.028750
0 0.613672 0.195000 0.016406 0.042500
0 0.601172 0.220625 0.013281 0.036250
0 0.351172 0.508750 0.011719 0.020000
0 0.337109 0.328125 0.016406 0.036250
0 0.342578 0.018750 0.016406 0.037500
