0 0.896875 0.658333 0.095312 0.080556
0 0.837500 0.627083 0.032813 0.054167
0 0.963281 0.774306 0.073438 0.151389
0 0.917578 0.454861 0.053906 0.040278
0 0.917188 0.297917 0.054688 0.065278
0 0.967578 0.256944 0.064844 0.083333
0 0.874219 0.339583 0.037500 0.045833
0 0.869531 0.465278 0.043750 0.030556
0 0.757031 0.554861 0.039062 0.023611
0 0.669141 0.552083 0.041406 0.020833
0 0.900781 0.070139 0.032813 0.106944
0 0.937891 0.018056 0.041406 0.022222
0 0.869531 0.126389 0.017188 0.097222
0 0.851953 0.184028 0.027344 0.079167
0 0.827734 0.231250 0.022656 0.062500
0 0.811328 0.253472 0.016406 0.051389
0 0.820312 0.146528 0.020313 0.040278
0 0.814844 0.079861 0.015625 0.048611
0 0.802344 0.143750 0.018750 0.059722
0 0.788672 0.231250 0.014844 0.043056
0 0.779297 0.253472 0.011719 0.037500
0 0.202734 0.559028 0.071094 0.026389
0 0.091797 0.631250 0.080469 0.048611
0 0.025000 0.643750 0.050000 0.065278
0 0.100391 0.363889 0.057031 0.027778
0 0.168359 0.386111 0.075781 0.025000
0 0.216016 0.279861 0.044531 0.031944
0 0.205078 0.228472 0.075781 0.026389
0 0.210938 0.175000 0.068750 0.030556
0 0.255469 0.295139 0.040625 0.029167
0 0.291797 0.309722 0.033594 0.027778
0 0.293359 0.229167 0.033594 0.030556
0 0.323047 0.232639 0.025781 0.029167
0 0.319531 0.280556 0.025000 0.025000
0 0.318359 0.325000 0.028906 0.025000
0 0.342187 0.334028 0.026562 0.018056
0 0.323047 0.413889 0.041406 0.019444
0 0.321094 0.478472 0.045312 0.018056
0 0.322656 0.542361 0.043750 0.018056
0 0.297656 0.545139 0.012500 0.015278
0 0.266406 0.554861 0.057813 0.026389
0 0.295703 0.477778 0.010156 0.022222
0 0.295703 0.413194 0.010156 0.020833
0 0.030469 0.206944 0.054688 0.038889
0 0.082812 0.227083 0.043750 0.034722
0 0.129297 0.242361 0.055469 0.056944
0 0.138672 0.139583 0.049219 0.062500
0 0.096094 0.095139 0.043750 0.029167
0 0.087891 0.160417 0.044531 0.031944
0 0.233203 0.085417 0.030469 0.034722
0 0.235937 0.028472 0.035937 0.043056
0 0.264453 0.112500 0.033594 0.044444
0 0.297656 0.136806 0.031250 0.037500
0 0.324609 0.157639 0.021094 0.026389
0 0.347266 0.177778 0.024219 0.033333
0 0.327734 0.115972 0.025781 0.023611
0 0.329688 0.079167 0.021875 0.022222
0 0.149609 0.025000 0.044531 0.044444
0 0.194531 0.056944 0.046875 0.041667
0 0.332422 0.044444 0.024219 0.030556
0 0.144922 0.569444 0.042969 0.022222
0 0.344922 0.264583 0.025781 0.023611
0 0.346484 0.236806 0.027344 0.026389
