0 0.076042 0.215741 0.143750 0.062963
0 0.077083 0.255093 0.145833 0.069444
0 0.076042 0.296296 0.145833 0.062963
0 0.074479 0.330093 0.142708 0.069444
0 0.067969 0.484259 0.127604 0.048148
0 0.064844 0.529630 0.125521 0.042593
0 0.064583 0.561111 0.122917 0.037037
0 0.065885 0.600000 0.123438 0.044444
0 0.067448 0.646296 0.128646 0.048148
0 0.068750 0.687500 0.129167 0.050926
0 0.067448 0.734259 0.128646 0.042593
0 0.068229 0.768056 0.130208 0.049074
0 0.048698 0.810648 0.093229 0.036111
0 0.052604 0.863889 0.096875 0.046296
0 0.363021 0.014815 0.277083 0.025926
0 0.373177 0.048148 0.293229 0.081481
0 0.373698 0.105093 0.294271 0.076852
0 0.382812 0.162963 0.289583 0.090741
0 0.383854 0.218519 0.303125 0.077778
0 0.386719 0.280093 0.295312 0.099074
0 0.387500 0.352778 0.275000 0.087037
0 0.378385 0.409259 0.291146 0.064815
0 0.379948 0.468981 0.290104 0.093519
0 0.383073 0.523148 0.298438 0.064815
0 0.390104 0.576852 0.286458 0.085185
0 0.393229 0.639815 0.280208 0.081481
0 0.393750 0.695370 0.279167 0.105556
0 0.396094 0.763889 0.288021 0.090741
0 0.402344 0.815741 0.285938 0.085185
0 0.402865 0.878241 0.289062 0.104630
0 0.403906 0.937963 0.291146 0.083333
0 0.400781 0.986574 0.284896 0.021296
0 0.617188 0.709722 0.171875 0.076852
0 0.613542 0.777315 0.172917 0.045370
0 0.620313 0.817130 0.169792 0.049074
0 0.623437 0.864352 0.176042 0.041667
0 0.829948 0.750463 0.255729 0.087963
0 0.834115 0.814815 0.249479 0.061111
0 0.837760 0.873611 0.256771 0.067593
0 0.884115 0.038426 0.082812 0.063889
0 0.919792 0.189815 0.098958 0.068519
0 0.916667 0.221296 0.096875 0.070370
0 0.916146 0.237500 0.087500 0.060185
0 0.912500 0.259259 0.086458 0.059259
0 0.895312 0.279167 0.043750 0.045370
0 0.883594 0.302315 0.025521 0.034259
0 0.886458 0.323148 0.026042 0.037037
0 0.887500 0.342593 0.035417 0.040741
0 0.885156 0.362037 0.031771 0.027778
0 0.885677 0.382407 0.024479 0.031481
0 0.885938 0.400463 0.026042 0.034259
0 0.888542 0.422685 0.023958 0.030556
0 0.890104 0.440741 0.026042 0.027778
0 0.888021 0.460648 0.021875 0.025000
0 0.889844 0.478704 0.026562 0.022222
0 0.890365 0.499074 0.027604 0.022222
0 0.892448 0.520370 0.027604 0.020370
0 0.889844 0.540278 0.025521 0.026852
0 0.893490 0.558796 0.022396 0.026852
0 0.894531 0.581481 0.029687 0.027778
0 0.891406 0.599537 0.022396 0.034259
0 0.895312 0.621296 0.026042 0.027778
0 0.896615 0.643981 0.023438 0.034259
0 0.954688 0.669444 0.082292 0.037037
0 0.952604 0.637037 0.086458 0.040741
0 0.955469 0.622685 0.086979 0.037963
0 0.955208 0.593519 0.087500 0.035185
0 0.955990 0.574537 0.082812 0.034259
0 0.955469 0.545833 0.086979 0.034259
0 0.953646 0.524537 0.088542 0.028704
0 0.952344 0.500463 0.088021 0.034259
0 0.953385 0.475463 0.088021 0.034259
0 0.951823 0.456944 0.084896 0.037963
0 0.953646 0.423148 0.088542 0.037037
0 0.953646 0.398148 0.088542 0.044444
0 0.953646 0.376389 0.090625 0.049074
0 0.951302 0.351389 0.090104 0.045370
0 0.952083 0.330556 0.091667 0.050000
0 0.950781 0.302315 0.091146 0.052778
0 0.946094 0.274537 0.097396 0.060185
0 0.758854 0.675000 0.130208 0.038889
0 0.609375 0.670370 0.108333 0.029630
0 0.545833 0.663889 0.032292 0.044444
