0 0.780078 0.536979 0.191406 0.128125
0 0.914062 0.566667 0.164062 0.137500
0 0.940625 0.189583 0.114062 0.056250
0 0.938281 0.255208 0.115625 0.079167
0 0.964063 0.033854 0.070312 0.044792
0 0.862109 0.044792 0.082031 0.054167
0 0.771875 0.039583 0.092188 0.039583
0 0.798438 0.238542 0.176563 0.068750
0 0.644531 0.222917 0.168750 0.079167
0 0.524219 0.204687 0.107813 0.082292
0 0.433594 0.194792 0.125000 0.062500
0 0.345313 0.189583 0.118750 0.081250
0 0.268750 0.180208 0.068750 0.058333
0 0.165625 0.058333 0.032813 0.033333
0 0.198828 0.059375 0.038281 0.025000
0 0.236719 0.055208 0.029687 0.027083
0 0.269141 0.050521 0.035156 0.032292
0 0.304297 0.050521 0.046094 0.036458
0 0.348828 0.050000 0.049219 0.031250
0 0.391406 0.057292 0.046875 0.029167
0 0.443750 0.048958 0.059375 0.041667
0 0.501953 0.054688 0.063281 0.034375
0 0.129297 0.065625 0.046094 0.050000
0 0.094922 0.052604 0.047656 0.034375
0 0.087500 0.325000 0.050000 0.045833
0 0.142969 0.339062 0.050000 0.046875
0 0.375391 0.406771 0.161719 0.069792
0 0.516406 0.467708 0.126562 0.068750
0 0.675781 0.491667 0.209375 0.070833
0 0.180859 0.176042 0.150781 0.062500
