0 0.329688 0.389583 0.129688 0.115278
0 0.450391 0.435417 0.071094 0.073611
0 0.541406 0.474306 0.040625 0.054167
0 0.539844 0.654167 0.034375 0.052778
0 0.450000 0.700000 0.073438 0.080556
0 0.326953 0.747917 0.133594 0.120833
0 0.058984 0.304861 0.117969 0.156944
0 0.057031 0.810417 0.109375 0.120833
0 0.359375 0.060417 0.129688 0.118056
0 0.455859 0.155556 0.064844 0.097222
0 0.507031 0.222222 0.039062 0.066667
0 0.548047 0.275000 0.041406 0.063889
0 0.583594 0.318750 0.028125 0.051389
0 0.581250 0.251389 0.026562 0.047222
0 0.580859 0.195139 0.025781 0.054167
0 0.578906 0.136806 0.028125 0.065278
0 0.607812 0.200694 0.039062 0.054167
0 0.611719 0.256250 0.034375 0.040278
0 0.612891 0.309722 0.032031 0.038889
0 0.615234 0.358333 0.024219 0.033333
0 0.946875 0.233333 0.028125 0.061111
0 0.974219 0.179167 0.035937 0.075000
0 0.992969 0.138194 0.014063 0.045833
0 0.917188 0.204861 0.026562 0.062500
0 0.902344 0.272222 0.057813 0.055556
0 0.862500 0.318056 0.017188 0.036111
0 0.841016 0.384028 0.039844 0.020833
0 0.869922 0.097222 0.030469 0.044444
0 0.882812 0.011806 0.012500 0.023611
0 0.848437 0.170833 0.014063 0.038889
0 0.829297 0.229861 0.016406 0.043056
0 0.639453 0.072917 0.014844 0.043056
0 0.649609 0.108333 0.013281 0.033333
0 0.642969 0.170139 0.012500 0.037500
0 0.622656 0.528472 0.045312 0.018056
0 0.621484 0.566667 0.041406 0.016667
0 0.635156 0.605556 0.025000 0.016667
0 0.654687 0.532639 0.006250 0.012500
0 0.653516 0.565972 0.005469 0.012500
0 0.751563 0.366667 0.018750 0.008333
0 0.773828 0.366667 0.019531 0.008333
0 0.728125 0.365972 0.018750 0.009722
0 0.708594 0.368056 0.018750 0.011111
0 0.695312 0.368750 0.007812 0.012500
0 0.632422 0.391667 0.013281 0.033333
0 0.644141 0.409028 0.010156 0.020833
0 0.656641 0.425000 0.013281 0.027778
0 0.644922 0.370833 0.011719 0.022222
0 0.657813 0.388889 0.012500 0.022222
0 0.643359 0.331944 0.010156 0.022222
0 0.643359 0.295139 0.008594 0.029167
0 0.653906 0.314583 0.012500 0.029167
0 0.644531 0.234028 0.012500 0.029167
0 0.628516 0.187500 0.019531 0.050000
0 0.609766 0.134722 0.027344 0.041667
0 0.644922 0.200694 0.013281 0.029167
0 0.673438 0.534722 0.009375 0.011111
0 0.673438 0.561111 0.009375 0.008333
0 0.825781 0.073611 0.010937 0.036111
0 0.657422 0.355556 0.014844 0.022222
0 0.633594 0.265972 0.009375 0.037500
0 0.580469 0.054861 0.028125 0.070833
0 0.608984 0.091667 0.028906 0.050000
