0 0.307031 0.589583 0.106250 0.031944
0 0.393750 0.584722 0.057813 0.025000
0 0.373047 0.487500 0.096094 0.022222
0 0.125000 0.567361 0.068750 0.031944
0 0.300781 0.536806 0.290625 0.106944
0 0.423438 0.413194 0.046875 0.023611
0 0.432812 0.569444 0.026562 0.025000
0 0.066016 0.039583 0.105469 0.079167
0 0.279297 0.063889 0.075781 0.069444
0 0.297656 0.020833 0.043750 0.041667
0 0.344141 0.105556 0.057031 0.061111
0 0.313672 0.226389 0.100781 0.047222
0 0.398047 0.277083 0.058594 0.040278
0 0.440234 0.299306 0.030469 0.040278
0 0.398047 0.177778 0.060156 0.044444
0 0.386719 0.026389 0.031250 0.047222
0 0.415625 0.063194 0.032813 0.045833
0 0.437500 0.093056 0.014063 0.016667
0 0.444141 0.052083 0.022656 0.034722
0 0.435547 0.200000 0.014844 0.016667
0 0.927344 0.639583 0.115625 0.054167
0 0.946875 0.500000 0.034375 0.019444
0 0.918359 0.501389 0.016406 0.013889
0 0.904297 0.501389 0.010156 0.011111
0 0.912891 0.438194 0.038281 0.023611
0 0.854688 0.584028 0.042188 0.026389
0 0.825000 0.579167 0.017188 0.019444
0 0.806641 0.577778 0.019531 0.019444
0 0.780469 0.592361 0.032813 0.026389
0 0.968750 0.305556 0.035937 0.033333
0 0.925781 0.334722 0.020313 0.027778
0 0.923438 0.300694 0.020313 0.029167
0 0.909766 0.350000 0.017969 0.025000
0 0.896094 0.363194 0.014063 0.018056
0 0.892188 0.325694 0.017188 0.020833
0 0.899609 0.280556 0.027344 0.022222
0 0.879687 0.325000 0.012500 0.022222
0 0.979297 0.028472 0.027344 0.040278
0 0.896484 0.191667 0.013281 0.030556
0 0.885938 0.212500 0.012500 0.025000
0 0.869531 0.332639 0.010937 0.018056
0 0.867188 0.263194 0.014063 0.081944
0 0.857031 0.249306 0.010937 0.018056
0 0.863281 0.198611 0.010937 0.016667
0 0.865234 0.165278 0.019531 0.019444
0 0.886328 0.171528 0.019531 0.020833
0 0.861328 0.343750 0.010156 0.020833
0 0.858203 0.318750 0.010156 0.018056
0 0.854688 0.397222 0.009375 0.011111
0 0.882422 0.134722 0.017969 0.022222
0 0.877734 0.099306 0.019531 0.023611
