0 0.668359 0.735417 0.367969 0.195833
0 0.894531 0.748437 0.096875 0.084375
0 0.960547 0.797917 0.078906 0.091667
0 0.334375 0.594271 0.239063 0.117708
0 0.476562 0.600521 0.087500 0.088542
0 0.421875 0.308333 0.073438 0.029167
0 0.408203 0.404167 0.044531 0.027083
0 0.329688 0.295312 0.031250 0.021875
0 0.364063 0.302604 0.045312 0.023958
0 0.392578 0.211458 0.103906 0.020833
0 0.323828 0.213021 0.028906 0.021875
0 0.199609 0.438021 0.071094 0.046875
0 0.151172 0.422396 0.039844 0.026042
0 0.101562 0.422917 0.060937 0.029167
0 0.041797 0.461458 0.082031 0.039583
0 0.463281 0.055729 0.051562 0.036458
0 0.396484 0.089583 0.069531 0.045833
0 0.346484 0.091146 0.035156 0.032292
0 0.316016 0.104167 0.027344 0.027083
0 0.314453 0.042708 0.027344 0.027083
0 0.403906 0.027604 0.087500 0.036458
0 0.288281 0.035417 0.029687 0.029167
0 0.265234 0.046875 0.022656 0.025000
0 0.245312 0.056771 0.023438 0.023958
0 0.242969 0.018750 0.021875 0.025000
0 0.231641 0.132292 0.021094 0.020833
