0 0.696484 0.412500 0.092969 0.037500
0 0.935547 0.426250 0.127344 0.067500
0 0.936328 0.457500 0.127344 0.057500
0 0.691406 0.457500 0.089063 0.037500
0 0.689063 0.485625 0.087500 0.036250
0 0.673047 0.512500 0.105469 0.035000
0 0.671484 0.540000 0.103906 0.040000
0 0.667578 0.567500 0.100781 0.037500
0 0.666016 0.593125 0.099219 0.033750
0 0.664453 0.622500 0.097656 0.040000
0 0.666016 0.648125 0.094531 0.031250
0 0.669531 0.673125 0.098437 0.036250
0 0.659375 0.700000 0.081250 0.035000
0 0.654687 0.725625 0.085938 0.036250
0 0.935937 0.495000 0.126562 0.050000
0 0.937500 0.526250 0.125000 0.052500
0 0.937891 0.555625 0.122656 0.056250
0 0.935547 0.592500 0.125781 0.050000
0 0.936328 0.623125 0.127344 0.053750
0 0.935547 0.660625 0.124219 0.053750
0 0.936328 0.695000 0.125781 0.057500
0 0.960547 0.738125 0.077344 0.048750
0 0.943359 0.770625 0.039844 0.048750
0 0.698828 0.387500 0.092969 0.032500
0 0.787109 0.411875 0.083594 0.021250
0 0.785156 0.433750 0.087500 0.027500
0 0.788281 0.389375 0.085938 0.028750
0 0.778125 0.480625 0.065625 0.028750
0 0.778516 0.508125 0.066406 0.026250
0 0.776563 0.530000 0.064062 0.022500
0 0.776172 0.552500 0.064844 0.022500
0 0.776172 0.571250 0.069531 0.017500
0 0.773828 0.600000 0.069531 0.020000
0 0.773047 0.620625 0.067969 0.023750
0 0.773047 0.645000 0.066406 0.025000
0 0.775000 0.668125 0.073438 0.023750
0 0.693359 0.431875 0.089844 0.036250
0 0.685937 0.318750 0.057813 0.025000
0 0.511719 0.275000 0.048438 0.022500
0 0.510547 0.331250 0.050781 0.027500
0 0.567969 0.335625 0.056250 0.028750
0 0.573828 0.299375 0.053906 0.013750
0 0.568750 0.262500 0.054688 0.025000
0 0.575781 0.192500 0.060937 0.025000
0 0.579297 0.156250 0.057031 0.022500
0 0.116797 0.226875 0.078906 0.041250
0 0.194141 0.703750 0.128906 0.050000
0 0.068750 0.686250 0.123438 0.047500
0 0.101562 0.460625 0.079687 0.041250
0 0.034766 0.056875 0.049219 0.091250
0 0.516797 0.189375 0.047656 0.016250
0 0.518750 0.136250 0.051562 0.020000
0 0.415234 0.201250 0.013281 0.015000
0 0.415234 0.141250 0.017969 0.022500
0 0.458594 0.625000 0.079687 0.035000
0 0.595313 0.615625 0.021875 0.016250
0 0.814453 0.021250 0.035156 0.042500
0 0.782813 0.060625 0.029687 0.053750
0 0.758203 0.101250 0.019531 0.042500
0 0.741797 0.133750 0.014844 0.032500
0 0.725391 0.155000 0.016406 0.030000
0 0.696875 0.176250 0.046875 0.017500
0 0.693750 0.132500 0.053125 0.032500
0 0.694141 0.083750 0.061719 0.035000
0 0.523047 0.088750 0.047656 0.020000
0 0.698828 0.046250 0.049219 0.020000
0 0.694531 0.221250 0.043750 0.020000
0 0.644141 0.215625 0.061719 0.018750
0 0.643750 0.181250 0.059375 0.022500
0 0.460938 0.181875 0.062500 0.028750
0 0.692969 0.365625 0.046875 0.021250
0 0.454688 0.319375 0.062500 0.023750
0 0.374609 0.251250 0.060156 0.025000
0 0.253125 0.055000 0.153125 0.107500
0 0.384375 0.436875 0.084375 0.023750
0 0.725391 0.669375 0.014844 0.026250
0 0.723047 0.645625 0.021094 0.026250
0 0.722656 0.621875 0.020313 0.026250
0 0.725391 0.600625 0.021094 0.026250
0 0.726562 0.577500 0.018750 0.025000
0 0.727734 0.556250 0.017969 0.025000
0 0.728516 0.532500 0.014844 0.022500
0 0.938281 0.799375 0.053125 0.048750
0 0.543750 0.599375 0.014063 0.008750
0 0.543359 0.591875 0.013281 0.008750
0 0.543750 0.582500 0.014063 0.010000
0 0.544922 0.576250 0.016406 0.007500
0 0.550000 0.571250 0.025000 0.010000
0 0.555078 0.562500 0.035156 0.010000
