0 0.937891 0.200694 0.071094 0.031944
0 0.835156 0.222917 0.048438 0.018056
0 0.826562 0.105556 0.043750 0.022222
0 0.841406 0.391667 0.060937 0.113889
0 0.942969 0.418750 0.082812 0.026389
0 0.951953 0.644444 0.080469 0.030556
0 0.202734 0.064583 0.188281 0.115278
0 0.127344 0.198611 0.254688 0.244444
0 0.141016 0.114583 0.282031 0.223611
0 0.125781 0.332639 0.248438 0.226389
0 0.122656 0.481250 0.245312 0.151389
0 0.119531 0.627083 0.239063 0.159722
0 0.122266 0.757639 0.242969 0.206944
0 0.121094 0.886111 0.240625 0.227778
0 0.126562 0.940972 0.253125 0.118056
0 0.516016 0.618056 0.097656 0.033333
0 0.580859 0.604167 0.042969 0.016667
0 0.581641 0.544444 0.047656 0.019444
0 0.585547 0.486111 0.039844 0.025000
0 0.582422 0.427778 0.047656 0.030556
0 0.526953 0.370833 0.046094 0.025000
0 0.526953 0.320833 0.046094 0.036111
0 0.532813 0.086111 0.035937 0.036111
0 0.505469 0.048611 0.017188 0.047222
0 0.490234 0.016667 0.011719 0.030556
0 0.505469 0.031944 0.017188 0.038889
0 0.506250 0.013889 0.018750 0.025000
0 0.526563 0.264583 0.042188 0.031944
0 0.532422 0.043750 0.035156 0.029167
0 0.532422 0.035417 0.035156 0.026389
0 0.532422 0.074306 0.035156 0.037500
0 0.532813 0.025694 0.035937 0.029167
0 0.532422 0.059722 0.035156 0.030556
0 0.526953 0.244444 0.041406 0.019444
0 0.526563 0.257639 0.042188 0.020833
0 0.526953 0.238194 0.041406 0.031944
0 0.527734 0.223611 0.041406 0.027778
0 0.526953 0.209722 0.041406 0.033333
0 0.526953 0.200000 0.041406 0.036111
0 0.526953 0.186111 0.041406 0.033333
0 0.526563 0.173611 0.042188 0.036111
0 0.527734 0.159722 0.042969 0.038889
0 0.527734 0.147917 0.044531 0.040278
0 0.527734 0.134722 0.044531 0.038889
0 0.527344 0.121528 0.045312 0.037500
0 0.527734 0.108333 0.046094 0.036111
0 0.527344 0.097917 0.046875 0.037500
0 0.915234 0.016667 0.064844 0.033333
0 0.750000 0.041667 0.043750 0.019444
0 0.658984 0.044444 0.041406 0.019444
