0 0.787109 0.611111 0.032031 0.025000
0 0.813672 0.597917 0.039844 0.023611
0 0.968359 0.695139 0.063281 0.056944
0 0.444531 0.115278 0.140625 0.122222
0 0.173828 0.571528 0.008594 0.012500
0 0.298438 0.231944 0.073438 0.047222
0 0.837891 0.587500 0.014844 0.013889
0 0.898828 0.572917 0.021094 0.009722
0 0.921094 0.337500 0.017188 0.005556
0 0.921484 0.331944 0.017969 0.005556
0 0.921484 0.326389 0.017969 0.008333
0 0.921094 0.318750 0.018750 0.009722
0 0.920703 0.313194 0.019531 0.006944
0 0.920312 0.306250 0.018750 0.006944
0 0.919922 0.300694 0.019531 0.006944
0 0.919922 0.293056 0.019531 0.008333
0 0.919531 0.289583 0.018750 0.006944
0 0.902734 0.337500 0.017969 0.008333
0 0.901563 0.332639 0.017188 0.006944
0 0.901172 0.326389 0.017969 0.005556
0 0.901172 0.320833 0.017969 0.005556
0 0.901172 0.313889 0.017969 0.008333
0 0.900781 0.307639 0.018750 0.006944
0 0.900000 0.302083 0.018750 0.006944
0 0.900000 0.295833 0.018750 0.008333
0 0.899219 0.289583 0.018750 0.006944
0 0.882812 0.335417 0.018750 0.006944
0 0.882422 0.329861 0.019531 0.006944
0 0.881641 0.324306 0.019531 0.006944
0 0.881641 0.317361 0.019531 0.006944
0 0.881250 0.311111 0.018750 0.008333
0 0.881250 0.305556 0.018750 0.005556
0 0.880469 0.299306 0.018750 0.006944
0 0.880469 0.293056 0.018750 0.005556
0 0.880078 0.287500 0.017969 0.005556
0 0.861328 0.350694 0.017969 0.009722
0 0.860156 0.343056 0.017188 0.008333
0 0.859375 0.337500 0.018750 0.008333
0 0.859375 0.330556 0.017188 0.008333
0 0.859375 0.324306 0.017188 0.006944
0 0.858594 0.318056 0.017188 0.008333
0 0.858594 0.312500 0.017188 0.008333
0 0.840234 0.328472 0.017969 0.009722
0 0.840234 0.322917 0.016406 0.009722
0 0.840234 0.316667 0.016406 0.008333
0 0.839844 0.311806 0.017188 0.006944
0 0.839844 0.306250 0.017188 0.009722
0 0.839844 0.300694 0.017188 0.009722
0 0.838672 0.294444 0.017969 0.011111
0 0.821875 0.338194 0.018750 0.006944
0 0.918750 0.283333 0.018750 0.008333
0 0.899609 0.284028 0.017969 0.006944
0 0.898828 0.277083 0.019531 0.006944
0 0.821484 0.334028 0.019531 0.006944
0 0.821484 0.327083 0.019531 0.006944
0 0.821094 0.320139 0.018750 0.006944
0 0.820703 0.314583 0.019531 0.006944
0 0.820703 0.309028 0.019531 0.006944
0 0.820703 0.302083 0.019531 0.006944
0 0.820312 0.296528 0.020313 0.006944
0 0.820312 0.290278 0.018750 0.005556
0 0.799609 0.353472 0.019531 0.006944
0 0.799219 0.346528 0.020313 0.006944
0 0.799219 0.340972 0.020313 0.006944
0 0.798828 0.334028 0.019531 0.006944
0 0.798438 0.329167 0.020313 0.005556
0 0.798438 0.322917 0.020313 0.006944
0 0.798047 0.317361 0.021094 0.006944
0 0.798047 0.311806 0.019531 0.006944
0 0.798438 0.306944 0.020313 0.005556
0 0.798047 0.300694 0.021094 0.006944
0 0.798438 0.294444 0.020313 0.005556
0 0.778906 0.356944 0.015625 0.008333
0 0.778906 0.349306 0.015625 0.006944
0 0.778516 0.343750 0.014844 0.006944
0 0.778516 0.338889 0.014844 0.005556
0 0.778125 0.333333 0.015625 0.005556
0 0.777734 0.327778 0.016406 0.008333
0 0.777344 0.321528 0.015625 0.006944
0 0.777344 0.315278 0.015625 0.005556
0 0.776172 0.310417 0.014844 0.006944
0 0.776172 0.303472 0.014844 0.006944
0 0.776172 0.298611 0.014844 0.005556
0 0.775781 0.293056 0.015625 0.005556
0 0.757031 0.359722 0.012500 0.005556
0 0.757031 0.353472 0.012500 0.006944
0 0.756250 0.348611 0.012500 0.005556
0 0.756250 0.342361 0.012500 0.006944
0 0.738281 0.385417 0.015625 0.006944
0 0.738281 0.379861 0.017188 0.006944
0 0.738281 0.374306 0.017188 0.006944
0 0.738281 0.368750 0.017188 0.006944
0 0.738281 0.361111 0.017188 0.008333
0 0.737891 0.355556 0.017969 0.005556
0 0.737891 0.350694 0.017969 0.006944
0 0.737891 0.343750 0.017969 0.006944
0 0.719141 0.365972 0.016406 0.006944
0 0.718750 0.361111 0.017188 0.005556
0 0.718359 0.354167 0.017969 0.005556
0 0.717969 0.349306 0.017188 0.006944
0 0.717969 0.343750 0.017188 0.006944
0 0.717578 0.337500 0.016406 0.008333
0 0.715625 0.332639 0.014063 0.004167
0 0.714063 0.327778 0.009375 0.005556
0 0.701562 0.374306 0.015625 0.006944
0 0.701172 0.368056 0.016406 0.005556
0 0.701172 0.363194 0.016406 0.006944
0 0.700391 0.357639 0.016406 0.004167
0 0.700000 0.352083 0.015625 0.006944
0 0.700000 0.347222 0.015625 0.005556
0 0.699609 0.341667 0.016406 0.005556
0 0.699609 0.336111 0.016406 0.005556
0 0.699609 0.330556 0.016406 0.005556
0 0.700000 0.325000 0.015625 0.005556
0 0.700000 0.319444 0.015625 0.005556
0 0.699609 0.315278 0.016406 0.005556
0 0.917578 0.276389 0.017969 0.005556
0 0.880078 0.281250 0.017969 0.006944
0 0.885156 0.391667 0.015625 0.005556
0 0.885547 0.384722 0.014844 0.008333
0 0.885547 0.377778 0.014844 0.005556
0 0.885156 0.371528 0.015625 0.006944
0 0.885156 0.364583 0.015625 0.006944
0 0.884766 0.358333 0.014844 0.005556
0 0.884375 0.352778 0.015625 0.005556
0 0.883984 0.347222 0.016406 0.005556
0 0.882812 0.340972 0.018750 0.006944
0 0.782422 0.460417 0.017969 0.004167
0 0.799609 0.459722 0.016406 0.005556
0 0.904687 0.450694 0.014063 0.006944
0 0.888672 0.451389 0.017969 0.005556
0 0.117188 0.561111 0.014063 0.008333
0 0.197656 0.337500 0.020313 0.011111
0 0.167187 0.332639 0.018750 0.009722
0 0.148047 0.328472 0.021094 0.009722
0 0.129297 0.325000 0.019531 0.008333
0 0.234766 0.345833 0.019531 0.011111
0 0.268750 0.351389 0.012500 0.008333
0 0.126953 0.370833 0.021094 0.008333
0 0.146484 0.374306 0.019531 0.009722
0 0.165625 0.377083 0.020313 0.006944
0 0.161719 0.440278 0.020313 0.008333
0 0.142578 0.436111 0.019531 0.008333
0 0.123047 0.433333 0.019531 0.008333
0 0.094141 0.431250 0.024219 0.009722
0 0.195312 0.646528 0.040625 0.040278
