0 0.400391 0.745139 0.091406 0.234722
0 0.857812 0.548611 0.162500 0.077778
0 0.865625 0.405556 0.170313 0.083333
0 0.739453 0.408333 0.092969 0.072222
0 0.738672 0.531944 0.102344 0.066667
0 0.642188 0.474306 0.089063 0.045833
0 0.587500 0.472917 0.025000 0.031944
0 0.589844 0.419444 0.017188 0.027778
0 0.644141 0.413194 0.094531 0.031944
0 0.675781 0.317361 0.026562 0.048611
0 0.652344 0.329167 0.021875 0.047222
0 0.632031 0.335417 0.021875 0.034722
0 0.614062 0.338194 0.020313 0.031944
0 0.594531 0.340972 0.014063 0.031944
0 0.585938 0.283333 0.079687 0.030556
0 0.596094 0.276389 0.071875 0.019444
0 0.587109 0.265278 0.032031 0.022222
0 0.601562 0.261806 0.026562 0.026389
0 0.623437 0.256944 0.034375 0.036111
0 0.675781 0.211806 0.034375 0.043056
0 0.659375 0.221528 0.050000 0.043056
0 0.644141 0.236806 0.053906 0.043056
0 0.715625 0.201389 0.078125 0.063889
0 0.798438 0.156944 0.101562 0.077778
0 0.754297 0.178472 0.086719 0.051389
0 0.564844 0.126389 0.050000 0.044444
0 0.595313 0.103472 0.070312 0.037500
0 0.611719 0.079861 0.067187 0.045833
0 0.627344 0.062500 0.064062 0.044444
0 0.645312 0.047222 0.079687 0.061111
0 0.664844 0.018056 0.064062 0.033333
0 0.734375 0.063889 0.068750 0.069444
0 0.707031 0.081250 0.089063 0.056944
0 0.679297 0.113889 0.097656 0.063889
0 0.646875 0.137500 0.070312 0.044444
0 0.633203 0.154861 0.074219 0.048611
0 0.612500 0.172222 0.060937 0.041667
0 0.578516 0.182639 0.022656 0.043056
0 0.571484 0.200694 0.036719 0.048611
0 0.587109 0.036806 0.060156 0.040278
0 0.565625 0.055556 0.037500 0.025000
0 0.189062 0.883333 0.354687 0.200000
0 0.067187 0.057639 0.107813 0.093056
0 0.109375 0.111806 0.081250 0.090278
0 0.167187 0.197917 0.045312 0.037500
0 0.226562 0.196528 0.085938 0.056944
0 0.233594 0.141667 0.073438 0.044444
0 0.233594 0.095139 0.073438 0.048611
0 0.167578 0.136111 0.038281 0.047222
0 0.319922 0.118056 0.057031 0.027778
0 0.315625 0.171528 0.062500 0.034722
