0 0.320312 0.570833 0.046875 0.138889
0 0.347656 0.568750 0.026562 0.134722
0 0.621875 0.634722 0.154688 0.052778
0 0.617578 0.610417 0.141406 0.054167
0 0.757812 0.616667 0.112500 0.050000
0 0.717969 0.512500 0.034375 0.030556
0 0.721875 0.493056 0.025000 0.016667
0 0.721094 0.474306 0.031250 0.023611
0 0.721094 0.453472 0.040625 0.026389
0 0.720703 0.434722 0.041406 0.030556
0 0.724609 0.420833 0.039844 0.027778
0 0.718359 0.397222 0.027344 0.022222
0 0.719922 0.377778 0.028906 0.030556
0 0.717187 0.357639 0.029687 0.026389
0 0.714453 0.336806 0.024219 0.029167
0 0.721875 0.536806 0.028125 0.026389
0 0.662500 0.306250 0.081250 0.037500
0 0.658203 0.328472 0.085156 0.048611
0 0.659766 0.351389 0.083594 0.036111
0 0.658203 0.372222 0.089844 0.038889
0 0.661328 0.393750 0.082031 0.029167
0 0.662500 0.414583 0.079687 0.034722
0 0.660156 0.440278 0.082812 0.025000
0 0.662891 0.465278 0.083594 0.030556
0 0.662891 0.481944 0.085156 0.022222
0 0.662500 0.509722 0.084375 0.033333
0 0.664453 0.536806 0.080469 0.020833
0 0.665625 0.559028 0.081250 0.023611
0 0.669141 0.586111 0.074219 0.030556
0 0.583594 0.581944 0.092188 0.025000
0 0.584375 0.562500 0.090625 0.025000
0 0.562109 0.540278 0.144531 0.030556
0 0.568750 0.509722 0.121875 0.030556
0 0.564844 0.480556 0.131250 0.025000
0 0.570703 0.459722 0.132031 0.041667
0 0.565625 0.436806 0.123438 0.034722
0 0.566797 0.413194 0.130469 0.029167
0 0.560547 0.385417 0.125781 0.037500
0 0.558203 0.361111 0.119531 0.033333
0 0.563672 0.339583 0.117969 0.034722
0 0.558203 0.313889 0.119531 0.038889
0 0.551562 0.285417 0.114062 0.037500
0 0.469141 0.372222 0.074219 0.052778
0 0.459375 0.406250 0.048438 0.037500
0 0.463281 0.431250 0.060937 0.026389
0 0.466406 0.448611 0.062500 0.027778
0 0.463281 0.471528 0.056250 0.023611
0 0.462500 0.491667 0.040625 0.027778
0 0.464453 0.511111 0.063281 0.016667
0 0.464453 0.533333 0.053906 0.016667
0 0.418359 0.515278 0.033594 0.025000
0 0.420312 0.532639 0.029687 0.023611
0 0.843750 0.567361 0.067187 0.020833
