0 0.296484 0.453472 0.474219 0.168056
0 0.378906 0.902778 0.321875 0.188889
0 0.612891 0.781944 0.163281 0.255556
0 0.772656 0.093056 0.062500 0.141667
0 0.687891 0.040278 0.139844 0.075000
0 0.788672 0.225694 0.121094 0.087500
0 0.855469 0.261806 0.026562 0.048611
0 0.866016 0.128472 0.010156 0.034722
0 0.856641 0.094444 0.010156 0.038889
0 0.832422 0.045833 0.036719 0.058333
0 0.992188 0.219444 0.010937 0.066667
0 0.981250 0.258333 0.025000 0.055556
0 0.972266 0.304167 0.028906 0.052778
0 0.875000 0.288194 0.018750 0.023611
0 0.810937 0.564583 0.040625 0.084722
