0 0.821484 0.452083 0.035156 0.031944
0 0.804688 0.426389 0.032813 0.008333
0 0.805078 0.414583 0.032031 0.018056
0 0.805469 0.388889 0.034375 0.013889
0 0.803125 0.374306 0.037500 0.015278
0 0.779297 0.374306 0.013281 0.012500
0 0.784375 0.356250 0.029687 0.015278
0 0.789844 0.336806 0.035937 0.015278
0 0.782422 0.322222 0.033594 0.016667
0 0.784766 0.283333 0.033594 0.016667
0 0.782422 0.295833 0.035156 0.011111
0 0.780859 0.265278 0.032031 0.016667
0 0.296094 0.060417 0.200000 0.118056
0 0.203125 0.042361 0.207813 0.079167
0 0.587891 0.093750 0.085156 0.051389
0 0.609375 0.126389 0.076563 0.036111
0 0.650000 0.155556 0.028125 0.038889
0 0.669141 0.180556 0.016406 0.027778
0 0.100391 0.361806 0.163281 0.076389
0 0.233984 0.356944 0.127344 0.075000
0 0.346484 0.363194 0.103906 0.056944
0 0.436328 0.362500 0.078906 0.063889
0 0.496484 0.372917 0.052344 0.045833
0 0.539844 0.377778 0.037500 0.033333
0 0.572266 0.384028 0.030469 0.034722
0 0.596484 0.384028 0.019531 0.023611
0 0.616797 0.387500 0.016406 0.030556
0 0.630469 0.372222 0.017188 0.019444
0 0.633984 0.390278 0.028906 0.022222
0 0.657031 0.390972 0.020313 0.023611
0 0.018359 0.130556 0.032031 0.055556
0 0.620703 0.019444 0.044531 0.038889
