0 0.722396 0.325926 0.094792 0.042593
0 0.729688 0.383796 0.067708 0.025000
0 0.797396 0.386111 0.059375 0.029630
0 0.853125 0.390278 0.055208 0.026852
0 0.902083 0.393519 0.045833 0.022222
0 0.902083 0.339815 0.045833 0.024074
0 0.871615 0.281944 0.100521 0.037963
0 0.945833 0.395370 0.048958 0.031481
0 0.984635 0.400463 0.030729 0.023148
0 0.599479 0.372685 0.095833 0.032407
0 0.480469 0.358333 0.077604 0.033333
0 0.480990 0.307407 0.072396 0.038889
0 0.393229 0.348148 0.085417 0.033333
0 0.315365 0.348611 0.073438 0.032407
0 0.314583 0.273148 0.077083 0.037037
0 0.311458 0.191667 0.078125 0.033333
0 0.309375 0.056019 0.076042 0.036111
0 0.384115 0.072222 0.074479 0.037037
0 0.219531 0.231019 0.100521 0.045370
0 0.128906 0.222222 0.085938 0.042593
0 0.133594 0.131944 0.090104 0.041667
0 0.040625 0.146759 0.080208 0.047222
0 0.042188 0.210648 0.081250 0.049074
0 0.044010 0.081019 0.086979 0.049074
0 0.197135 0.703241 0.115104 0.039815
0 0.300000 0.940278 0.263542 0.113889
0 0.525781 0.775463 0.042188 0.034259
0 0.806250 0.774537 0.160417 0.060185
0 0.937760 0.815741 0.124479 0.068519
0 0.739062 0.149074 0.058333 0.025926
0 0.732031 0.081944 0.065104 0.037963
0 0.720052 0.037500 0.089063 0.054630
0 0.818229 0.062500 0.093750 0.049074
0 0.843229 0.109259 0.052083 0.024074
0 0.843229 0.174537 0.047917 0.032407
0 0.796615 0.158333 0.054688 0.044444
0 0.887240 0.178241 0.053646 0.032407
0 0.939063 0.190741 0.047917 0.040741
0 0.935677 0.124537 0.056771 0.037963
0 0.497135 0.592593 0.101562 0.025926
0 0.471615 0.689352 0.039062 0.036111
0 0.500260 0.759259 0.029687 0.038889
0 0.076823 0.480093 0.042188 0.015741
0 0.114062 0.545370 0.036458 0.011111
0 0.114062 0.556019 0.037500 0.010185
0 0.113802 0.570370 0.036979 0.014815
0 0.117188 0.587500 0.036458 0.017593
0 0.118229 0.600926 0.038542 0.009259
0 0.116406 0.615278 0.042188 0.021296
0 0.113802 0.632407 0.039062 0.012963
0 0.116146 0.652778 0.034375 0.027778
0 0.082552 0.661111 0.035937 0.020370
0 0.082812 0.647685 0.036458 0.021296
0 0.082292 0.633333 0.028125 0.012963
0 0.079427 0.617130 0.039062 0.021296
0 0.078385 0.603241 0.039062 0.013889
0 0.078125 0.589352 0.036458 0.013889
0 0.061979 0.576389 0.064583 0.019444
0 0.059375 0.561111 0.075000 0.014815
0 0.061198 0.546759 0.069271 0.013889
0 0.063542 0.535185 0.072917 0.016667
0 0.063542 0.519907 0.072917 0.013889
0 0.062500 0.505093 0.076042 0.017593
0 0.062500 0.492130 0.070833 0.017593
0 0.110937 0.472222 0.026042 0.012963
0 0.721615 0.268056 0.095312 0.047222
0 0.110677 0.499537 0.025521 0.012037
0 0.111458 0.444444 0.023958 0.012963
0 0.111719 0.436111 0.023438 0.011111
0 0.112760 0.429630 0.021354 0.012963
0 0.113281 0.420833 0.020313 0.010185
0 0.113802 0.412963 0.019271 0.009259
0 0.113802 0.406481 0.019271 0.009259
0 0.114062 0.398611 0.019792 0.008333
0 0.114844 0.391204 0.020313 0.010185
0 0.116406 0.385648 0.016146 0.013889
0 0.116667 0.378704 0.017708 0.012963
0 0.116406 0.368981 0.017188 0.015741
0 0.118490 0.363426 0.014063 0.013889
0 0.118750 0.355556 0.014583 0.012963
0 0.118750 0.349074 0.015625 0.012963
0 0.119271 0.341667 0.014583 0.011111
0 0.120052 0.335648 0.013021 0.013889
0 0.119531 0.327778 0.013021 0.014815
0 0.245573 0.318519 0.030729 0.014815
0 0.191927 0.314352 0.029687 0.015741
