0 0.910547 0.420000 0.032031 0.055000
0 0.855859 0.452500 0.033594 0.037500
0 0.819141 0.451250 0.038281 0.042500
0 0.872656 0.210000 0.093750 0.097500
0 0.917969 0.130625 0.115625 0.133750
0 0.960938 0.045000 0.076563 0.087500
0 0.847266 0.034375 0.035156 0.066250
0 0.818750 0.055000 0.023438 0.065000
0 0.818359 0.161875 0.024219 0.056250
0 0.826172 0.264375 0.041406 0.066250
0 0.798438 0.298750 0.039062 0.065000
0 0.034766 0.715000 0.067969 0.070000
0 0.016797 0.528750 0.032031 0.015000
0 0.019141 0.436250 0.038281 0.030000
0 0.078125 0.626875 0.034375 0.036250
0 0.052734 0.438750 0.032031 0.030000
0 0.123828 0.625000 0.063281 0.032500
0 0.179688 0.604375 0.053125 0.023750
0 0.180469 0.535625 0.051562 0.018750
0 0.178516 0.465000 0.053906 0.022500
0 0.185547 0.365000 0.032031 0.032500
0 0.210156 0.380000 0.023438 0.020000
0 0.184766 0.320625 0.030469 0.021250
0 0.185938 0.270000 0.028125 0.030000
0 0.152344 0.265000 0.048438 0.035000
0 0.150781 0.359375 0.040625 0.036250
0 0.114844 0.340000 0.040625 0.047500
0 0.053516 0.323750 0.064844 0.042500
0 0.045312 0.254375 0.089063 0.041250
0 0.049219 0.191250 0.090625 0.057500
0 0.073828 0.080000 0.049219 0.052500
0 0.025391 0.036875 0.050781 0.068750
0 0.074609 0.020625 0.042969 0.038750
0 0.115234 0.125000 0.046094 0.055000
0 0.157812 0.155625 0.034375 0.051250
0 0.189453 0.183750 0.028906 0.042500
0 0.217969 0.206875 0.028125 0.038750
0 0.194141 0.135625 0.028906 0.046250
0 0.192969 0.080000 0.026562 0.030000
0 0.196094 0.029375 0.025000 0.041250
0 0.585156 0.633750 0.046875 0.020000
0 0.688672 0.641250 0.049219 0.032500
0 0.810937 0.821250 0.140625 0.092500
0 0.781250 0.476250 0.015625 0.025000
0 0.762500 0.351250 0.023438 0.025000
0 0.750391 0.368750 0.017969 0.025000
0 0.761719 0.274375 0.017188 0.028750
0 0.762109 0.204375 0.019531 0.031250
