0 0.910156 0.150694 0.179688 0.118056
0 0.910156 0.193056 0.179688 0.122222
0 0.913281 0.245833 0.173437 0.113889
0 0.915234 0.288194 0.169531 0.095833
0 0.914844 0.337500 0.170313 0.091667
0 0.910547 0.483333 0.175781 0.072222
0 0.911328 0.588889 0.175781 0.063889
0 0.912500 0.643056 0.175000 0.072222
0 0.914062 0.693056 0.170313 0.075000
0 0.912891 0.738889 0.174219 0.097222
0 0.906641 0.061806 0.186719 0.095833
0 0.912500 0.386111 0.175000 0.086111
0 0.910937 0.434722 0.178125 0.075000
0 0.910937 0.536111 0.176563 0.069444
0 0.908984 0.100000 0.182031 0.086111
0 0.806641 0.228472 0.033594 0.073611
0 0.805469 0.183333 0.031250 0.072222
0 0.809766 0.297917 0.033594 0.073611
0 0.803125 0.150000 0.031250 0.080556
0 0.815625 0.338194 0.040625 0.068056
0 0.813672 0.415972 0.035156 0.043056
0 0.810547 0.500000 0.027344 0.041667
0 0.807813 0.270139 0.032813 0.065278
0 0.808984 0.459722 0.027344 0.052778
0 0.811328 0.381944 0.035156 0.058333
0 0.812109 0.541667 0.024219 0.044444
0 0.189453 0.038889 0.053906 0.072222
0 0.122656 0.070833 0.057813 0.072222
0 0.077344 0.387500 0.151562 0.072222
0 0.177344 0.133333 0.059375 0.072222
0 0.720313 0.743056 0.154688 0.066667
