0 0.456250 0.781944 0.240625 0.241667
0 0.607422 0.682639 0.141406 0.154167
0 0.688281 0.599306 0.087500 0.120833
0 0.722656 0.565972 0.071875 0.090278
0 0.768359 0.543750 0.036719 0.062500
0 0.507031 0.171528 0.325000 0.187500
0 0.388281 0.154167 0.146875 0.111111
0 0.224609 0.134028 0.207031 0.179167
0 0.391016 0.058333 0.164844 0.097222
0 0.485156 0.079167 0.045312 0.066667
0 0.622266 0.220833 0.235156 0.147222
0 0.737500 0.280556 0.079687 0.088889
0 0.780078 0.300694 0.044531 0.068056
0 0.804297 0.323611 0.030469 0.044444
0 0.785547 0.536806 0.039844 0.070833
0 0.801172 0.504861 0.041406 0.043056
0 0.827734 0.486111 0.039844 0.047222
0 0.715625 0.049306 0.098437 0.084722
0 0.752734 0.090278 0.066406 0.077778
0 0.193750 0.884722 0.351562 0.219444
0 0.857422 0.453472 0.028906 0.045833
