0 0.795703 0.171875 0.082031 0.108750
0 0.912500 0.070625 0.140625 0.138750
0 0.606250 0.012500 0.078125 0.025000
0 0.685547 0.021250 0.069531 0.030000
0 0.336719 0.322500 0.075000 0.025000
0 0.377734 0.435625 0.110156 0.031250
0 0.378516 0.457500 0.111719 0.020000
0 0.378516 0.475000 0.113281 0.025000
0 0.382031 0.499375 0.114062 0.028750
0 0.378125 0.519375 0.112500 0.028750
0 0.377344 0.539375 0.109375 0.028750
0 0.375391 0.561250 0.117969 0.025000
0 0.371484 0.583750 0.108594 0.025000
0 0.332031 0.615625 0.031250 0.028750
0 0.744922 0.691875 0.074219 0.028750
0 0.564453 0.678750 0.100781 0.052500
0 0.783984 0.850625 0.075781 0.098750
0 0.888281 0.939375 0.129688 0.113750
0 0.888672 0.499375 0.108594 0.068750
0 0.971094 0.483750 0.057813 0.070000
0 0.798047 0.508125 0.082031 0.043750
0 0.095312 0.426250 0.190625 0.087500
0 0.199219 0.366250 0.071875 0.075000
0 0.208984 0.128750 0.067969 0.117500
0 0.137500 0.040625 0.076563 0.078750
0 0.202734 0.804375 0.071094 0.096250
0 0.100781 0.870625 0.137500 0.141250
0 0.017969 0.940000 0.035937 0.097500
0 0.105859 0.494375 0.211719 0.043750
0 0.194141 0.551250 0.083594 0.032500
0 0.194531 0.579375 0.090625 0.031250
0 0.193359 0.605625 0.074219 0.028750
0 0.177734 0.630000 0.057031 0.032500
0 0.171875 0.470625 0.075000 0.028750
0 0.275391 0.450625 0.096094 0.036250
0 0.279297 0.481875 0.092969 0.028750
0 0.277344 0.502500 0.096875 0.012500
0 0.275391 0.513750 0.092969 0.035000
0 0.271875 0.532500 0.078125 0.027500
0 0.275781 0.556875 0.085938 0.023750
0 0.276562 0.574375 0.079687 0.021250
0 0.266797 0.588125 0.074219 0.028750
0 0.272656 0.605000 0.082812 0.032500
0 0.297656 0.628750 0.035937 0.015000
0 0.255469 0.668750 0.067187 0.032500
0 0.391016 0.366875 0.103906 0.028750
0 0.393359 0.388750 0.102344 0.025000
0 0.391797 0.406875 0.105469 0.021250
0 0.391016 0.422500 0.105469 0.025000
0 0.740234 0.024375 0.017969 0.028750
