0 0.866797 0.385000 0.246094 0.075000
0 0.864453 0.610625 0.253906 0.066250
0 0.843750 0.830000 0.228125 0.112500
0 0.714063 0.585000 0.023438 0.045000
0 0.718359 0.432500 0.017969 0.030000
0 0.598828 0.700000 0.082031 0.052500
0 0.633984 0.459375 0.028906 0.031250
0 0.864062 0.100000 0.268750 0.120000
0 0.716016 0.178750 0.046094 0.105000
0 0.688281 0.238125 0.025000 0.048750
0 0.690625 0.131875 0.025000 0.063750
0 0.090234 0.355625 0.030469 0.026250
0 0.055469 0.343750 0.035937 0.027500
0 0.019141 0.329375 0.036719 0.028750
0 0.021094 0.276875 0.040625 0.031250
0 0.021484 0.217500 0.041406 0.027500
0 0.026953 0.118750 0.041406 0.040000
0 0.029297 0.068125 0.039844 0.038750
0 0.032422 0.015625 0.033594 0.028750
0 0.059766 0.146875 0.041406 0.038750
0 0.098047 0.178125 0.033594 0.043750
0 0.121484 0.200625 0.021094 0.031250
0 0.123438 0.156875 0.023438 0.038750
0 0.124609 0.109375 0.021094 0.031250
0 0.126953 0.066875 0.024219 0.021250
0 0.113672 0.453750 0.039844 0.022500
0 0.112109 0.513750 0.036719 0.022500
0 0.111328 0.577500 0.036719 0.025000
0 0.062109 0.643750 0.044531 0.035000
0 0.021094 0.655000 0.040625 0.040000
0 0.116016 0.322500 0.022656 0.020000
0 0.117578 0.277500 0.025781 0.025000
0 0.114844 0.368125 0.025000 0.023750
0 0.134766 0.376875 0.022656 0.018750
0 0.466016 0.601250 0.042969 0.025000
0 0.551562 0.610000 0.037500 0.025000
0 0.142969 0.221250 0.023438 0.030000
