0 0.626563 0.052083 0.190625 0.095833
0 0.740625 0.133333 0.051562 0.130556
0 0.782422 0.200000 0.052344 0.080556
0 0.785937 0.150000 0.051562 0.075000
0 0.825000 0.211111 0.023438 0.052778
0 0.806641 0.222917 0.036719 0.076389
0 0.828906 0.250000 0.021875 0.055556
0 0.319922 0.388889 0.025781 0.036111
0 0.282813 0.384722 0.050000 0.030556
0 0.239453 0.388889 0.041406 0.038889
0 0.198437 0.395139 0.042188 0.020833
0 0.204687 0.316667 0.031250 0.027778
0 0.233203 0.311806 0.038281 0.023611
0 0.269141 0.317361 0.028906 0.031944
0 0.291016 0.314583 0.035156 0.029167
0 0.992969 0.243750 0.014063 0.054167
0 0.978906 0.480556 0.017188 0.036111
0 0.975000 0.059722 0.042188 0.055556
0 0.976172 0.102778 0.046094 0.030556
0 0.972656 0.138889 0.051562 0.044444
0 0.972656 0.176389 0.048438 0.038889
0 0.820312 0.056250 0.031250 0.073611
