0 0.948828 0.461875 0.102344 0.103750
0 0.860547 0.476875 0.085156 0.083750
0 0.787500 0.491250 0.078125 0.067500
0 0.723828 0.509375 0.057031 0.041250
0 0.690625 0.516250 0.028125 0.035000
0 0.662891 0.518125 0.036719 0.036250
0 0.629687 0.527500 0.034375 0.020000
0 0.880469 0.068125 0.104688 0.133750
0 0.813672 0.153125 0.061719 0.098750
0 0.791016 0.225625 0.119531 0.073750
0 0.755078 0.268750 0.105469 0.050000
0 0.715234 0.310625 0.052344 0.033750
0 0.683203 0.331875 0.024219 0.038750
0 0.666016 0.355000 0.017969 0.032500
0 0.653125 0.374375 0.012500 0.023750
0 0.557813 0.593750 0.042188 0.015000
0 0.481250 0.500625 0.046875 0.008750
0 0.481641 0.509375 0.047656 0.008750
0 0.483203 0.516250 0.047656 0.010000
0 0.481250 0.525625 0.045312 0.008750
0 0.480469 0.533750 0.045312 0.010000
0 0.479687 0.543750 0.043750 0.010000
0 0.479297 0.551875 0.046094 0.008750
0 0.464453 0.560625 0.016406 0.011250
0 0.462891 0.568125 0.011719 0.011250
0 0.576953 0.308125 0.032031 0.011250
0 0.498828 0.305000 0.030469 0.010000
0 0.469531 0.301250 0.023438 0.012500
0 0.834375 0.896875 0.101562 0.111250
0 0.758203 0.823750 0.050781 0.090000
0 0.691406 0.738750 0.021875 0.037500
0 0.717187 0.782500 0.034375 0.055000
0 0.676562 0.718750 0.020313 0.035000
0 0.660547 0.703125 0.017969 0.031250
0 0.905859 0.975000 0.055469 0.050000
0 0.048047 0.903125 0.096094 0.128750
0 0.151562 0.826875 0.107813 0.116250
0 0.225000 0.760000 0.040625 0.057500
0 0.266797 0.728125 0.044531 0.056250
0 0.306641 0.705000 0.035156 0.042500
0 0.170313 0.426250 0.089063 0.075000
0 0.063281 0.381875 0.125000 0.106250
0 0.248828 0.451250 0.066406 0.047500
0 0.294531 0.467500 0.029687 0.032500
0 0.325781 0.474375 0.032813 0.036250
0 0.172656 0.046250 0.073438 0.090000
0 0.237500 0.136250 0.076563 0.105000
0 0.292969 0.196875 0.035937 0.071250
0 0.321875 0.243750 0.035937 0.067500
0 0.400781 0.356875 0.012500 0.033750
0 0.351172 0.275000 0.022656 0.050000
0 0.363672 0.310000 0.028906 0.047500
0 0.376953 0.056875 0.021094 0.063750
0 0.358984 0.018750 0.016406 0.037500
0 0.392578 0.108750 0.022656 0.050000
0 0.385156 0.338125 0.017188 0.043750
0 0.335938 0.685000 0.025000 0.035000
0 0.409766 0.369375 0.008594 0.023750
0 0.481250 0.491875 0.045312 0.008750
0 0.482422 0.483125 0.038281 0.008750
0 0.639062 0.389375 0.015625 0.031250
0 0.710156 0.025625 0.053125 0.051250
