0 0.734766 0.725000 0.128906 0.072222
0 0.246094 0.635417 0.085938 0.056944
0 0.501172 0.689583 0.144531 0.076389
0 0.326953 0.642361 0.105469 0.062500
0 0.189453 0.122222 0.016406 0.027778
0 0.156250 0.070139 0.020313 0.031944
0 0.175000 0.100000 0.017188 0.030556
0 0.410938 0.156250 0.029687 0.012500
0 0.840625 0.743056 0.109375 0.066667
0 0.407422 0.252083 0.028906 0.009722
0 0.406641 0.243750 0.028906 0.009722
0 0.406641 0.235417 0.028906 0.009722
0 0.422266 0.231250 0.060156 0.018056
0 0.422656 0.221528 0.059375 0.020833
0 0.438281 0.218056 0.029687 0.011111
0 0.438672 0.209722 0.032031 0.011111
0 0.440234 0.203472 0.030469 0.012500
0 0.440234 0.193056 0.030469 0.011111
0 0.440234 0.184028 0.032031 0.012500
0 0.440625 0.175694 0.031250 0.009722
0 0.441406 0.168056 0.029687 0.011111
0 0.441797 0.159722 0.030469 0.011111
0 0.408984 0.207639 0.030469 0.009722
0 0.408984 0.199306 0.028906 0.009722
0 0.408984 0.191667 0.030469 0.011111
0 0.408984 0.182639 0.028906 0.012500
0 0.410156 0.175000 0.028125 0.011111
0 0.410547 0.165972 0.028906 0.009722
0 0.473438 0.192361 0.020313 0.009722
0 0.475781 0.184722 0.023438 0.008333
0 0.478125 0.175694 0.026562 0.009722
0 0.479297 0.167361 0.027344 0.009722
0 0.479297 0.159028 0.027344 0.009722
0 0.594141 0.217361 0.011719 0.012500
0 0.592969 0.208333 0.015625 0.011111
0 0.591016 0.201389 0.019531 0.011111
0 0.590234 0.193056 0.021094 0.011111
0 0.590234 0.184722 0.019531 0.008333
0 0.592578 0.177083 0.014844 0.009722
0 0.593359 0.167361 0.014844 0.012500
0 0.617969 0.237500 0.031250 0.013889
0 0.617969 0.227778 0.031250 0.011111
0 0.617969 0.219444 0.029687 0.011111
0 0.617969 0.210417 0.029687 0.009722
0 0.618359 0.202778 0.028906 0.011111
0 0.617969 0.195139 0.029687 0.009722
0 0.617969 0.187500 0.028125 0.011111
0 0.618359 0.180556 0.028906 0.011111
0 0.617969 0.171528 0.029687 0.012500
0 0.650391 0.257639 0.028906 0.012500
0 0.650391 0.249306 0.028906 0.012500
0 0.649609 0.240278 0.028906 0.011111
0 0.650000 0.232639 0.028125 0.009722
0 0.649609 0.224306 0.028906 0.012500
0 0.649219 0.215972 0.029687 0.012500
0 0.648828 0.209028 0.028906 0.012500
0 0.648828 0.200000 0.028906 0.013889
0 0.648828 0.190972 0.028906 0.009722
0 0.649219 0.181944 0.028125 0.011111
0 0.649219 0.172917 0.029687 0.015278
0 0.682813 0.269444 0.028125 0.013889
0 0.682813 0.262500 0.028125 0.013889
0 0.682031 0.252778 0.028125 0.013889
0 0.682031 0.245139 0.026562 0.012500
0 0.681641 0.235417 0.025781 0.009722
0 0.681641 0.228472 0.025781 0.009722
0 0.680859 0.219444 0.027344 0.013889
0 0.680078 0.211806 0.027344 0.012500
0 0.680078 0.204167 0.027344 0.013889
0 0.680078 0.195139 0.027344 0.012500
0 0.714063 0.275694 0.025000 0.012500
0 0.714063 0.265972 0.025000 0.012500
0 0.714063 0.257639 0.025000 0.009722
0 0.714063 0.249306 0.025000 0.009722
0 0.714063 0.242361 0.026562 0.012500
0 0.714453 0.235417 0.025781 0.012500
0 0.714453 0.226389 0.025781 0.011111
0 0.714453 0.215972 0.025781 0.012500
0 0.742578 0.272222 0.025781 0.011111
0 0.742969 0.263889 0.026562 0.011111
0 0.742578 0.255556 0.025781 0.011111
0 0.742188 0.247222 0.026562 0.011111
0 0.741016 0.238889 0.025781 0.011111
0 0.741016 0.231944 0.024219 0.011111
0 0.741016 0.224306 0.024219 0.012500
0 0.739844 0.216667 0.021875 0.008333
0 0.740234 0.208333 0.022656 0.011111
0 0.770312 0.262500 0.023438 0.011111
0 0.769922 0.252778 0.024219 0.011111
0 0.769141 0.245139 0.024219 0.012500
0 0.769141 0.236806 0.024219 0.009722
0 0.768750 0.229861 0.023438 0.012500
0 0.799609 0.283333 0.022656 0.011111
0 0.799609 0.275694 0.022656 0.012500
0 0.799219 0.268750 0.021875 0.012500
0 0.799609 0.261806 0.022656 0.012500
0 0.798828 0.254861 0.022656 0.012500
0 0.798828 0.247917 0.022656 0.012500
0 0.798438 0.240278 0.021875 0.011111
0 0.797266 0.232639 0.022656 0.012500
0 0.797266 0.225000 0.021094 0.013889
0 0.798047 0.217361 0.021094 0.012500
0 0.798047 0.206944 0.021094 0.011111
0 0.823047 0.306250 0.022656 0.012500
0 0.823438 0.299306 0.021875 0.012500
0 0.822656 0.291667 0.021875 0.011111
0 0.822266 0.283333 0.021094 0.011111
0 0.822656 0.275000 0.021875 0.013889
0 0.822266 0.267361 0.021094 0.012500
0 0.822266 0.260417 0.021094 0.009722
0 0.821875 0.252778 0.020313 0.011111
0 0.821484 0.245139 0.021094 0.012500
0 0.845313 0.309722 0.018750 0.011111
0 0.845313 0.302083 0.020313 0.012500
0 0.844531 0.294444 0.020313 0.011111
0 0.844141 0.286111 0.021094 0.011111
0 0.844141 0.279861 0.021094 0.009722
0 0.843359 0.271528 0.021094 0.009722
0 0.843750 0.265278 0.020313 0.011111
0 0.865625 0.301389 0.018750 0.011111
0 0.865625 0.295833 0.018750 0.013889
0 0.865234 0.288194 0.019531 0.012500
0 0.864844 0.279861 0.018750 0.012500
0 0.864844 0.272222 0.018750 0.013889
0 0.864062 0.266667 0.018750 0.011111
0 0.863672 0.259722 0.017969 0.011111
0 0.862500 0.252083 0.018750 0.012500
0 0.862109 0.244444 0.017969 0.011111
0 0.861719 0.237500 0.017188 0.011111
0 0.885156 0.313889 0.018750 0.013889
0 0.884375 0.306250 0.017188 0.012500
0 0.883984 0.298611 0.017969 0.011111
0 0.883984 0.292361 0.017969 0.012500
0 0.883594 0.285417 0.017188 0.012500
0 0.883203 0.278472 0.016406 0.012500
0 0.882422 0.271528 0.016406 0.012500
0 0.882031 0.264583 0.017188 0.012500
0 0.881250 0.256944 0.017188 0.011111
0 0.881250 0.250000 0.017188 0.011111
0 0.880078 0.243750 0.016406 0.012500
0 0.901563 0.298611 0.015625 0.011111
0 0.901172 0.292361 0.014844 0.009722
0 0.900391 0.284722 0.016406 0.011111
0 0.900391 0.277778 0.016406 0.011111
0 0.770703 0.269444 0.024219 0.011111
