0 0.860156 0.670139 0.082812 0.087500
0 0.861719 0.541667 0.060937 0.066667
0 0.831250 0.554167 0.021875 0.077778
0 0.530469 0.635417 0.101562 0.056944
0 0.597266 0.627778 0.072656 0.052778
0 0.634766 0.610417 0.039844 0.037500
0 0.469141 0.690278 0.060156 0.069444
0 0.345703 0.779167 0.197656 0.158333
0 0.183203 0.797222 0.227344 0.225000
0 0.054688 0.834722 0.106250 0.138889
0 0.185938 0.234028 0.057813 0.079167
0 0.112500 0.195833 0.092188 0.063889
0 0.474609 0.156944 0.021094 0.036111
0 0.496484 0.171528 0.021094 0.045833
0 0.454297 0.123611 0.036719 0.047222
0 0.452344 0.145139 0.039062 0.048611
0 0.446484 0.156944 0.035156 0.038889
0 0.452734 0.180556 0.041406 0.044444
0 0.450781 0.199306 0.034375 0.043056
0 0.450000 0.220139 0.034375 0.043056
0 0.448047 0.239583 0.033594 0.040278
0 0.448828 0.265972 0.038281 0.037500
0 0.446875 0.281250 0.032813 0.037500
0 0.448437 0.304167 0.034375 0.038889
0 0.444922 0.321528 0.038281 0.034722
0 0.445312 0.350694 0.040625 0.037500
0 0.446094 0.366667 0.034375 0.038889
0 0.444141 0.387500 0.038281 0.038889
0 0.444531 0.411806 0.037500 0.020833
0 0.474219 0.404167 0.031250 0.025000
0 0.475391 0.385417 0.025781 0.026389
0 0.475000 0.363889 0.029687 0.033333
0 0.472266 0.343750 0.035156 0.031944
0 0.475781 0.322917 0.028125 0.037500
0 0.476172 0.297917 0.036719 0.043056
0 0.479297 0.276389 0.021094 0.022222
0 0.358984 0.361806 0.133594 0.043056
0 0.358984 0.341667 0.133594 0.044444
0 0.357812 0.319444 0.131250 0.050000
0 0.356641 0.296528 0.136719 0.048611
0 0.359766 0.272917 0.132031 0.043056
0 0.361719 0.246528 0.134375 0.051389
0 0.364453 0.221528 0.130469 0.048611
0 0.362109 0.199306 0.133594 0.048611
0 0.365234 0.177778 0.127344 0.041667
0 0.365625 0.156944 0.126562 0.052778
0 0.366406 0.133333 0.129688 0.047222
0 0.368750 0.112500 0.129688 0.052778
0 0.373437 0.097917 0.131250 0.056944
0 0.374609 0.077778 0.132031 0.061111
0 0.377344 0.054861 0.126562 0.059722
0 0.386328 0.032639 0.124219 0.059722
0 0.289844 0.023611 0.065625 0.038889
0 0.290625 0.035417 0.062500 0.045833
0 0.288672 0.050694 0.063281 0.045833
0 0.286719 0.063889 0.060937 0.038889
0 0.286328 0.084028 0.064844 0.037500
0 0.285938 0.102778 0.062500 0.036111
0 0.279297 0.123611 0.058594 0.047222
0 0.276953 0.145139 0.057031 0.034722
0 0.276172 0.158333 0.053906 0.038889
0 0.279297 0.176389 0.061719 0.041667
0 0.274609 0.199306 0.061719 0.040278
0 0.270703 0.217361 0.058594 0.045833
0 0.274219 0.236111 0.062500 0.038889
0 0.269922 0.252083 0.063281 0.031944
0 0.267969 0.273611 0.054688 0.038889
0 0.265625 0.295833 0.059375 0.030556
0 0.271484 0.313889 0.050781 0.033333
0 0.276172 0.338194 0.053906 0.023611
0 0.274219 0.356944 0.045312 0.025000
0 0.275000 0.377083 0.043750 0.026389
0 0.274609 0.397917 0.042969 0.020833
0 0.273047 0.422222 0.047656 0.022222
0 0.976172 0.795139 0.039844 0.145833
0 0.832422 0.265278 0.041406 0.052778
0 0.800000 0.256250 0.029687 0.040278
