0 0.257812 0.094444 0.084375 0.061111
0 0.258984 0.186806 0.083594 0.068056
0 0.186719 0.202778 0.051562 0.047222
0 0.141016 0.127083 0.039844 0.056944
0 0.144141 0.061111 0.046094 0.058333
0 0.136719 0.253472 0.040625 0.045833
0 0.216406 0.591667 0.168750 0.066667
0 0.302344 0.496528 0.096875 0.248611
0 0.163281 0.844444 0.281250 0.300000
0 0.772656 0.397917 0.087500 0.062500
0 0.909766 0.390278 0.178906 0.086111
0 0.905859 0.578472 0.174219 0.106944
0 0.771875 0.534028 0.082812 0.087500
0 0.696484 0.472917 0.091406 0.040278
0 0.642969 0.468750 0.018750 0.029167
0 0.623047 0.469444 0.022656 0.025000
0 0.692969 0.404167 0.085938 0.041667
0 0.644922 0.409028 0.022656 0.029167
0 0.630078 0.413194 0.017969 0.037500
0 0.658594 0.327083 0.017188 0.031944
0 0.675000 0.320139 0.018750 0.026389
0 0.691016 0.313194 0.021094 0.029167
0 0.721094 0.311111 0.040625 0.047222
0 0.721094 0.194444 0.037500 0.038889
0 0.714844 0.211111 0.068750 0.041667
0 0.692187 0.227778 0.059375 0.036111
0 0.670703 0.245833 0.055469 0.038889
0 0.649219 0.252083 0.018750 0.026389
0 0.624609 0.264583 0.011719 0.015278
0 0.841406 0.131250 0.089063 0.076389
0 0.796094 0.152083 0.106250 0.087500
0 0.786328 0.026389 0.080469 0.044444
0 0.769141 0.038889 0.061719 0.033333
0 0.748437 0.064583 0.060937 0.051389
0 0.726562 0.084028 0.075000 0.056944
0 0.712500 0.101389 0.082812 0.038889
0 0.689844 0.126389 0.071875 0.038889
0 0.673047 0.145833 0.064844 0.038889
0 0.669531 0.161806 0.089063 0.043056
0 0.622656 0.177083 0.017188 0.026389
0 0.660547 0.076389 0.075781 0.033333
0 0.670312 0.054167 0.075000 0.036111
0 0.677344 0.037500 0.075000 0.027778
0 0.691406 0.017361 0.071875 0.026389
