0 0.686719 0.613194 0.090625 0.031944
0 0.737109 0.608333 0.022656 0.033333
0 0.185156 0.771528 0.292187 0.112500
0 0.102344 0.481944 0.132812 0.063889
0 0.105469 0.529861 0.134375 0.056944
0 0.204297 0.542361 0.077344 0.043056
0 0.203516 0.509722 0.078906 0.038889
0 0.207031 0.481250 0.076563 0.043056
0 0.208203 0.454861 0.080469 0.043056
0 0.212109 0.428472 0.077344 0.043056
0 0.207422 0.393056 0.077344 0.044444
0 0.208984 0.361806 0.074219 0.043056
0 0.210547 0.329167 0.074219 0.052778
0 0.212891 0.301389 0.071094 0.038889
0 0.209766 0.274306 0.075781 0.040278
0 0.215625 0.243056 0.070312 0.058333
0 0.121484 0.087500 0.125781 0.080556
0 0.117188 0.130556 0.128125 0.080556
0 0.118359 0.167361 0.122656 0.062500
0 0.112500 0.207639 0.118750 0.056944
0 0.114062 0.243750 0.125000 0.056944
0 0.111719 0.290972 0.131250 0.073611
0 0.105078 0.336806 0.127344 0.068056
0 0.107422 0.388194 0.133594 0.068056
0 0.105859 0.437500 0.127344 0.077778
0 0.030078 0.065972 0.058594 0.123611
0 0.029297 0.090278 0.049219 0.083333
0 0.021484 0.137500 0.041406 0.075000
0 0.023828 0.193056 0.042969 0.111111
0 0.017188 0.230556 0.032813 0.097222
0 0.016406 0.277083 0.031250 0.095833
0 0.016406 0.329861 0.028125 0.090278
0 0.011719 0.363194 0.020313 0.081944
0 0.028125 0.643056 0.015625 0.030556
0 0.019922 0.611806 0.027344 0.018056
0 0.020703 0.584722 0.025781 0.030556
0 0.022266 0.558333 0.017969 0.030556
0 0.026562 0.529167 0.029687 0.038889
0 0.023438 0.499306 0.020313 0.037500
0 0.024219 0.468750 0.018750 0.031944
0 0.022266 0.443750 0.021094 0.040278
0 0.026562 0.409722 0.018750 0.033333
0 0.028125 0.381944 0.015625 0.036111
0 0.029297 0.348611 0.022656 0.030556
0 0.008203 0.422917 0.013281 0.059722
0 0.005078 0.477083 0.008594 0.056944
0 0.007031 0.518750 0.010937 0.054167
0 0.017969 0.695139 0.010937 0.062500
0 0.006250 0.711806 0.010937 0.070833
0 0.004687 0.636806 0.003125 0.068056
