0 0.611719 0.319271 0.523438 0.201042
0 0.585547 0.431250 0.474219 0.154167
0 0.576562 0.505729 0.453125 0.176042
0 0.571484 0.590104 0.442969 0.194792
0 0.580469 0.660937 0.415625 0.182292
0 0.582812 0.752083 0.407813 0.202083
0 0.903516 0.374479 0.191406 0.263542
0 0.892188 0.566146 0.204687 0.188542
0 0.879297 0.700521 0.227344 0.184375
0 0.880469 0.834896 0.225000 0.211458
0 0.879297 0.926042 0.230469 0.145833
0 0.744531 0.208333 0.417187 0.097917
0 0.750781 0.151042 0.401562 0.060417
0 0.760938 0.082292 0.439063 0.102083
0 0.766406 0.018750 0.417187 0.033333
