0 0.443750 0.821759 0.258333 0.160185
0 0.464062 0.894444 0.265625 0.105556
0 0.464583 0.941667 0.260417 0.094444
0 0.211979 0.809259 0.279167 0.131481
0 0.207813 0.877778 0.251042 0.070370
0 0.213802 0.942130 0.246354 0.082407
0 0.219271 0.966667 0.244792 0.055556
0 0.600521 0.675926 0.121875 0.037037
0 0.611458 0.661111 0.118750 0.022222
0 0.609896 0.640741 0.098958 0.022222
0 0.606510 0.612500 0.092188 0.034259
0 0.610417 0.588889 0.084375 0.016667
0 0.612500 0.570370 0.075000 0.040741
0 0.608073 0.548611 0.086979 0.032407
0 0.609635 0.524074 0.092188 0.040741
0 0.608073 0.496759 0.079687 0.030556
0 0.602344 0.477315 0.081771 0.049074
0 0.602865 0.453241 0.074479 0.036111
0 0.603385 0.428704 0.079687 0.037037
0 0.602865 0.407870 0.076563 0.034259
0 0.585677 0.382407 0.053646 0.040741
0 0.429427 0.735185 0.126562 0.061111
0 0.704427 0.691204 0.078646 0.037963
0 0.701042 0.669907 0.069792 0.032407
0 0.702083 0.646759 0.069792 0.037963
0 0.701562 0.632407 0.080208 0.050000
0 0.697396 0.604167 0.073958 0.030556
0 0.691927 0.581944 0.078646 0.030556
0 0.690104 0.566667 0.082292 0.037037
0 0.694010 0.544444 0.080729 0.037037
0 0.688542 0.518056 0.083333 0.028704
0 0.773958 0.673148 0.026042 0.038889
0 0.677344 0.093519 0.067187 0.055556
0 0.531510 0.102315 0.059896 0.034259
