0 0.624219 0.655625 0.095312 0.043750
0 0.531250 0.655625 0.070312 0.036250
0 0.420312 0.640000 0.106250 0.045000
0 0.332031 0.625625 0.062500 0.043750
0 0.199609 0.675625 0.069531 0.048750
0 0.134766 0.655625 0.060156 0.043750
0 0.062891 0.754375 0.121094 0.108750
0 0.142187 0.351250 0.143750 0.030000
0 0.034375 0.345625 0.064062 0.033750
0 0.051172 0.241250 0.099219 0.055000
0 0.043750 0.143125 0.082812 0.031250
0 0.160156 0.150625 0.160938 0.053750
0 0.277734 0.062500 0.083594 0.070000
0 0.222266 0.060000 0.063281 0.075000
0 0.157812 0.071875 0.068750 0.081250
0 0.111328 0.055000 0.053906 0.055000
0 0.382031 0.063125 0.090625 0.106250
0 0.444922 0.048125 0.055469 0.083750
0 0.502734 0.038750 0.060156 0.072500
0 0.563672 0.042500 0.061719 0.080000
0 0.634375 0.038750 0.057813 0.065000
0 0.703125 0.038750 0.067187 0.067500
0 0.770703 0.028750 0.055469 0.055000
0 0.906250 0.120000 0.185938 0.032500
0 0.902344 0.229375 0.187500 0.038750
0 0.900000 0.381875 0.193750 0.033750
0 0.689453 0.368125 0.194531 0.036250
0 0.489063 0.360000 0.175000 0.032500
0 0.489063 0.315000 0.178125 0.032500
0 0.337109 0.358125 0.100781 0.036250
0 0.310937 0.223750 0.153125 0.042500
0 0.314844 0.131875 0.156250 0.046250
0 0.492578 0.127500 0.167969 0.025000
0 0.693359 0.120000 0.192969 0.022500
0 0.692578 0.236250 0.183594 0.050000
0 0.704297 0.651875 0.036719 0.028750
0 0.752344 0.667500 0.059375 0.040000
