0 0.454297 0.145139 0.052344 0.029167
0 0.505469 0.151389 0.057813 0.033333
0 0.557031 0.173611 0.059375 0.030556
0 0.602734 0.188889 0.050781 0.047222
0 0.401953 0.138194 0.049219 0.023611
0 0.405469 0.254167 0.068750 0.044444
0 0.404297 0.271528 0.071094 0.043056
0 0.405469 0.285417 0.054688 0.040278
0 0.405078 0.303472 0.071094 0.040278
0 0.425391 0.311806 0.078906 0.034722
0 0.425391 0.334722 0.080469 0.038889
0 0.420312 0.352083 0.073438 0.034722
0 0.420312 0.375000 0.079687 0.044444
0 0.419531 0.395139 0.073438 0.048611
0 0.418359 0.412500 0.075781 0.033333
0 0.419141 0.428472 0.072656 0.023611
0 0.419141 0.447222 0.069531 0.033333
0 0.423438 0.466667 0.073438 0.022222
0 0.420703 0.486806 0.072656 0.026389
0 0.421484 0.499306 0.075781 0.031944
0 0.422266 0.524306 0.078906 0.018056
0 0.419141 0.545833 0.075781 0.025000
0 0.420312 0.561111 0.078125 0.027778
0 0.423047 0.578472 0.074219 0.026389
0 0.422656 0.600694 0.075000 0.020833
0 0.421875 0.620833 0.071875 0.022222
0 0.382422 0.331250 0.017969 0.037500
0 0.382031 0.350000 0.020313 0.027778
0 0.380859 0.366667 0.016406 0.022222
0 0.380859 0.381944 0.013281 0.019444
0 0.380078 0.398611 0.019531 0.019444
0 0.380469 0.409722 0.017188 0.022222
0 0.380469 0.425000 0.021875 0.027778
0 0.379688 0.442361 0.028125 0.031944
0 0.380469 0.461111 0.025000 0.030556
0 0.379297 0.476389 0.024219 0.027778
0 0.379297 0.490278 0.025781 0.022222
0 0.377734 0.503472 0.021094 0.020833
0 0.377344 0.523611 0.020313 0.016667
0 0.378125 0.539583 0.018750 0.015278
0 0.376953 0.555556 0.014844 0.016667
0 0.376953 0.573611 0.016406 0.019444
0 0.377734 0.590972 0.016406 0.015278
0 0.376563 0.609028 0.018750 0.020833
0 0.494141 0.378472 0.071094 0.026389
0 0.498047 0.393056 0.067969 0.025000
0 0.496875 0.412500 0.067187 0.027778
0 0.496875 0.431944 0.068750 0.022222
0 0.496094 0.453472 0.067187 0.023611
0 0.495703 0.469444 0.067969 0.016667
0 0.496094 0.487500 0.068750 0.019444
0 0.496484 0.505556 0.069531 0.022222
0 0.495703 0.526389 0.069531 0.022222
0 0.495312 0.545833 0.070312 0.022222
0 0.494531 0.558333 0.068750 0.036111
0 0.495312 0.581944 0.070312 0.022222
0 0.493359 0.597917 0.066406 0.026389
0 0.492969 0.621528 0.067187 0.018056
0 0.545312 0.547222 0.040625 0.019444
0 0.546484 0.564583 0.042969 0.015278
0 0.548047 0.580556 0.039844 0.019444
0 0.547266 0.597222 0.038281 0.013889
0 0.546094 0.613889 0.039062 0.016667
0 0.699609 0.607639 0.071094 0.020833
0 0.759766 0.600000 0.042969 0.016667
0 0.767969 0.482639 0.059375 0.026389
0 0.699609 0.485417 0.078906 0.029167
0 0.477734 0.362500 0.046094 0.019444
0 0.481250 0.346528 0.048438 0.020833
0 0.480078 0.331944 0.044531 0.025000
0 0.257812 0.606944 0.201563 0.052778
0 0.262500 0.651389 0.192188 0.061111
0 0.260937 0.706250 0.195312 0.065278
0 0.103125 0.551389 0.151562 0.052778
0 0.097266 0.603472 0.138281 0.051389
0 0.100781 0.652083 0.132812 0.045833
0 0.105469 0.686111 0.145313 0.063889
0 0.957812 0.538194 0.026562 0.009722
0 0.957422 0.550694 0.025781 0.015278
0 0.957031 0.562500 0.025000 0.008333
0 0.956250 0.577778 0.029687 0.016667
0 0.022266 0.722917 0.030469 0.081944
0 0.021484 0.668750 0.030469 0.081944
0 0.017969 0.622917 0.031250 0.084722
0 0.014063 0.576389 0.028125 0.058333
0 0.016406 0.517361 0.026562 0.062500
0 0.016016 0.464583 0.027344 0.062500
0 0.019531 0.413194 0.034375 0.076389
0 0.021094 0.370833 0.042188 0.077778
0 0.020703 0.313194 0.041406 0.093056
0 0.024609 0.261806 0.041406 0.112500
0 0.100000 0.134028 0.067187 0.029167
0 0.023047 0.204861 0.039844 0.109722
0 0.026172 0.162500 0.044531 0.108333
0 0.030078 0.109722 0.053906 0.097222
0 0.035156 0.074306 0.059375 0.101389
0 0.036719 0.038194 0.071875 0.076389
