0 0.102734 0.585000 0.105469 0.037500
0 0.342969 0.683750 0.048438 0.067500
0 0.409766 0.733125 0.085156 0.106250
0 0.523047 0.815625 0.177344 0.118750
0 0.660547 0.868750 0.133594 0.105000
0 0.795703 0.936875 0.136719 0.118750
0 0.646875 0.434375 0.057813 0.016250
0 0.648828 0.424375 0.060156 0.016250
0 0.928516 0.422500 0.024219 0.012500
0 0.957812 0.420625 0.026562 0.011250
0 0.044141 0.205000 0.049219 0.022500
0 0.043750 0.191875 0.050000 0.023750
0 0.043750 0.178750 0.050000 0.025000
0 0.043750 0.166250 0.048438 0.022500
0 0.043359 0.152500 0.049219 0.022500
0 0.042188 0.141250 0.051562 0.022500
0 0.042188 0.128125 0.051562 0.026250
0 0.043359 0.113125 0.052344 0.026250
0 0.042969 0.101875 0.053125 0.028750
0 0.043359 0.088125 0.052344 0.028750
0 0.043750 0.075000 0.053125 0.027500
0 0.044141 0.060625 0.052344 0.028750
0 0.046875 0.048125 0.054688 0.031250
0 0.046875 0.033750 0.053125 0.027500
0 0.047266 0.021250 0.053906 0.030000
0 0.050000 0.012500 0.053125 0.025000
0 0.100781 0.115625 0.051562 0.026250
0 0.100391 0.104375 0.052344 0.026250
0 0.100391 0.091250 0.050781 0.027500
0 0.100781 0.078750 0.051562 0.030000
0 0.101562 0.064375 0.051562 0.028750
0 0.101953 0.050625 0.050781 0.031250
0 0.103516 0.039375 0.049219 0.028750
0 0.105078 0.028125 0.052344 0.028750
0 0.104297 0.015625 0.052344 0.028750
0 0.166406 0.145000 0.048438 0.025000
0 0.166797 0.132500 0.047656 0.025000
0 0.167187 0.120000 0.048438 0.025000
0 0.166797 0.106875 0.047656 0.026250
0 0.167969 0.094375 0.050000 0.026250
0 0.168359 0.083125 0.049219 0.023750
0 0.169141 0.070625 0.047656 0.023750
0 0.169141 0.058750 0.046094 0.030000
0 0.169141 0.045000 0.046094 0.030000
0 0.169141 0.033750 0.047656 0.030000
0 0.169141 0.021250 0.047656 0.030000
0 0.169141 0.010000 0.047656 0.020000
0 0.224219 0.157500 0.046875 0.027500
0 0.224219 0.144375 0.046875 0.023750
0 0.224219 0.134375 0.046875 0.023750
0 0.224609 0.123125 0.046094 0.026250
0 0.224609 0.110000 0.044531 0.025000
0 0.225391 0.097500 0.042969 0.025000
0 0.226562 0.088750 0.043750 0.027500
0 0.226562 0.074375 0.042188 0.026250
0 0.227344 0.062500 0.043750 0.027500
0 0.268359 0.167500 0.044531 0.025000
0 0.268750 0.157500 0.042188 0.022500
0 0.268750 0.145625 0.043750 0.023750
0 0.268750 0.134375 0.043750 0.023750
0 0.268750 0.121875 0.043750 0.023750
0 0.269141 0.111250 0.042969 0.022500
0 0.269141 0.098125 0.042969 0.023750
0 0.269531 0.086875 0.042188 0.026250
0 0.226953 0.050625 0.044531 0.026250
0 0.227734 0.038750 0.042969 0.027500
0 0.228125 0.026250 0.042188 0.027500
0 0.227734 0.013750 0.042969 0.025000
0 0.324609 0.191875 0.041406 0.021250
0 0.324609 0.180625 0.041406 0.021250
0 0.325391 0.169375 0.041406 0.023750
0 0.325391 0.158750 0.039844 0.025000
0 0.325781 0.148750 0.040625 0.022500
0 0.325781 0.138125 0.040625 0.018750
0 0.326172 0.124375 0.041406 0.023750
0 0.327344 0.114375 0.040625 0.023750
0 0.370703 0.195000 0.046094 0.025000
0 0.371094 0.183125 0.045312 0.021250
0 0.371484 0.171250 0.046094 0.022500
0 0.372266 0.161250 0.046094 0.022500
0 0.372266 0.148750 0.047656 0.022500
0 0.372266 0.136875 0.049219 0.023750
0 0.372266 0.126250 0.047656 0.020000
0 0.372266 0.115625 0.049219 0.023750
0 0.416797 0.206875 0.044531 0.021250
0 0.416797 0.195000 0.044531 0.022500
0 0.417187 0.181875 0.043750 0.021250
0 0.417187 0.172500 0.042188 0.022500
0 0.417578 0.161250 0.042969 0.020000
0 0.417578 0.150625 0.044531 0.023750
0 0.417187 0.139375 0.043750 0.023750
0 0.417969 0.128750 0.042188 0.022500
0 0.417969 0.115000 0.043750 0.022500
0 0.326953 0.101875 0.039844 0.021250
0 0.327734 0.091250 0.039844 0.022500
0 0.327734 0.079375 0.039844 0.023750
0 0.328125 0.068750 0.040625 0.022500
0 0.327734 0.056875 0.042969 0.021250
0 0.327734 0.045625 0.046094 0.023750
0 0.372266 0.103750 0.047656 0.022500
0 0.375000 0.095625 0.046875 0.021250
0 0.375000 0.083125 0.048438 0.021250
0 0.375000 0.071875 0.048438 0.026250
0 0.377734 0.060625 0.042969 0.021250
0 0.419922 0.106875 0.042969 0.021250
0 0.419531 0.095000 0.042188 0.020000
0 0.419141 0.082500 0.042969 0.022500
0 0.418359 0.070625 0.044531 0.023750
0 0.454297 0.293750 0.047656 0.022500
0 0.454688 0.281875 0.046875 0.021250
0 0.455469 0.270625 0.045312 0.021250
0 0.455859 0.261250 0.044531 0.020000
0 0.456641 0.250625 0.042969 0.021250
0 0.456641 0.240000 0.044531 0.022500
0 0.456641 0.227500 0.042969 0.022500
0 0.457813 0.215000 0.042188 0.022500
0 0.459375 0.204375 0.042188 0.021250
0 0.505078 0.291250 0.038281 0.022500
0 0.505469 0.281875 0.037500 0.021250
0 0.505859 0.271250 0.039844 0.020000
0 0.506250 0.260625 0.037500 0.021250
0 0.505859 0.230000 0.039844 0.020000
0 0.505469 0.250000 0.039062 0.020000
0 0.505469 0.239375 0.039062 0.021250
0 0.505469 0.218125 0.040625 0.023750
0 0.506250 0.206875 0.040625 0.021250
0 0.505859 0.195625 0.041406 0.023750
0 0.508203 0.186875 0.042969 0.026250
0 0.546484 0.248125 0.041406 0.018750
0 0.546484 0.238125 0.041406 0.018750
0 0.546484 0.228125 0.041406 0.021250
0 0.546484 0.216875 0.041406 0.018750
0 0.545703 0.208750 0.041406 0.017500
0 0.547656 0.197500 0.039062 0.020000
0 0.548438 0.186250 0.037500 0.017500
0 0.460156 0.193750 0.043750 0.020000
0 0.460156 0.183750 0.043750 0.020000
0 0.460156 0.171875 0.042188 0.021250
0 0.460938 0.161250 0.043750 0.022500
0 0.460547 0.148125 0.042969 0.021250
0 0.460156 0.138125 0.042188 0.023750
0 0.460547 0.128125 0.044531 0.021250
0 0.461719 0.117500 0.045312 0.022500
0 0.464453 0.106875 0.046094 0.023750
0 0.464453 0.096250 0.044531 0.020000
0 0.464062 0.084375 0.043750 0.021250
0 0.507422 0.174375 0.047656 0.018750
0 0.507031 0.166250 0.046875 0.017500
0 0.507422 0.155625 0.047656 0.023750
0 0.507031 0.143750 0.046875 0.025000
0 0.549609 0.175625 0.038281 0.021250
0 0.550000 0.165000 0.040625 0.022500
0 0.550781 0.154375 0.039062 0.021250
0 0.554297 0.145000 0.032031 0.022500
0 0.554688 0.135625 0.031250 0.021250
0 0.555469 0.123750 0.032813 0.022500
0 0.553516 0.112500 0.032031 0.020000
0 0.591016 0.258750 0.035156 0.015000
0 0.587891 0.250000 0.041406 0.017500
0 0.587109 0.240000 0.041406 0.020000
0 0.586719 0.228125 0.042188 0.018750
0 0.587109 0.218125 0.042969 0.018750
0 0.587109 0.207500 0.041406 0.017500
0 0.587500 0.196250 0.040625 0.017500
0 0.587500 0.186875 0.040625 0.018750
0 0.629297 0.270000 0.041406 0.020000
0 0.629297 0.259375 0.041406 0.021250
0 0.629687 0.249375 0.042188 0.018750
0 0.629297 0.239375 0.041406 0.016250
0 0.630078 0.230625 0.042969 0.018750
0 0.630469 0.219375 0.042188 0.018750
0 0.669531 0.258750 0.031250 0.015000
0 0.669141 0.249375 0.032031 0.016250
0 0.669531 0.238750 0.032813 0.017500
0 0.668750 0.228750 0.034375 0.017500
0 0.669922 0.219375 0.033594 0.016250
0 0.670703 0.209375 0.033594 0.016250
0 0.671094 0.198750 0.032813 0.017500
0 0.671094 0.188750 0.032813 0.017500
0 0.630078 0.210000 0.042969 0.017500
0 0.630469 0.199375 0.043750 0.016250
0 0.630078 0.190625 0.044531 0.016250
0 0.629687 0.181875 0.043750 0.018750
0 0.588281 0.176875 0.040625 0.018750
0 0.590234 0.166250 0.039844 0.017500
0 0.589453 0.155000 0.039844 0.017500
0 0.590234 0.146250 0.041406 0.017500
0 0.591016 0.136250 0.039844 0.017500
0 0.590234 0.124375 0.039844 0.018750
0 0.630078 0.171875 0.047656 0.018750
0 0.632422 0.161875 0.044531 0.021250
0 0.632422 0.150625 0.044531 0.016250
0 0.648438 0.159375 0.076563 0.056250
0 0.670703 0.170000 0.032031 0.015000
0 0.670703 0.160625 0.032031 0.016250
0 0.670312 0.150625 0.031250 0.018750
0 0.661328 0.337500 0.041406 0.017500
0 0.660937 0.327500 0.042188 0.015000
0 0.660547 0.317500 0.041406 0.012500
0 0.662500 0.308750 0.039062 0.015000
0 0.664844 0.298125 0.035937 0.016250
0 0.666016 0.288125 0.033594 0.016250
0 0.665625 0.279375 0.034375 0.013750
0 0.666797 0.269375 0.032031 0.013750
0 0.699609 0.343125 0.028906 0.016250
0 0.699609 0.334375 0.028906 0.016250
0 0.699219 0.325000 0.029687 0.017500
0 0.699219 0.313750 0.029687 0.015000
0 0.698828 0.305000 0.030469 0.017500
0 0.699219 0.294375 0.029687 0.016250
0 0.700000 0.285000 0.031250 0.017500
0 0.736328 0.293125 0.028906 0.016250
0 0.736328 0.284375 0.028906 0.016250
0 0.736719 0.276875 0.028125 0.013750
0 0.736719 0.266250 0.028125 0.015000
0 0.737109 0.258125 0.028906 0.016250
0 0.737109 0.248750 0.028906 0.015000
0 0.737500 0.239375 0.028125 0.016250
0 0.737109 0.229375 0.028906 0.018750
0 0.700000 0.275625 0.031250 0.018750
0 0.700781 0.265625 0.031250 0.013750
0 0.701562 0.257500 0.031250 0.015000
0 0.701953 0.246875 0.030469 0.018750
0 0.701953 0.237500 0.030469 0.015000
0 0.701953 0.228125 0.030469 0.018750
0 0.702344 0.216875 0.029687 0.016250
0 0.702344 0.208125 0.029687 0.016250
0 0.766016 0.310625 0.028906 0.016250
0 0.765234 0.303125 0.028906 0.016250
0 0.766406 0.293750 0.028125 0.015000
0 0.766797 0.283750 0.030469 0.017500
0 0.766797 0.274375 0.030469 0.016250
0 0.767188 0.265625 0.031250 0.016250
0 0.767188 0.255625 0.031250 0.016250
0 0.767188 0.246875 0.031250 0.018750
0 0.767578 0.236250 0.030469 0.015000
0 0.768359 0.228125 0.030469 0.016250
0 0.768750 0.218125 0.029687 0.016250
0 0.769141 0.208750 0.028906 0.017500
0 0.797266 0.301250 0.027344 0.015000
0 0.797656 0.292500 0.028125 0.015000
0 0.797266 0.282500 0.027344 0.015000
0 0.798047 0.274375 0.028906 0.013750
0 0.798047 0.264375 0.028906 0.016250
0 0.799219 0.238750 0.028125 0.015000
0 0.798828 0.256875 0.030469 0.018750
0 0.798047 0.246250 0.028906 0.015000
0 0.799219 0.229375 0.028125 0.016250
0 0.799609 0.220000 0.028906 0.017500
0 0.800000 0.210625 0.028125 0.016250
0 0.737500 0.219375 0.031250 0.013750
0 0.737500 0.210000 0.029687 0.015000
0 0.738672 0.200625 0.030469 0.018750
0 0.738281 0.191250 0.029687 0.017500
0 0.769531 0.200625 0.031250 0.018750
0 0.769922 0.190625 0.030469 0.018750
0 0.769922 0.181250 0.028906 0.017500
0 0.800000 0.202500 0.028125 0.015000
0 0.800000 0.193750 0.028125 0.017500
0 0.739062 0.180625 0.029687 0.013750
0 0.371094 0.215000 0.045312 0.025000
0 0.370312 0.225625 0.043750 0.021250
0 0.369922 0.238125 0.042969 0.023750
0 0.369531 0.250625 0.042188 0.018750
