0 0.473438 0.781944 0.476562 0.286111
0 0.737500 0.654167 0.092188 0.138889
0 0.639453 0.423611 0.272656 0.122222
0 0.786719 0.589583 0.048438 0.087500
0 0.243750 0.961806 0.121875 0.065278
0 0.807422 0.145833 0.027344 0.075000
0 0.765234 0.091667 0.047656 0.133333
0 0.828906 0.193750 0.028125 0.076389
0 0.850391 0.260417 0.042969 0.056944
0 0.852344 0.266667 0.053125 0.080556
0 0.994531 0.219444 0.009375 0.058333
0 0.969531 0.071528 0.043750 0.068056
0 0.822656 0.032639 0.039062 0.059722
0 0.255859 0.140278 0.167969 0.252778
0 0.396484 0.155556 0.122656 0.225000
0 0.376563 0.295833 0.082812 0.063889
0 0.117969 0.142361 0.151562 0.259722
