0 0.700000 0.750463 0.151042 0.089815
0 0.864323 0.761574 0.150521 0.080556
0 0.962760 0.758796 0.066146 0.054630
0 0.596875 0.943519 0.085417 0.109259
0 0.432552 0.592130 0.063021 0.050926
0 0.315625 0.471759 0.065625 0.047222
0 0.502604 0.468519 0.116667 0.048148
0 0.606510 0.474537 0.095312 0.047222
0 0.604167 0.577315 0.066667 0.047222
0 0.521094 0.583796 0.100521 0.054630
0 0.597917 0.680093 0.056250 0.043519
0 0.538542 0.294907 0.103125 0.030556
0 0.553646 0.326389 0.103125 0.045370
0 0.682813 0.343056 0.123958 0.047222
0 0.380729 0.271759 0.184375 0.078704
0 0.824740 0.298148 0.043229 0.037037
0 0.871354 0.289352 0.045833 0.043519
0 0.917448 0.275000 0.044271 0.046296
0 0.972917 0.241667 0.040625 0.025926
0 0.973177 0.345833 0.052604 0.028704
0 0.970573 0.088426 0.057813 0.056481
0 0.531510 0.134259 0.124479 0.085185
0 0.470833 0.098148 0.144792 0.081481
0 0.397917 0.061111 0.162500 0.077778
0 0.584896 0.154167 0.090625 0.058333
