0 0.651302 0.421296 0.120313 0.037037
0 0.650781 0.540278 0.116146 0.034259
0 0.668229 0.655556 0.077083 0.037037
0 0.369010 0.538426 0.085938 0.043519
0 0.414583 0.391667 0.173958 0.044444
0 0.544271 0.403704 0.103125 0.048148
0 0.553385 0.536574 0.097396 0.032407
0 0.562760 0.681481 0.123438 0.051852
0 0.457292 0.720833 0.143750 0.075000
0 0.190365 0.767593 0.210938 0.101852
0 0.044792 0.819907 0.089583 0.065741
0 0.061458 0.541667 0.122917 0.055556
0 0.067448 0.317130 0.132812 0.058333
0 0.213542 0.367130 0.209375 0.071296
0 0.216927 0.536574 0.192188 0.049074
0 0.671354 0.250463 0.062500 0.041667
0 0.602604 0.221296 0.089583 0.053704
0 0.519010 0.189815 0.080729 0.046296
0 0.422396 0.158333 0.111458 0.072222
0 0.292708 0.109259 0.145833 0.079630
0 0.140885 0.056481 0.152604 0.079630
0 0.035156 0.026852 0.063021 0.046296
0 0.760938 0.281019 0.089583 0.039815
0 0.760677 0.152778 0.098437 0.048148
0 0.683854 0.098611 0.073958 0.069444
0 0.601042 0.058796 0.083333 0.063889
0 0.521875 0.086574 0.084375 0.056481
0 0.827083 0.207407 0.061458 0.037037
0 0.836719 0.154167 0.048438 0.045370
0 0.884375 0.182407 0.060417 0.031481
0 0.880729 0.232870 0.060417 0.043519
0 0.929167 0.232870 0.036458 0.034259
0 0.969271 0.266204 0.043750 0.028704
0 0.899219 0.335185 0.090104 0.035185
0 0.967969 0.349074 0.048438 0.037037
0 0.944792 0.531944 0.075000 0.026852
0 0.965885 0.606944 0.025521 0.028704
0 0.971354 0.459722 0.056250 0.023148
0 0.986458 0.527778 0.021875 0.020370
0 0.988542 0.598611 0.021875 0.026852
0 0.754687 0.590278 0.055208 0.025000
0 0.868750 0.054167 0.033333 0.049074
0 0.898438 0.076389 0.036458 0.049074
0 0.932552 0.112500 0.035937 0.043519
0 0.962500 0.134259 0.027083 0.037037
0 0.961979 0.075463 0.034375 0.034259
0 0.832812 0.017130 0.047917 0.034259
