0 0.487500 0.771528 0.343750 0.273611
0 0.230859 0.342361 0.086719 0.059722
0 0.132812 0.331944 0.090625 0.077778
0 0.318359 0.335417 0.078906 0.065278
0 0.551562 0.077083 0.220312 0.154167
0 0.581250 0.176389 0.296875 0.158333
0 0.651172 0.238889 0.263281 0.113889
0 0.753906 0.266667 0.106250 0.097222
0 0.811719 0.275694 0.039062 0.073611
0 0.833984 0.291667 0.027344 0.052778
0 0.835938 0.510417 0.023438 0.054167
0 0.857812 0.486806 0.012500 0.031944
0 0.768750 0.547917 0.090625 0.073611
0 0.750781 0.596528 0.075000 0.109722
0 0.709375 0.661111 0.087500 0.155556
0 0.979297 0.077778 0.028906 0.050000
0 0.981641 0.033333 0.025781 0.055556
0 0.975000 0.109722 0.029687 0.036111
0 0.977344 0.143750 0.037500 0.048611
0 0.785937 0.138194 0.129688 0.056944
0 0.758594 0.098611 0.148438 0.061111
