0 0.920703 0.511111 0.089844 0.044444
0 0.853125 0.483333 0.039062 0.022222
0 0.954688 0.136806 0.037500 0.045833
0 0.956641 0.155556 0.036719 0.044444
0 0.989453 0.108333 0.016406 0.041667
0 0.932813 0.190278 0.018750 0.027778
0 0.914453 0.204167 0.016406 0.027778
0 0.901953 0.219444 0.013281 0.025000
0 0.887109 0.215278 0.013281 0.019444
0 0.888281 0.234722 0.017188 0.030556
0 0.883984 0.185417 0.019531 0.023611
0 0.907031 0.097917 0.048438 0.043056
0 0.935937 0.040278 0.056250 0.038889
0 0.892578 0.038194 0.025781 0.029167
0 0.874609 0.159722 0.032031 0.030556
0 0.865625 0.173611 0.031250 0.019444
0 0.856250 0.182639 0.026562 0.023611
0 0.847266 0.210417 0.027344 0.029167
0 0.830859 0.060417 0.032031 0.026389
