0 0.847656 0.050625 0.081250 0.101250
0 0.614453 0.137500 0.019531 0.050000
0 0.778125 0.121875 0.056250 0.106250
0 0.727734 0.199375 0.063281 0.083750
0 0.687500 0.252500 0.037500 0.067500
0 0.657031 0.290625 0.025000 0.043750
0 0.112500 0.016875 0.031250 0.033750
0 0.160156 0.078125 0.070312 0.126250
0 0.218359 0.150625 0.049219 0.086250
0 0.254688 0.213750 0.050000 0.077500
0 0.285547 0.252500 0.021094 0.055000
0 0.307812 0.284375 0.029687 0.051250
0 0.323828 0.320000 0.011719 0.025000
0 0.338672 0.331875 0.017969 0.036250
0 0.091016 0.416250 0.180469 0.080000
0 0.248438 0.460625 0.034375 0.041250
0 0.207031 0.441875 0.048438 0.046250
0 0.277344 0.469375 0.025000 0.028750
0 0.361328 0.497500 0.016406 0.017500
0 0.467187 0.635625 0.062500 0.018750
0 0.532813 0.640625 0.062500 0.021250
0 0.409766 0.620000 0.052344 0.017500
0 0.075781 0.855625 0.135937 0.128750
0 0.170703 0.784375 0.061719 0.083750
0 0.769141 0.840625 0.060156 0.093750
0 0.845313 0.931250 0.098437 0.135000
0 0.905469 0.983125 0.020313 0.033750
0 0.705859 0.786875 0.071094 0.058750
0 0.663281 0.745625 0.021875 0.038750
0 0.639062 0.721250 0.026562 0.042500
0 0.946484 0.437500 0.107031 0.095000
0 0.839844 0.457500 0.103125 0.075000
0 0.754297 0.477500 0.071094 0.057500
0 0.699219 0.494375 0.035937 0.031250
0 0.665234 0.499375 0.032031 0.028750
0 0.638672 0.505000 0.022656 0.022500
0 0.604688 0.362500 0.012500 0.022500
0 0.634375 0.319375 0.023438 0.041250
0 0.614844 0.342500 0.021875 0.035000
0 0.628906 0.097500 0.017188 0.045000
0 0.647656 0.042500 0.021875 0.060000
0 0.218750 0.736875 0.037500 0.061250
0 0.253516 0.701875 0.033594 0.056250
0 0.280078 0.680625 0.025781 0.038750
0 0.300391 0.667500 0.017969 0.025000
0 0.355078 0.354375 0.014844 0.028750
0 0.336719 0.041875 0.018750 0.048750
0 0.372656 0.156875 0.014063 0.028750
0 0.583594 0.387500 0.009375 0.020000
0 0.575781 0.397500 0.010937 0.020000
0 0.592969 0.374375 0.010937 0.023750
