0 0.129688 0.158333 0.204687 0.050000
0 0.131641 0.191667 0.213281 0.035417
0 0.138281 0.216667 0.210938 0.027083
0 0.135547 0.251563 0.208594 0.042708
0 0.143359 0.285938 0.208594 0.046875
0 0.047656 0.072917 0.090625 0.022917
0 0.051953 0.101562 0.099219 0.034375
0 0.055859 0.132292 0.110156 0.037500
0 0.046875 0.167187 0.085938 0.032292
0 0.018750 0.209375 0.032813 0.041667
0 0.019922 0.235937 0.028906 0.021875
0 0.022266 0.266146 0.039844 0.032292
0 0.051172 0.045312 0.100781 0.034375
0 0.045703 0.015625 0.089844 0.025000
0 0.157812 0.018229 0.129688 0.030208
0 0.159766 0.044792 0.125781 0.025000
0 0.126172 0.073438 0.058594 0.032292
0 0.129297 0.097917 0.049219 0.016667
0 0.153125 0.117708 0.095312 0.022917
