0 0.957031 0.266667 0.085938 0.069444
0 0.903125 0.314583 0.023438 0.051389
0 0.880469 0.358333 0.020313 0.038889
0 0.878906 0.300000 0.020313 0.047222
0 0.896875 0.255556 0.020313 0.050000
0 0.942969 0.189583 0.073438 0.084722
0 0.964844 0.492361 0.070312 0.040278
0 0.923828 0.506250 0.027344 0.031944
0 0.918359 0.575000 0.013281 0.019444
0 0.959766 0.579861 0.055469 0.029167
0 0.989453 0.584028 0.021094 0.159722
0 0.950781 0.663194 0.045312 0.040278
0 0.901953 0.619444 0.013281 0.022222
0 0.896094 0.563194 0.031250 0.023611
0 0.845703 0.515972 0.007031 0.012500
0 0.852344 0.598611 0.020313 0.013889
0 0.684766 0.444444 0.010156 0.016667
0 0.680469 0.495139 0.012500 0.012500
0 0.681250 0.506944 0.010937 0.011111
0 0.681250 0.518056 0.010937 0.011111
0 0.681250 0.528472 0.010937 0.009722
0 0.681250 0.538889 0.014063 0.011111
0 0.680859 0.550000 0.011719 0.011111
0 0.680469 0.559722 0.010937 0.011111
0 0.680078 0.571528 0.011719 0.012500
0 0.679688 0.584028 0.010937 0.012500
0 0.726172 0.577083 0.021094 0.009722
0 0.755859 0.577778 0.025781 0.008333
0 0.785156 0.576389 0.025000 0.008333
0 0.785937 0.518750 0.023438 0.009722
0 0.753906 0.520139 0.021875 0.009722
0 0.657422 0.407639 0.013281 0.018056
0 0.666016 0.422222 0.013281 0.019444
0 0.621094 0.345833 0.062500 0.025000
0 0.353906 0.217361 0.056250 0.062500
0 0.404297 0.259722 0.055469 0.044444
0 0.453516 0.286111 0.030469 0.036111
0 0.517969 0.341667 0.026562 0.030556
0 0.570703 0.254861 0.052344 0.045833
0 0.598828 0.306944 0.066406 0.036111
0 0.610938 0.145139 0.034375 0.040278
0 0.538672 0.065278 0.121094 0.069444
0 0.418750 0.038889 0.076563 0.069444
0 0.640625 0.207639 0.014063 0.037500
0 0.658203 0.284028 0.016406 0.029167
0 0.615625 0.018750 0.025000 0.037500
0 0.637891 0.084028 0.013281 0.031944
0 0.398828 0.648611 0.050781 0.036111
0 0.451172 0.638889 0.039844 0.030556
0 0.490625 0.626389 0.034375 0.030556
0 0.518750 0.621528 0.028125 0.023611
0 0.441797 0.461806 0.025781 0.023611
0 0.400391 0.451389 0.041406 0.036111
0 0.482422 0.470833 0.030469 0.033333
0 0.266797 0.412500 0.066406 0.038889
0 0.928516 0.113889 0.060156 0.077778
0 0.888672 0.128472 0.022656 0.068056
0 0.893359 0.194444 0.024219 0.061111
0 0.876563 0.249306 0.015625 0.051389
0 0.858594 0.288194 0.023438 0.037500
0 0.859766 0.335417 0.024219 0.034722
0 0.860547 0.384028 0.019531 0.037500
0 0.850000 0.407639 0.012500 0.031944
0 0.855469 0.245139 0.020313 0.043056
0 0.871875 0.201389 0.020313 0.052778
0 0.865625 0.104861 0.029687 0.070833
0 0.850000 0.175000 0.017188 0.044444
0 0.858203 0.077778 0.022656 0.055556
0 0.876953 0.038889 0.019531 0.061111
0 0.848828 0.036806 0.016406 0.062500
0 0.664844 0.161806 0.007812 0.018056
0 0.660156 0.145833 0.007812 0.022222
0 0.649219 0.115972 0.012500 0.031944
0 0.671875 0.190278 0.006250 0.019444
0 0.684375 0.340278 0.007812 0.019444
0 0.675391 0.317361 0.007031 0.015278
0 0.690625 0.520139 0.007812 0.009722
0 0.690625 0.552083 0.007812 0.009722
0 0.689063 0.582639 0.007812 0.009722
0 0.706641 0.575694 0.011719 0.006944
0 0.826562 0.586111 0.007812 0.011111
0 0.827344 0.527083 0.009375 0.012500
0 0.910547 0.050000 0.039844 0.088889
