0 0.695312 0.304167 0.075000 0.058333
0 0.764844 0.311806 0.045312 0.026389
0 0.762500 0.289583 0.043750 0.023611
0 0.745703 0.273611 0.080469 0.030556
0 0.744141 0.259028 0.083594 0.023611
0 0.741406 0.237500 0.079687 0.036111
0 0.799219 0.262500 0.029687 0.022222
0 0.800391 0.278472 0.032031 0.026389
0 0.800391 0.286806 0.032031 0.018056
0 0.803906 0.303472 0.032813 0.023611
0 0.804688 0.320833 0.032813 0.030556
0 0.885547 0.590972 0.049219 0.023611
0 0.916016 0.583333 0.024219 0.025000
0 0.669141 0.627083 0.086719 0.034722
0 0.971094 0.575000 0.037500 0.022222
0 0.935937 0.584722 0.035937 0.033333
0 0.993359 0.560417 0.010156 0.012500
0 0.992578 0.572222 0.013281 0.013889
0 0.557031 0.545833 0.131250 0.030556
0 0.556641 0.625694 0.117969 0.031944
0 0.559375 0.460417 0.126562 0.040278
0 0.157031 0.818750 0.279687 0.181944
0 0.286719 0.658333 0.031250 0.069444
0 0.333203 0.654167 0.064844 0.055556
0 0.432422 0.255556 0.085156 0.072222
0 0.434766 0.215972 0.075781 0.034722
0 0.433984 0.191667 0.083594 0.030556
0 0.425781 0.179167 0.098437 0.052778
0 0.439453 0.097222 0.080469 0.044444
0 0.438281 0.142361 0.070312 0.026389
0 0.440234 0.067361 0.071094 0.031944
0 0.444141 0.055556 0.067969 0.036111
0 0.444922 0.036111 0.066406 0.033333
0 0.439844 0.037500 0.075000 0.066667
0 0.746875 0.206250 0.076563 0.051389
0 0.737109 0.192361 0.078906 0.054167
0 0.735547 0.171528 0.072656 0.037500
0 0.737891 0.159028 0.085156 0.045833
0 0.737500 0.134722 0.082812 0.052778
