0 0.512500 0.622917 0.064062 0.029167
0 0.817187 0.603472 0.054688 0.031944
0 0.855859 0.613889 0.033594 0.025000
0 0.839453 0.310417 0.019531 0.012500
0 0.814063 0.309722 0.021875 0.011111
0 0.792188 0.309028 0.021875 0.009722
0 0.769141 0.309028 0.022656 0.012500
0 0.745313 0.309028 0.021875 0.012500
0 0.721094 0.311806 0.023438 0.012500
0 0.695312 0.313194 0.021875 0.012500
0 0.672266 0.315278 0.022656 0.013889
0 0.645703 0.315972 0.025781 0.009722
0 0.907813 0.311111 0.018750 0.011111
0 0.648438 0.404167 0.023438 0.011111
0 0.671484 0.404861 0.024219 0.012500
0 0.694922 0.403472 0.022656 0.012500
0 0.725000 0.402083 0.023438 0.012500
0 0.747266 0.402778 0.022656 0.011111
0 0.770703 0.401389 0.024219 0.011111
0 0.798047 0.401389 0.022656 0.011111
0 0.822266 0.401389 0.024219 0.008333
0 0.843359 0.400694 0.019531 0.012500
0 0.869922 0.399306 0.021094 0.012500
0 0.890625 0.401389 0.017188 0.008333
0 0.908984 0.400694 0.019531 0.009722
0 0.912891 0.447917 0.019531 0.012500
0 0.749609 0.453472 0.024219 0.009722
0 0.672656 0.454167 0.025000 0.011111
0 0.484766 0.397917 0.032031 0.018056
0 0.483203 0.386806 0.033594 0.015278
0 0.305859 0.427083 0.092969 0.040278
0 0.364844 0.440972 0.045312 0.029167
0 0.407422 0.452778 0.028906 0.027778
0 0.468750 0.471528 0.042188 0.020833
0 0.251563 0.731250 0.248438 0.101389
0 0.028125 0.657639 0.051562 0.048611
0 0.206250 0.077778 0.084375 0.097222
0 0.249219 0.107639 0.087500 0.068056
0 0.289453 0.145833 0.086719 0.072222
0 0.316406 0.170139 0.095312 0.081944
0 0.353516 0.198611 0.080469 0.058333
0 0.385156 0.225000 0.082812 0.044444
0 0.416406 0.250000 0.064062 0.050000
0 0.223438 0.041667 0.045312 0.047222
0 0.224609 0.025694 0.046094 0.045833
0 0.226172 0.017361 0.042969 0.031944
0 0.268750 0.084722 0.054688 0.047222
0 0.268359 0.069444 0.055469 0.047222
0 0.268750 0.053472 0.054688 0.043056
0 0.272656 0.040278 0.053125 0.047222
0 0.273438 0.025694 0.053125 0.043056
0 0.273828 0.015278 0.053906 0.030556
0 0.154688 0.046528 0.093750 0.087500
0 0.178906 0.018056 0.048438 0.036111
0 0.316797 0.120833 0.038281 0.041667
0 0.317969 0.106250 0.037500 0.043056
0 0.319141 0.090278 0.036719 0.044444
0 0.318359 0.075694 0.038281 0.045833
0 0.319531 0.062500 0.039062 0.047222
0 0.319922 0.049306 0.039844 0.043056
0 0.321484 0.036111 0.039844 0.044444
0 0.323047 0.022222 0.039844 0.044444
0 0.329688 0.014583 0.026562 0.029167
0 0.351953 0.136806 0.030469 0.040278
0 0.352344 0.122917 0.029687 0.040278
0 0.352734 0.108333 0.030469 0.036111
0 0.354297 0.095833 0.030469 0.036111
0 0.355078 0.080556 0.032031 0.041667
0 0.357031 0.067361 0.032813 0.043056
0 0.358203 0.055556 0.032031 0.044444
0 0.358203 0.042361 0.030469 0.040278
0 0.360547 0.029861 0.028906 0.040278
0 0.360156 0.018750 0.029687 0.037500
0 0.381250 0.176389 0.031250 0.038889
0 0.380859 0.165278 0.032031 0.033333
0 0.382422 0.151389 0.028906 0.036111
0 0.382812 0.138889 0.029687 0.036111
0 0.383594 0.127778 0.028125 0.036111
0 0.384375 0.115972 0.028125 0.034722
0 0.385937 0.100694 0.029687 0.034722
0 0.387500 0.088194 0.028125 0.040278
0 0.387891 0.075694 0.027344 0.040278
0 0.387891 0.063194 0.027344 0.037500
0 0.387891 0.050694 0.027344 0.034722
0 0.389453 0.038889 0.027344 0.036111
0 0.390234 0.029167 0.027344 0.038889
0 0.391406 0.019444 0.026562 0.036111
0 0.396094 0.011806 0.018750 0.020833
0 0.412891 0.206944 0.024219 0.030556
0 0.413672 0.195139 0.025781 0.031944
0 0.413281 0.181250 0.026562 0.031944
0 0.412891 0.170833 0.025781 0.030556
0 0.413672 0.159722 0.027344 0.033333
0 0.413672 0.146528 0.027344 0.031944
0 0.414062 0.134722 0.026562 0.033333
0 0.414062 0.122222 0.026562 0.036111
0 0.414844 0.110417 0.026562 0.034722
0 0.414844 0.091667 0.026562 0.044444
0 0.437500 0.229861 0.023438 0.029167
0 0.437500 0.218750 0.023438 0.029167
0 0.438281 0.207639 0.025000 0.029167
0 0.438281 0.194444 0.025000 0.030556
0 0.438281 0.182639 0.023438 0.029167
0 0.438672 0.170833 0.024219 0.027778
0 0.439063 0.159722 0.025000 0.030556
0 0.439063 0.149306 0.026562 0.029167
0 0.440234 0.138194 0.025781 0.029167
0 0.440625 0.127083 0.025000 0.031944
0 0.441406 0.115972 0.025000 0.031944
0 0.441406 0.105556 0.025000 0.033333
0 0.441406 0.094444 0.025000 0.033333
0 0.441797 0.084722 0.024219 0.030556
0 0.460547 0.252778 0.022656 0.025000
0 0.460156 0.240972 0.021875 0.026389
0 0.460938 0.225694 0.021875 0.037500
0 0.460938 0.206944 0.021875 0.025000
0 0.460938 0.195833 0.021875 0.025000
0 0.461328 0.187500 0.021094 0.027778
0 0.461719 0.174306 0.020313 0.029167
0 0.462109 0.163889 0.019531 0.027778
0 0.462500 0.154167 0.020313 0.030556
0 0.462891 0.143750 0.019531 0.029167
0 0.463281 0.132639 0.018750 0.031944
0 0.463281 0.122222 0.018750 0.030556
0 0.463281 0.110417 0.018750 0.031944
0 0.415625 0.077083 0.026562 0.034722
0 0.416406 0.065972 0.026562 0.034722
0 0.416406 0.054861 0.025000 0.034722
0 0.416406 0.041667 0.025000 0.036111
0 0.441797 0.073611 0.024219 0.030556
0 0.441797 0.060417 0.025781 0.031944
0 0.439453 0.051389 0.032031 0.033333
0 0.480859 0.270833 0.017969 0.025000
0 0.480859 0.261806 0.017969 0.023611
0 0.480859 0.250694 0.017969 0.023611
0 0.480469 0.239583 0.018750 0.026389
0 0.481250 0.211111 0.018750 0.022222
0 0.481250 0.230556 0.018750 0.025000
0 0.481250 0.220139 0.018750 0.020833
0 0.481641 0.200694 0.019531 0.026389
0 0.481641 0.190972 0.019531 0.026389
0 0.482031 0.181250 0.018750 0.026389
0 0.496094 0.297917 0.015625 0.020833
0 0.496484 0.287500 0.014844 0.022222
0 0.496875 0.277778 0.014063 0.019444
0 0.496875 0.268056 0.015625 0.019444
0 0.497656 0.258333 0.015625 0.022222
0 0.497266 0.248611 0.014844 0.019444
0 0.497656 0.239583 0.014063 0.020833
0 0.497266 0.231250 0.014844 0.020833
0 0.497656 0.220139 0.014063 0.020833
0 0.498047 0.209722 0.014844 0.022222
0 0.498047 0.200000 0.014844 0.022222
0 0.498828 0.191667 0.014844 0.022222
0 0.498828 0.181250 0.014844 0.023611
0 0.482812 0.163889 0.018750 0.033333
0 0.482031 0.151389 0.018750 0.025000
0 0.499219 0.172222 0.014063 0.022222
0 0.498828 0.162500 0.013281 0.022222
0 0.510547 0.310417 0.013281 0.020833
0 0.510547 0.300000 0.013281 0.019444
0 0.510547 0.290278 0.013281 0.019444
0 0.511328 0.281944 0.013281 0.019444
0 0.510938 0.271528 0.014063 0.020833
0 0.511328 0.262500 0.013281 0.019444
0 0.511719 0.254167 0.014063 0.019444
0 0.511719 0.238889 0.014063 0.030556
0 0.512500 0.225694 0.014063 0.020833
0 0.512891 0.215278 0.013281 0.025000
0 0.512891 0.202778 0.013281 0.030556
0 0.523438 0.324306 0.012500 0.018056
0 0.523438 0.315278 0.012500 0.019444
0 0.523828 0.302083 0.011719 0.026389
0 0.523828 0.288194 0.011719 0.020833
0 0.523438 0.279167 0.012500 0.022222
0 0.524219 0.270139 0.010937 0.018056
0 0.524219 0.261111 0.010937 0.019444
0 0.524609 0.252778 0.010156 0.019444
0 0.524219 0.243750 0.010937 0.020833
0 0.524219 0.234722 0.010937 0.019444
0 0.524609 0.227778 0.010156 0.019444
0 0.524609 0.219444 0.010156 0.019444
0 0.524609 0.210417 0.010156 0.020833
0 0.535156 0.325694 0.010937 0.018056
0 0.535156 0.317361 0.010937 0.018056
0 0.535156 0.310417 0.010937 0.015278
0 0.535156 0.301389 0.010937 0.019444
0 0.535547 0.292361 0.010156 0.018056
0 0.534766 0.285417 0.010156 0.018056
0 0.534766 0.277083 0.010156 0.018056
0 0.534766 0.267361 0.010156 0.020833
0 0.534375 0.259722 0.009375 0.019444
0 0.534766 0.251389 0.010156 0.019444
0 0.534766 0.242361 0.010156 0.020833
0 0.545703 0.337500 0.010156 0.016667
0 0.545703 0.329167 0.010156 0.016667
0 0.545703 0.320139 0.010156 0.015278
0 0.545703 0.311806 0.010156 0.015278
0 0.545703 0.304861 0.010156 0.015278
0 0.545703 0.296528 0.010156 0.018056
0 0.545312 0.273611 0.010937 0.016667
0 0.544922 0.288889 0.010156 0.016667
0 0.545703 0.281250 0.010156 0.018056
0 0.544922 0.265278 0.010156 0.016667
0 0.544922 0.257639 0.010156 0.015278
0 0.544922 0.250000 0.010156 0.016667
0 0.512500 0.188889 0.012500 0.022222
0 0.524609 0.202778 0.010156 0.019444
0 0.523828 0.193750 0.010156 0.020833
0 0.523828 0.184722 0.010156 0.019444
0 0.524219 0.177083 0.010937 0.020833
0 0.534766 0.234028 0.010156 0.020833
0 0.535156 0.225694 0.010937 0.018056
0 0.535156 0.217361 0.010937 0.018056
0 0.534766 0.209722 0.011719 0.019444
0 0.534766 0.201389 0.011719 0.022222
0 0.535156 0.193750 0.010937 0.020833
0 0.535156 0.186806 0.010937 0.020833
0 0.544922 0.243750 0.010156 0.018056
0 0.545312 0.235417 0.009375 0.018056
0 0.545312 0.223611 0.009375 0.027778
0 0.544922 0.209722 0.008594 0.016667
0 0.544531 0.203472 0.009375 0.018056
0 0.722656 0.598611 0.039062 0.019444
