0 0.262891 0.580000 0.088281 0.030000
0 0.268750 0.609375 0.095312 0.043750
0 0.271094 0.633750 0.092188 0.025000
0 0.262500 0.650000 0.096875 0.045000
0 0.355469 0.652500 0.081250 0.047500
0 0.591797 0.666250 0.077344 0.042500
0 0.940234 0.641875 0.114844 0.043750
0 0.941797 0.663750 0.113281 0.045000
0 0.939063 0.693125 0.110937 0.041250
0 0.939063 0.717500 0.118750 0.045000
0 0.940234 0.747500 0.116406 0.050000
0 0.875000 0.064375 0.064062 0.048750
0 0.940234 0.027500 0.077344 0.045000
0 0.626953 0.221875 0.042969 0.033750
0 0.585938 0.255625 0.028125 0.026250
0 0.551953 0.280000 0.032031 0.032500
0 0.505469 0.308125 0.031250 0.023750
0 0.489453 0.318750 0.014844 0.022500
0 0.167578 0.246875 0.083594 0.046250
0 0.166016 0.257500 0.086719 0.027500
0 0.164453 0.277500 0.089844 0.037500
0 0.162891 0.293125 0.096094 0.026250
0 0.160156 0.313125 0.090625 0.038750
0 0.159766 0.332500 0.089844 0.027500
0 0.161719 0.349375 0.087500 0.033750
0 0.160938 0.366250 0.084375 0.022500
0 0.160156 0.388750 0.087500 0.030000
0 0.158594 0.409375 0.087500 0.028750
0 0.156250 0.425000 0.087500 0.032500
0 0.155469 0.442500 0.089063 0.017500
0 0.157031 0.465000 0.089063 0.030000
0 0.158984 0.481875 0.089844 0.016250
0 0.153516 0.498125 0.086719 0.028750
0 0.150781 0.629375 0.092188 0.036250
0 0.150391 0.610000 0.082031 0.035000
0 0.148828 0.591875 0.088281 0.038750
0 0.150781 0.571250 0.084375 0.030000
0 0.150781 0.556250 0.079687 0.027500
0 0.150000 0.537500 0.081250 0.037500
0 0.154688 0.521875 0.085938 0.033750
0 0.777344 0.405625 0.150000 0.038750
0 0.774609 0.428750 0.147656 0.042500
0 0.771484 0.442500 0.150781 0.027500
0 0.771094 0.473750 0.150000 0.042500
0 0.770312 0.496875 0.148438 0.028750
0 0.767969 0.519375 0.154688 0.043750
0 0.767578 0.541250 0.147656 0.030000
0 0.768359 0.568125 0.149219 0.031250
0 0.767188 0.591875 0.150000 0.033750
0 0.768750 0.616250 0.156250 0.042500
0 0.764062 0.640625 0.150000 0.028750
0 0.767188 0.669375 0.146875 0.036250
0 0.762891 0.693125 0.155469 0.033750
0 0.767578 0.719375 0.153906 0.033750
0 0.715625 0.346250 0.134375 0.050000
0 0.715234 0.360625 0.136719 0.033750
0 0.682031 0.382500 0.075000 0.032500
0 0.680078 0.406250 0.075781 0.037500
0 0.673438 0.428750 0.057813 0.035000
0 0.671875 0.448750 0.064062 0.030000
0 0.667188 0.473750 0.057813 0.025000
0 0.666016 0.495625 0.060156 0.026250
0 0.665234 0.519375 0.061719 0.021250
0 0.665234 0.540000 0.057031 0.020000
0 0.663281 0.562500 0.053125 0.025000
0 0.664844 0.584375 0.051562 0.016250
0 0.663672 0.601250 0.055469 0.025000
0 0.661328 0.630000 0.055469 0.027500
0 0.662109 0.648750 0.057031 0.030000
0 0.655469 0.670625 0.059375 0.036250
0 0.656250 0.695000 0.059375 0.032500
0 0.871094 0.300000 0.140625 0.045000
0 0.873828 0.323125 0.138281 0.031250
0 0.870313 0.346250 0.150000 0.037500
0 0.869531 0.365000 0.146875 0.037500
0 0.872266 0.393750 0.138281 0.042500
0 0.895312 0.410625 0.095312 0.031250
0 0.894531 0.437500 0.095312 0.035000
0 0.896484 0.460625 0.089844 0.028750
0 0.892969 0.490000 0.096875 0.035000
0 0.895703 0.507500 0.097656 0.020000
0 0.892188 0.534375 0.093750 0.036250
0 0.894141 0.557500 0.094531 0.027500
0 0.892188 0.580625 0.096875 0.026250
0 0.895312 0.605000 0.093750 0.025000
0 0.870703 0.629375 0.052344 0.026250
0 0.871484 0.653125 0.049219 0.026250
0 0.869141 0.677500 0.044531 0.025000
0 0.867969 0.707500 0.046875 0.035000
0 0.819922 0.245000 0.133594 0.050000
0 0.817578 0.265625 0.128906 0.043750
0 0.782422 0.285000 0.053906 0.032500
0 0.784375 0.305625 0.056250 0.036250
0 0.782422 0.323125 0.047656 0.026250
0 0.789453 0.345625 0.032031 0.018750
