0 0.084375 0.425625 0.121875 0.088750
0 0.012891 0.403750 0.024219 0.070000
0 0.185547 0.458750 0.083594 0.067500
0 0.255469 0.477500 0.053125 0.050000
0 0.397266 0.360625 0.021094 0.036250
0 0.302734 0.493750 0.039844 0.035000
0 0.337500 0.501875 0.025000 0.036250
0 0.358594 0.510625 0.020313 0.021250
0 0.306641 0.248125 0.030469 0.048750
0 0.264844 0.180625 0.065625 0.096250
0 0.201563 0.094375 0.067187 0.133750
0 0.141406 0.025625 0.068750 0.051250
0 0.940625 0.060000 0.095312 0.102500
0 0.852344 0.141250 0.081250 0.125000
0 0.786719 0.211875 0.053125 0.088750
0 0.746875 0.259375 0.045312 0.066250
0 0.718359 0.310625 0.028906 0.043750
0 0.697266 0.337500 0.022656 0.040000
0 0.678516 0.364375 0.017969 0.028750
0 0.710547 0.050625 0.021094 0.063750
0 0.688281 0.115000 0.023438 0.060000
0 0.391797 0.068125 0.028906 0.058750
0 0.375000 0.021250 0.018750 0.042500
0 0.931641 0.485625 0.135156 0.083750
0 0.828125 0.505625 0.070312 0.066250
0 0.772266 0.521875 0.044531 0.033750
0 0.735547 0.528125 0.030469 0.028750
0 0.837109 0.910000 0.082031 0.115000
0 0.916016 0.970625 0.067969 0.058750
0 0.777734 0.824375 0.042969 0.088750
0 0.739062 0.794375 0.037500 0.051250
0 0.711328 0.761875 0.024219 0.038750
0 0.196484 0.820625 0.064844 0.091250
0 0.088281 0.903125 0.148438 0.143750
0 0.252344 0.781875 0.046875 0.053750
0 0.316797 0.726875 0.035156 0.031250
0 0.283984 0.743125 0.032031 0.041250
0 0.521094 0.704375 0.085938 0.028750
0 0.609375 0.711250 0.085938 0.030000
0 0.444531 0.676875 0.071875 0.018750
0 0.379688 0.343125 0.017188 0.031250
0 0.335156 0.281875 0.031250 0.058750
0 0.362500 0.315000 0.025000 0.045000
0 0.412500 0.151875 0.015625 0.033750
0 0.400781 0.116250 0.014063 0.037500
0 0.707812 0.532500 0.025000 0.020000
0 0.684375 0.535000 0.021875 0.022500
0 0.642578 0.411250 0.011719 0.025000
0 0.650391 0.395625 0.011719 0.028750
0 0.663281 0.382500 0.017188 0.030000
