0 0.797656 0.193056 0.256250 0.130556
0 0.799609 0.246528 0.255469 0.123611
0 0.795312 0.351389 0.264062 0.094444
0 0.794922 0.408333 0.264844 0.083333
0 0.796484 0.470139 0.264844 0.095833
0 0.799219 0.648611 0.264062 0.088889
0 0.799609 0.711806 0.260156 0.101389
0 0.798828 0.766667 0.263281 0.116667
0 0.837109 0.029167 0.121094 0.058333
0 0.794141 0.147222 0.247656 0.150000
0 0.785937 0.050000 0.234375 0.100000
0 0.799219 0.306250 0.260937 0.101389
0 0.797266 0.593750 0.267969 0.081944
0 0.796484 0.524306 0.266406 0.070833
0 0.964063 0.413889 0.071875 0.066667
0 0.963672 0.468056 0.071094 0.061111
0 0.964063 0.524306 0.070312 0.062500
0 0.963672 0.361806 0.072656 0.068056
0 0.966016 0.579861 0.067969 0.065278
0 0.964844 0.629861 0.070312 0.062500
0 0.964453 0.693056 0.069531 0.066667
0 0.964844 0.747222 0.070312 0.080556
0 0.651953 0.270833 0.041406 0.100000
0 0.648047 0.140278 0.038281 0.069444
0 0.649609 0.178472 0.038281 0.090278
0 0.650391 0.220139 0.039844 0.084722
0 0.649219 0.397222 0.032813 0.055556
0 0.962500 0.309028 0.075000 0.070833
0 0.651563 0.315278 0.039062 0.080556
0 0.650391 0.356250 0.036719 0.065278
0 0.648828 0.537500 0.032031 0.052778
0 0.648828 0.491667 0.032031 0.058333
0 0.648828 0.441667 0.032031 0.055556
0 0.650391 0.094444 0.038281 0.086111
0 0.533984 0.762500 0.186719 0.075000
