0 0.587891 0.713889 0.263281 0.227778
0 0.321094 0.874306 0.439063 0.234722
0 0.738672 0.590972 0.077344 0.109722
0 0.783203 0.558333 0.080469 0.105556
0 0.653516 0.075000 0.128906 0.144444
0 0.741016 0.143056 0.058594 0.119444
0 0.789062 0.193056 0.031250 0.097222
0 0.811719 0.234722 0.026562 0.055556
0 0.832422 0.255556 0.022656 0.052778
0 0.846484 0.274306 0.014844 0.043056
0 0.857422 0.295833 0.014844 0.038889
0 0.837109 0.511111 0.021094 0.041667
0 0.827734 0.064583 0.014844 0.048611
0 0.854688 0.144444 0.020313 0.055556
