0 0.989062 0.206250 0.021875 0.076389
0 0.942578 0.275694 0.039844 0.048611
0 0.908984 0.293056 0.021094 0.052778
0 0.891016 0.313194 0.013281 0.031944
0 0.876563 0.327778 0.009375 0.033333
0 0.864453 0.338194 0.010156 0.026389
0 0.945703 0.163194 0.052344 0.073611
0 0.913672 0.033333 0.030469 0.063889
0 0.895312 0.084722 0.023438 0.058333
0 0.882031 0.117361 0.018750 0.045833
0 0.871094 0.147917 0.018750 0.043056
0 0.857422 0.173611 0.017969 0.036111
0 0.652734 0.321528 0.022656 0.031944
0 0.630859 0.298611 0.024219 0.047222
0 0.604297 0.288194 0.047656 0.045833
0 0.538281 0.228472 0.070312 0.068056
0 0.399609 0.121528 0.138281 0.134722
0 0.606250 0.061111 0.025000 0.052778
0 0.575391 0.027778 0.047656 0.041667
0 0.622656 0.111806 0.025000 0.062500
0 0.638672 0.147222 0.021094 0.055556
0 0.655859 0.173611 0.021094 0.050000
