0 0.679688 0.603472 0.054688 0.023611
0 0.790234 0.613889 0.075781 0.052778
0 0.853906 0.630556 0.087500 0.050000
0 0.745703 0.587500 0.057031 0.022222
0 0.567187 0.389583 0.032813 0.018056
0 0.596094 0.385417 0.029687 0.018056
0 0.624219 0.388194 0.029687 0.015278
0 0.648828 0.387500 0.025781 0.016667
0 0.678906 0.385417 0.028125 0.018056
0 0.707812 0.388194 0.026562 0.015278
0 0.729688 0.385417 0.026562 0.018056
0 0.766406 0.390972 0.029687 0.015278
0 0.787891 0.388194 0.019531 0.015278
0 0.812500 0.387500 0.028125 0.022222
0 0.842578 0.394444 0.024219 0.019444
0 0.862500 0.391667 0.023438 0.016667
0 0.891016 0.390278 0.028906 0.011111
0 0.886719 0.446528 0.025000 0.015278
0 0.927734 0.445139 0.024219 0.018056
0 0.945703 0.447917 0.013281 0.012500
0 0.937891 0.313194 0.028906 0.045833
0 0.882422 0.302083 0.025781 0.037500
0 0.807031 0.296528 0.025000 0.031944
0 0.782422 0.297917 0.025781 0.029167
0 0.755859 0.298611 0.025781 0.044444
0 0.730078 0.297917 0.024219 0.037500
0 0.706250 0.300000 0.026562 0.044444
0 0.679297 0.298611 0.027344 0.052778
0 0.653516 0.296528 0.027344 0.045833
0 0.623437 0.297917 0.029687 0.043056
0 0.597266 0.298611 0.027344 0.041667
0 0.402734 0.631250 0.066406 0.048611
0 0.356641 0.610417 0.057031 0.048611
0 0.493750 0.654167 0.151562 0.072222
0 0.578516 0.637500 0.047656 0.041667
0 0.615625 0.602778 0.053125 0.044444
0 0.212500 0.264583 0.146875 0.090278
0 0.207031 0.393056 0.057813 0.027778
0 0.203125 0.500000 0.060937 0.038889
0 0.201172 0.606250 0.053906 0.040278
0 0.251953 0.593750 0.072656 0.034722
0 0.255078 0.504861 0.057031 0.034722
0 0.255469 0.411111 0.059375 0.036111
0 0.310547 0.429167 0.050781 0.033333
0 0.306641 0.509722 0.050781 0.022222
0 0.355078 0.514583 0.050781 0.029167
0 0.328906 0.335417 0.110937 0.084722
0 0.409766 0.351389 0.032031 0.016667
0 0.414062 0.375000 0.062500 0.041667
0 0.319922 0.197917 0.091406 0.065278
0 0.292187 0.173611 0.095312 0.050000
0 0.249219 0.143056 0.101562 0.063889
0 0.216406 0.102778 0.096875 0.086111
0 0.180469 0.080556 0.100000 0.075000
0 0.205078 0.038194 0.036719 0.040278
0 0.205078 0.017361 0.035156 0.031944
0 0.243359 0.056944 0.032031 0.047222
0 0.282422 0.077083 0.039844 0.037500
0 0.283594 0.094444 0.029687 0.038889
0 0.276562 0.115278 0.028125 0.038889
0 0.316016 0.148611 0.033594 0.044444
0 0.318750 0.127778 0.026562 0.044444
0 0.361719 0.221528 0.059375 0.045833
0 0.375391 0.258333 0.075781 0.061111
0 0.414062 0.273611 0.034375 0.033333
0 0.421094 0.295833 0.048438 0.038889
