0 0.166016 0.843125 0.146094 0.158750
0 0.051562 0.915000 0.100000 0.150000
0 0.298438 0.677500 0.106250 0.075000
0 0.367969 0.661875 0.084375 0.066250
0 0.480859 0.600000 0.025781 0.032500
0 0.510938 0.605625 0.026562 0.026250
0 0.452344 0.601875 0.040625 0.026250
0 0.716406 0.765000 0.150000 0.090000
0 0.689453 0.641875 0.116406 0.116250
0 0.080469 0.376875 0.156250 0.053750
0 0.081641 0.405625 0.157031 0.046250
0 0.080469 0.437500 0.159375 0.047500
0 0.080859 0.461875 0.152344 0.041250
0 0.182422 0.451250 0.044531 0.030000
0 0.177734 0.478125 0.044531 0.033750
0 0.182422 0.431875 0.041406 0.026250
0 0.181250 0.402500 0.046875 0.032500
0 0.178125 0.378125 0.039062 0.036250
0 0.181641 0.357500 0.039844 0.035000
0 0.184375 0.329375 0.042188 0.041250
0 0.184766 0.301875 0.039844 0.043750
0 0.187891 0.281875 0.046094 0.033750
0 0.192969 0.260000 0.040625 0.050000
0 0.189062 0.230000 0.035937 0.040000
0 0.189453 0.203125 0.033594 0.048750
0 0.196484 0.187500 0.032031 0.042500
0 0.201953 0.165000 0.042969 0.050000
0 0.200781 0.140625 0.040625 0.051250
0 0.201172 0.114375 0.046094 0.046250
0 0.196875 0.086875 0.043750 0.048750
0 0.210547 0.070625 0.035156 0.036250
0 0.233594 0.093750 0.029687 0.032500
0 0.222656 0.298750 0.029687 0.042500
0 0.216797 0.325625 0.025781 0.043750
0 0.216406 0.350625 0.032813 0.038750
0 0.210156 0.370625 0.034375 0.036250
0 0.214453 0.393750 0.044531 0.030000
0 0.213672 0.416250 0.035156 0.030000
0 0.221875 0.445000 0.042188 0.035000
0 0.078906 0.350000 0.156250 0.052500
0 0.080859 0.318125 0.153906 0.058750
0 0.082812 0.291250 0.156250 0.060000
0 0.080469 0.263750 0.159375 0.060000
0 0.082031 0.240625 0.162500 0.073750
0 0.082812 0.210625 0.156250 0.078750
0 0.085938 0.180000 0.162500 0.075000
0 0.084766 0.151875 0.161719 0.066250
0 0.086719 0.125625 0.167187 0.083750
0 0.089844 0.100000 0.165625 0.085000
0 0.090234 0.077500 0.174219 0.092500
0 0.090625 0.043750 0.170313 0.077500
0 0.142969 0.029375 0.053125 0.053750
0 0.210547 0.020625 0.033594 0.023750
0 0.675000 0.272500 0.051562 0.052500
0 0.958594 0.150000 0.081250 0.065000
0 0.973437 0.553125 0.046875 0.051250
0 0.977344 0.661875 0.043750 0.061250
0 0.816797 0.917500 0.085156 0.155000
