0 0.292187 0.893056 0.368750 0.205556
0 0.562891 0.772917 0.200781 0.243056
0 0.665625 0.661806 0.212500 0.176389
0 0.800781 0.552778 0.021875 0.072222
0 0.810937 0.538194 0.046875 0.079167
0 0.841406 0.496528 0.053125 0.056944
0 0.760156 0.037500 0.120313 0.072222
0 0.784766 0.117361 0.107031 0.087500
0 0.793359 0.161111 0.125781 0.041667
0 0.816016 0.191667 0.096094 0.044444
0 0.983594 0.160417 0.029687 0.065278
0 0.979297 0.202778 0.032031 0.058333
0 0.973828 0.250694 0.030469 0.037500
0 0.842187 0.245139 0.075000 0.054167
0 0.970313 0.459722 0.014063 0.030556
0 0.988672 0.488194 0.021094 0.037500
