0 0.720313 0.765625 0.340625 0.252083
0 0.910547 0.796875 0.177344 0.197917
0 0.421094 0.854167 0.345313 0.214583
0 0.153516 0.438542 0.116406 0.052083
0 0.051953 0.423438 0.097656 0.059375
0 0.250000 0.366146 0.065625 0.026042
0 0.326562 0.361458 0.070312 0.025000
0 0.418750 0.410938 0.084375 0.032292
0 0.781641 0.016146 0.038281 0.026042
0 0.744922 0.027604 0.044531 0.046875
0 0.710547 0.046875 0.035156 0.052083
0 0.681641 0.063021 0.032031 0.040625
0 0.658594 0.079687 0.025000 0.034375
0 0.632422 0.088542 0.028906 0.025000
0 0.631641 0.024479 0.030469 0.034375
0 0.601562 0.109375 0.021875 0.020833
0 0.286328 0.340625 0.028906 0.016667
0 0.367188 0.352604 0.028125 0.011458
