0 0.900781 0.187500 0.096354 0.065741
0 0.902865 0.216204 0.094271 0.056481
0 0.907031 0.239352 0.099479 0.054630
0 0.902344 0.264815 0.096354 0.068519
0 0.875781 0.286574 0.032813 0.045370
0 0.875781 0.309259 0.030729 0.044444
0 0.875000 0.343056 0.031250 0.041667
0 0.872917 0.365278 0.025000 0.037963
0 0.874479 0.386574 0.025000 0.034259
0 0.871875 0.403241 0.026042 0.032407
0 0.874740 0.425926 0.028646 0.033333
0 0.877344 0.446759 0.027604 0.026852
0 0.877083 0.462500 0.023958 0.025000
0 0.876563 0.486111 0.022917 0.024074
0 0.876042 0.500926 0.021875 0.016667
0 0.877865 0.521296 0.025521 0.018519
0 0.877083 0.541667 0.027083 0.027778
0 0.877344 0.557870 0.026562 0.021296
0 0.878125 0.579630 0.021875 0.031481
0 0.879687 0.602778 0.025000 0.024074
0 0.881250 0.620370 0.026042 0.025926
0 0.884896 0.647685 0.027083 0.037963
0 0.607292 0.713426 0.169792 0.091667
0 0.605208 0.777778 0.167708 0.044444
0 0.611198 0.822222 0.159896 0.057407
0 0.609115 0.865741 0.164062 0.050000
0 0.814844 0.745833 0.256771 0.099074
0 0.821094 0.815741 0.248438 0.064815
0 0.815625 0.866667 0.253125 0.057407
0 0.066667 0.213426 0.133333 0.076852
0 0.068490 0.256944 0.129688 0.071296
0 0.065104 0.285185 0.128125 0.066667
0 0.074219 0.325000 0.123438 0.061111
0 0.054688 0.481019 0.109375 0.049074
0 0.054427 0.521296 0.101562 0.040741
0 0.058333 0.562037 0.111458 0.048148
0 0.061719 0.613889 0.114062 0.038889
0 0.066146 0.647222 0.122917 0.020370
0 0.052083 0.698148 0.085417 0.048148
0 0.065625 0.734259 0.119792 0.044444
0 0.045052 0.775000 0.090104 0.051852
0 0.044010 0.816667 0.080729 0.038889
0 0.042448 0.856944 0.077604 0.037963
0 0.360417 0.057870 0.289583 0.099074
0 0.365104 0.112500 0.298958 0.054630
0 0.367969 0.167130 0.293229 0.095370
0 0.370312 0.229167 0.290625 0.069444
0 0.370833 0.287963 0.291667 0.101852
0 0.371354 0.348611 0.290625 0.097222
0 0.376042 0.416667 0.284375 0.090741
0 0.374740 0.465278 0.283854 0.075000
0 0.376042 0.521759 0.284375 0.095370
0 0.376042 0.574537 0.290625 0.062037
0 0.383854 0.635185 0.277083 0.090741
0 0.378385 0.693981 0.283854 0.078704
0 0.377083 0.762963 0.292708 0.107407
0 0.377083 0.827778 0.286458 0.062963
0 0.389323 0.878241 0.282813 0.095370
0 0.391927 0.938426 0.295312 0.060185
0 0.388542 0.970833 0.297917 0.052778
0 0.941667 0.324074 0.108333 0.055556
0 0.936198 0.300463 0.100521 0.049074
0 0.939844 0.272685 0.104688 0.052778
0 0.941927 0.348148 0.107813 0.046296
0 0.941406 0.377778 0.101562 0.040741
0 0.941927 0.398148 0.114062 0.050000
0 0.942448 0.419444 0.109896 0.035185
0 0.944010 0.447222 0.109896 0.038889
0 0.943750 0.465741 0.109375 0.031481
0 0.944271 0.493519 0.108333 0.042593
0 0.944531 0.522685 0.107813 0.032407
0 0.941927 0.544444 0.107813 0.033333
0 0.948698 0.570370 0.100521 0.029630
0 0.946875 0.596296 0.097917 0.037037
0 0.947656 0.620833 0.099479 0.032407
0 0.945833 0.643056 0.095833 0.045370
0 0.948177 0.672685 0.100521 0.025000
0 0.869792 0.044907 0.078125 0.067593
