0 0.122656 0.437500 0.238021 0.062037
0 0.326302 0.439352 0.164062 0.056481
0 0.460156 0.446296 0.096354 0.040741
0 0.550521 0.450463 0.080208 0.039815
0 0.467187 0.770833 0.101042 0.073148
0 0.337500 0.834259 0.146875 0.107407
0 0.141146 0.924074 0.240625 0.142593
0 0.466146 0.120833 0.105208 0.091667
0 0.354687 0.052315 0.127083 0.100926
0 0.553125 0.171296 0.071875 0.077778
0 0.629948 0.220370 0.075521 0.061111
0 0.723958 0.069444 0.193750 0.094444
0 0.769010 0.254630 0.165104 0.072222
0 0.863802 0.267130 0.025521 0.052778
0 0.881771 0.295833 0.016667 0.043519
0 0.895573 0.307870 0.015104 0.032407
0 0.915365 0.331019 0.032813 0.028704
0 0.862240 0.434722 0.123438 0.030556
0 0.896354 0.459259 0.055208 0.018519
0 0.902865 0.482407 0.035937 0.027778
0 0.901302 0.508333 0.044271 0.025926
0 0.903125 0.528241 0.039583 0.025000
0 0.900781 0.548611 0.041146 0.025000
0 0.901563 0.573148 0.042708 0.024074
0 0.900781 0.594907 0.041146 0.019444
0 0.899479 0.615278 0.038542 0.023148
0 0.940365 0.588889 0.019271 0.022222
0 0.964844 0.567593 0.015104 0.018519
0 0.992969 0.578241 0.014063 0.013889
0 0.969010 0.534722 0.027604 0.008333
0 0.965365 0.501389 0.036979 0.015741
0 0.966667 0.465741 0.025000 0.014815
0 0.966927 0.433796 0.027604 0.012037
0 0.941667 0.549074 0.017708 0.016667
0 0.932031 0.480556 0.014063 0.020370
0 0.891927 0.039815 0.047396 0.027778
0 0.897135 0.091667 0.044271 0.020370
0 0.917188 0.109259 0.038542 0.029630
0 0.924479 0.603704 0.013542 0.022222
0 0.929167 0.541667 0.014583 0.022222
0 0.945573 0.463426 0.010937 0.017593
0 0.941927 0.356019 0.013021 0.023148
0 0.951562 0.361111 0.011458 0.020370
