0 0.611719 0.696875 0.095312 0.041250
0 0.744922 0.658750 0.063281 0.020000
0 0.845703 0.703125 0.097656 0.041250
0 0.899219 0.741250 0.050000 0.050000
0 0.793359 0.651250 0.041406 0.022500
0 0.528125 0.675625 0.089063 0.031250
0 0.413281 0.624375 0.029687 0.023750
0 0.437500 0.615000 0.018750 0.020000
0 0.472656 0.610000 0.042188 0.022500
0 0.417969 0.551875 0.054688 0.018750
0 0.414062 0.483750 0.071875 0.027500
0 0.039453 0.685000 0.077344 0.045000
0 0.045312 0.539375 0.090625 0.036250
0 0.047656 0.386875 0.095312 0.056250
0 0.041016 0.154375 0.082031 0.081250
0 0.168750 0.239375 0.118750 0.068750
0 0.159766 0.096250 0.150781 0.077500
0 0.257422 0.178125 0.064844 0.061250
0 0.328125 0.235625 0.064062 0.048750
0 0.325000 0.181875 0.073438 0.048750
0 0.264844 0.120000 0.068750 0.055000
0 0.310937 0.029375 0.045312 0.048750
0 0.369141 0.248125 0.055469 0.038750
0 0.343359 0.348125 0.099219 0.038750
0 0.415234 0.378125 0.042969 0.031250
0 0.416797 0.291875 0.047656 0.028750
0 0.452734 0.313125 0.027344 0.028750
0 0.448437 0.395625 0.031250 0.021250
0 0.476562 0.337500 0.039062 0.020000
0 0.476562 0.407500 0.034375 0.030000
0 0.167578 0.615000 0.077344 0.027500
0 0.350781 0.077500 0.039062 0.055000
0 0.383594 0.123125 0.034375 0.051250
0 0.412109 0.160000 0.028906 0.040000
0 0.434375 0.186250 0.025000 0.035000
0 0.451953 0.210000 0.024219 0.032500
0 0.471875 0.232500 0.023438 0.035000
0 0.487500 0.250625 0.018750 0.026250
0 0.454297 0.161250 0.021094 0.027500
0 0.455469 0.111875 0.021875 0.033750
0 0.411719 0.102500 0.021875 0.032500
0 0.385937 0.026250 0.034375 0.050000
0 0.434766 0.098125 0.024219 0.036250
0 0.473438 0.154375 0.020313 0.031250
0 0.487891 0.177500 0.021094 0.027500
0 0.457031 0.061250 0.023438 0.030000
0 0.969922 0.151875 0.038281 0.028750
0 0.965625 0.195000 0.037500 0.030000
0 0.961328 0.235625 0.030469 0.023750
0 0.955078 0.283750 0.016406 0.022500
