0 0.389453 0.097222 0.102344 0.072222
0 0.390625 0.139583 0.089063 0.056944
0 0.680078 0.132639 0.161719 0.131944
0 0.256641 0.793056 0.472656 0.397222
0 0.513281 0.742361 0.335938 0.279167
0 0.046484 0.274306 0.089844 0.073611
0 0.167187 0.263194 0.156250 0.059722
0 0.775781 0.201389 0.054688 0.108333
0 0.777734 0.584722 0.047656 0.083333
0 0.807813 0.553472 0.071875 0.073611
0 0.817187 0.245139 0.034375 0.073611
0 0.834766 0.276389 0.014844 0.041667
0 0.844141 0.293056 0.013281 0.041667
0 0.854297 0.309028 0.013281 0.043056
0 0.782031 0.043750 0.112500 0.084722
0 0.813672 0.102083 0.071094 0.073611
0 0.830859 0.152778 0.078906 0.072222
0 0.994531 0.252778 0.009375 0.047222
0 0.987500 0.281250 0.014063 0.040278
0 0.974609 0.302083 0.017969 0.029167
0 0.994531 0.487500 0.009375 0.036111
0 0.096094 0.125694 0.171875 0.093056
0 0.253906 0.138889 0.201563 0.108333
0 0.591797 0.013194 0.019531 0.015278
