0 0.101953 0.809375 0.200781 0.091250
0 0.193750 0.110625 0.071875 0.068750
0 0.268750 0.068750 0.084375 0.072500
0 0.369922 0.030000 0.121094 0.060000
0 0.839844 0.385000 0.053125 0.025000
0 0.839453 0.408750 0.052344 0.025000
0 0.839844 0.431875 0.053125 0.023750
0 0.839844 0.456875 0.051562 0.026250
0 0.838281 0.481875 0.053125 0.023750
0 0.837891 0.504375 0.055469 0.021250
0 0.836328 0.523750 0.055469 0.022500
0 0.838281 0.546875 0.050000 0.021250
0 0.839063 0.569375 0.048438 0.023750
0 0.839063 0.594375 0.050000 0.028750
0 0.839844 0.619375 0.043750 0.021250
0 0.840625 0.638125 0.039062 0.023750
0 0.848437 0.662500 0.025000 0.025000
0 0.772656 0.425000 0.076563 0.025000
0 0.772656 0.449375 0.075000 0.026250
0 0.774609 0.473125 0.069531 0.023750
0 0.776563 0.499375 0.064062 0.026250
0 0.778125 0.524375 0.059375 0.026250
