0 0.764453 0.140972 0.052344 0.115278
0 0.717578 0.193750 0.208594 0.079167
0 0.744922 0.240278 0.194531 0.083333
0 0.764062 0.550000 0.176563 0.080556
0 0.409375 0.622917 0.257812 0.123611
0 0.272266 0.386806 0.046094 0.040278
0 0.220312 0.395139 0.048438 0.040278
0 0.172266 0.400000 0.052344 0.030556
0 0.119531 0.406944 0.067187 0.052778
0 0.025781 0.413194 0.046875 0.045833
0 0.049609 0.325694 0.035156 0.029167
0 0.019531 0.329167 0.035937 0.030556
0 0.082812 0.319444 0.029687 0.019444
0 0.115625 0.322222 0.034375 0.022222
0 0.150000 0.321528 0.040625 0.020833
0 0.186328 0.317361 0.035156 0.023611
0 0.283594 0.313194 0.028125 0.023611
0 0.243359 0.317361 0.049219 0.029167
0 0.257812 0.513889 0.070312 0.044444
0 0.191016 0.522222 0.071094 0.050000
0 0.669531 0.061111 0.118750 0.105556
