0 0.958203 0.213194 0.078906 0.056944
0 0.959375 0.240972 0.076563 0.048611
0 0.957031 0.263194 0.057813 0.037500
0 0.955078 0.290278 0.052344 0.047222
0 0.957422 0.321528 0.055469 0.037500
0 0.957812 0.340278 0.054688 0.036111
0 0.955469 0.368056 0.062500 0.047222
0 0.958984 0.395139 0.058594 0.026389
0 0.960156 0.415278 0.051562 0.044444
0 0.960156 0.445833 0.056250 0.036111
0 0.960156 0.478472 0.056250 0.040278
0 0.961328 0.502083 0.067969 0.023611
0 0.961719 0.527778 0.051562 0.036111
0 0.958203 0.555556 0.052344 0.022222
0 0.959766 0.581944 0.050781 0.022222
0 0.955078 0.606250 0.049219 0.029167
0 0.958594 0.640278 0.046875 0.033333
0 0.990234 0.295833 0.014844 0.033333
0 0.992188 0.326389 0.014063 0.033333
0 0.991797 0.355556 0.010156 0.036111
0 0.993750 0.383333 0.012500 0.030556
0 0.994141 0.413889 0.011719 0.027778
0 0.993750 0.443056 0.010937 0.025000
0 0.994141 0.473611 0.007031 0.030556
0 0.995703 0.515972 0.007031 0.026389
0 0.994531 0.547222 0.009375 0.025000
0 0.994531 0.581944 0.009375 0.036111
0 0.994531 0.616667 0.009375 0.033333
0 0.994531 0.647222 0.009375 0.027778
0 0.896484 0.619444 0.088281 0.036111
0 0.108594 0.099306 0.103125 0.095833
0 0.111328 0.066667 0.088281 0.061111
0 0.108984 0.041667 0.094531 0.075000
0 0.175000 0.287500 0.043750 0.022222
0 0.178516 0.295139 0.027344 0.012500
0 0.199219 0.353472 0.020313 0.018056
0 0.197656 0.361111 0.017188 0.011111
0 0.200391 0.379861 0.017969 0.015278
0 0.201953 0.397222 0.025781 0.022222
0 0.056250 0.209722 0.060937 0.025000
0 0.058594 0.224306 0.048438 0.023611
0 0.056250 0.254167 0.043750 0.038889
0 0.050000 0.288194 0.056250 0.026389
0 0.056250 0.320139 0.037500 0.031944
0 0.501172 0.231250 0.060156 0.023611
0 0.494922 0.241667 0.064844 0.013889
0 0.492578 0.257639 0.058594 0.018056
0 0.493750 0.278472 0.064062 0.018056
0 0.495703 0.297917 0.066406 0.020833
0 0.493359 0.311806 0.060156 0.015278
0 0.494922 0.330556 0.063281 0.019444
0 0.491797 0.351389 0.064844 0.019444
0 0.492969 0.370833 0.060937 0.025000
0 0.492188 0.388889 0.062500 0.019444
0 0.493359 0.404861 0.067969 0.026389
0 0.494141 0.427778 0.066406 0.013889
0 0.494922 0.446528 0.067969 0.023611
0 0.491797 0.463889 0.061719 0.016667
0 0.493750 0.481944 0.064062 0.022222
0 0.493359 0.502083 0.071094 0.018056
0 0.491797 0.521528 0.067969 0.018056
0 0.490625 0.541667 0.068750 0.016667
0 0.491016 0.561111 0.066406 0.019444
0 0.491797 0.577083 0.064844 0.023611
0 0.492969 0.595139 0.067187 0.018056
0 0.490234 0.615278 0.069531 0.019444
0 0.580469 0.556250 0.068750 0.026389
0 0.583594 0.586806 0.075000 0.029167
0 0.579297 0.610417 0.078906 0.029167
0 0.583594 0.636111 0.081250 0.019444
0 0.669922 0.622222 0.086719 0.044444
0 0.550000 0.270139 0.029687 0.015278
0 0.549219 0.281944 0.031250 0.008333
0 0.548438 0.290278 0.029687 0.008333
0 0.548438 0.300000 0.029687 0.011111
0 0.549219 0.310417 0.031250 0.009722
0 0.547656 0.320833 0.034375 0.011111
0 0.548047 0.332639 0.033594 0.012500
0 0.545703 0.343750 0.038281 0.009722
0 0.546875 0.354861 0.039062 0.012500
0 0.539062 0.371528 0.023438 0.015278
0 0.538672 0.385417 0.025781 0.012500
0 0.536719 0.399306 0.021875 0.015278
0 0.537500 0.413194 0.020313 0.012500
0 0.535937 0.427778 0.017188 0.016667
0 0.535937 0.443056 0.017188 0.011111
0 0.534375 0.454861 0.014063 0.012500
0 0.534375 0.469444 0.014063 0.016667
0 0.536328 0.485417 0.017969 0.015278
0 0.535937 0.499306 0.018750 0.012500
0 0.535547 0.512500 0.016406 0.011111
0 0.534375 0.525694 0.014063 0.012500
0 0.533203 0.539583 0.013281 0.012500
0 0.514062 0.185417 0.039062 0.020833
0 0.513281 0.202778 0.042188 0.016667
0 0.879297 0.181944 0.027344 0.036111
0 0.843750 0.227778 0.020313 0.025000
0 0.816797 0.267361 0.019531 0.018056
0 0.787891 0.297917 0.019531 0.023611
0 0.772266 0.311111 0.011719 0.025000
0 0.757812 0.331944 0.017188 0.013889
0 0.580859 0.272222 0.032031 0.013889
0 0.580859 0.281944 0.033594 0.008333
0 0.580859 0.290972 0.032031 0.009722
0 0.580859 0.300000 0.030469 0.008333
0 0.582031 0.310417 0.029687 0.009722
0 0.580469 0.320139 0.031250 0.009722
0 0.580469 0.330556 0.032813 0.008333
0 0.579688 0.340972 0.031250 0.012500
0 0.580078 0.351389 0.027344 0.008333
0 0.581250 0.361806 0.028125 0.012500
0 0.616406 0.277083 0.037500 0.023611
0 0.616016 0.286111 0.033594 0.011111
0 0.615625 0.295139 0.035937 0.012500
0 0.614453 0.302778 0.032031 0.008333
0 0.614453 0.313889 0.032031 0.013889
0 0.615234 0.325000 0.030469 0.008333
0 0.616406 0.332639 0.034375 0.012500
0 0.615625 0.343056 0.032813 0.008333
0 0.616406 0.352778 0.031250 0.011111
0 0.616797 0.362500 0.030469 0.008333
0 0.615234 0.372222 0.027344 0.011111
0 0.616797 0.381944 0.022656 0.008333
0 0.615625 0.390972 0.020313 0.009722
0 0.617969 0.405556 0.023438 0.011111
0 0.617578 0.412500 0.022656 0.005556
0 0.617578 0.423611 0.025781 0.013889
0 0.618750 0.436111 0.021875 0.008333
0 0.618750 0.447222 0.021875 0.013889
0 0.617188 0.462500 0.026562 0.013889
0 0.616406 0.475000 0.026562 0.011111
0 0.616406 0.491667 0.029687 0.022222
0 0.628125 0.512500 0.037500 0.019444
0 0.630859 0.529167 0.024219 0.013889
0 0.620703 0.538889 0.035156 0.013889
0 0.628125 0.553472 0.020313 0.015278
0 0.628516 0.568056 0.019531 0.011111
0 0.630078 0.581944 0.016406 0.016667
0 0.647656 0.556944 0.018750 0.008333
0 0.646875 0.565278 0.017188 0.008333
0 0.646875 0.575000 0.012500 0.008333
0 0.578906 0.371528 0.028125 0.012500
0 0.238281 0.562500 0.039062 0.013889
