0 0.421875 0.130556 0.457813 0.238889
0 0.124609 0.121528 0.242969 0.220833
0 0.574219 0.197222 0.365625 0.194444
0 0.777734 0.245833 0.050781 0.097222
0 0.808203 0.272222 0.030469 0.088889
0 0.828516 0.294444 0.019531 0.052778
0 0.783984 0.564583 0.038281 0.081944
0 0.803516 0.538889 0.047656 0.063889
0 0.829688 0.518056 0.039062 0.047222
0 0.845703 0.502083 0.033594 0.037500
0 0.872266 0.477083 0.022656 0.031944
0 0.882812 0.463889 0.023438 0.036111
0 0.741406 0.608333 0.056250 0.094444
0 0.614844 0.675000 0.228125 0.216667
0 0.493359 0.775000 0.263281 0.263889
0 0.180078 0.710417 0.350781 0.540278
0 0.795312 0.090972 0.073438 0.068056
0 0.862500 0.334722 0.029687 0.030556
0 0.878125 0.352778 0.015625 0.033333
0 0.975781 0.063889 0.025000 0.097222
