0 0.860156 0.683333 0.114062 0.072222
0 0.601562 0.624306 0.051562 0.034722
0 0.633203 0.609028 0.019531 0.023611
0 0.655078 0.606944 0.024219 0.022222
0 0.946875 0.611806 0.056250 0.040278
0 0.906641 0.614583 0.025781 0.051389
0 0.103516 0.384028 0.019531 0.009722
0 0.193359 0.311111 0.021094 0.013889
0 0.064453 0.284028 0.019531 0.012500
0 0.041406 0.279167 0.020313 0.011111
0 0.023438 0.275694 0.017188 0.009722
0 0.124219 0.438194 0.021875 0.009722
0 0.044922 0.600000 0.025781 0.027778
0 0.310937 0.409722 0.015625 0.008333
0 0.327734 0.413889 0.016406 0.008333
0 0.856641 0.233333 0.024219 0.011111
0 0.805469 0.239583 0.023438 0.012500
0 0.671875 0.305556 0.028125 0.013889
0 0.617969 0.315278 0.021875 0.011111
0 0.549609 0.330556 0.021094 0.011111
0 0.058594 0.376389 0.020313 0.008333
0 0.038672 0.373611 0.021094 0.008333
0 0.083984 0.381250 0.021094 0.009722
0 0.017578 0.370833 0.021094 0.011111
0 0.248828 0.346528 0.027344 0.009722
0 0.247266 0.354167 0.030469 0.008333
0 0.246875 0.359722 0.031250 0.008333
0 0.250781 0.365972 0.021875 0.009722
0 0.230078 0.368056 0.028906 0.011111
