0 0.874219 0.497222 0.017188 0.022222
0 0.850000 0.506944 0.009375 0.019444
0 0.837891 0.513194 0.010156 0.020833
0 0.827734 0.518750 0.011719 0.015278
0 0.817578 0.522917 0.008594 0.018056
0 0.817187 0.593750 0.007812 0.012500
0 0.828125 0.597917 0.010937 0.015278
0 0.837500 0.604861 0.009375 0.018056
0 0.848828 0.609722 0.013281 0.019444
0 0.874609 0.623611 0.019531 0.027778
0 0.628516 0.479167 0.022656 0.016667
0 0.629687 0.493056 0.017188 0.013889
0 0.626563 0.504167 0.025000 0.019444
0 0.627734 0.519444 0.019531 0.016667
0 0.630469 0.534722 0.025000 0.016667
0 0.630859 0.548611 0.024219 0.013889
0 0.631250 0.563889 0.025000 0.019444
0 0.631641 0.578472 0.024219 0.020833
0 0.629687 0.596528 0.021875 0.018056
0 0.691797 0.587500 0.032031 0.011111
0 0.729688 0.586806 0.032813 0.015278
0 0.767188 0.583333 0.028125 0.008333
0 0.768359 0.513889 0.030469 0.011111
0 0.728906 0.513889 0.028125 0.011111
0 0.646484 0.556250 0.008594 0.012500
0 0.646484 0.513889 0.010156 0.011111
0 0.644531 0.596528 0.007812 0.015278
0 0.585156 0.337500 0.018750 0.038889
0 0.601562 0.361111 0.012500 0.027778
0 0.610547 0.379861 0.010156 0.031944
0 0.619531 0.390972 0.010937 0.023611
0 0.633984 0.413194 0.014844 0.026389
0 0.890234 0.329861 0.032031 0.062500
0 0.870313 0.359028 0.015625 0.040278
0 0.859375 0.381944 0.014063 0.025000
0 0.848437 0.393056 0.010937 0.027778
0 0.834766 0.410417 0.016406 0.026389
0 0.833203 0.372222 0.016406 0.025000
0 0.828906 0.329167 0.017188 0.030556
0 0.823438 0.428472 0.012500 0.034722
0 0.975391 0.169444 0.049219 0.097222
0 0.967969 0.076389 0.053125 0.102778
0 0.911328 0.100694 0.050781 0.087500
0 0.919531 0.180556 0.048438 0.097222
0 0.922656 0.256944 0.043750 0.072222
0 0.884766 0.264583 0.030469 0.059722
0 0.880859 0.202778 0.033594 0.058333
0 0.871484 0.156250 0.024219 0.056944
0 0.862109 0.063889 0.019531 0.066667
0 0.850391 0.125694 0.022656 0.056944
0 0.835938 0.175694 0.012500 0.040278
0 0.829688 0.204167 0.009375 0.033333
0 0.525781 0.234722 0.093750 0.047222
0 0.463281 0.136111 0.126562 0.075000
0 0.318750 0.190278 0.059375 0.066667
0 0.372656 0.237500 0.048438 0.050000
0 0.419141 0.271528 0.039844 0.048611
0 0.546094 0.034722 0.056250 0.052778
0 0.582812 0.175000 0.034375 0.055556
0 0.606250 0.206250 0.020313 0.034722
0 0.621484 0.235417 0.013281 0.031944
0 0.635938 0.277083 0.009375 0.023611
0 0.584766 0.031944 0.047656 0.050000
0 0.810156 0.424306 0.010937 0.023611
0 0.810156 0.434028 0.012500 0.012500
0 0.810156 0.449306 0.014063 0.015278
0 0.799219 0.450000 0.010937 0.016667
0 0.795703 0.584028 0.007031 0.012500
0 0.796484 0.528472 0.007031 0.012500
0 0.226172 0.402083 0.069531 0.051389
0 0.306250 0.425000 0.076563 0.050000
0 0.309375 0.679167 0.073438 0.038889
0 0.232031 0.690972 0.075000 0.054167
0 0.125000 0.372222 0.053125 0.050000
