0 0.460938 0.600694 0.178125 0.056944
0 0.464844 0.645833 0.176563 0.050000
0 0.464062 0.686806 0.179688 0.040278
0 0.309766 0.565278 0.144531 0.041667
0 0.308203 0.605556 0.141406 0.038889
0 0.307031 0.640278 0.142187 0.041667
0 0.303906 0.684028 0.137500 0.045833
0 0.142969 0.714583 0.203125 0.051389
0 0.140234 0.661806 0.216406 0.043056
0 0.137109 0.617361 0.202344 0.051389
0 0.139063 0.576389 0.212500 0.069444
0 0.140234 0.527083 0.210156 0.059722
0 0.135156 0.473611 0.200000 0.072222
0 0.142969 0.431944 0.203125 0.077778
0 0.141797 0.372917 0.210156 0.079167
0 0.141797 0.333333 0.196094 0.075000
0 0.146094 0.288194 0.187500 0.065278
0 0.147656 0.256250 0.192188 0.084722
0 0.150000 0.194444 0.198437 0.075000
0 0.155859 0.150694 0.197656 0.059722
0 0.151562 0.104167 0.190625 0.044444
0 0.160547 0.065972 0.183594 0.062500
0 0.174219 0.023611 0.190625 0.038889
0 0.546875 0.157639 0.051562 0.034722
0 0.600391 0.165278 0.055469 0.033333
0 0.647266 0.165278 0.038281 0.030556
0 0.693750 0.182639 0.035937 0.023611
0 0.739844 0.193750 0.046875 0.026389
0 0.748047 0.281944 0.033594 0.027778
0 0.560156 0.267361 0.056250 0.034722
0 0.568359 0.284722 0.071094 0.036111
0 0.564063 0.301389 0.073438 0.030556
0 0.556250 0.312500 0.045312 0.036111
0 0.546875 0.325000 0.045312 0.033333
0 0.576953 0.327083 0.053906 0.040278
0 0.573828 0.340278 0.052344 0.030556
0 0.570312 0.359028 0.042188 0.037500
0 0.562500 0.378472 0.032813 0.026389
0 0.561328 0.397917 0.021094 0.026389
0 0.562500 0.415972 0.023438 0.026389
0 0.561719 0.434028 0.020313 0.029167
0 0.560937 0.452083 0.021875 0.023611
0 0.560156 0.471528 0.014063 0.020833
0 0.555469 0.489583 0.010937 0.015278
0 0.557031 0.505556 0.007812 0.016667
0 0.557031 0.522917 0.009375 0.018056
0 0.555859 0.540972 0.010156 0.018056
0 0.554688 0.556250 0.007812 0.012500
0 0.555859 0.574306 0.005469 0.023611
0 0.665625 0.579861 0.039062 0.020833
0 0.665625 0.601389 0.039062 0.025000
0 0.662891 0.621528 0.044531 0.023611
0 0.665625 0.567361 0.045312 0.018056
0 0.665625 0.547917 0.046875 0.020833
0 0.667188 0.529167 0.042188 0.016667
0 0.664453 0.509028 0.038281 0.023611
0 0.657813 0.489583 0.050000 0.015278
0 0.657031 0.472917 0.048438 0.018056
0 0.654297 0.458333 0.053906 0.019444
0 0.653516 0.436111 0.053906 0.022222
0 0.651172 0.420833 0.058594 0.022222
0 0.652734 0.402778 0.060156 0.019444
0 0.650000 0.386806 0.057813 0.018056
0 0.635938 0.370139 0.029687 0.018056
0 0.634375 0.360417 0.032813 0.023611
0 0.635156 0.339583 0.034375 0.020833
0 0.632422 0.319444 0.036719 0.022222
0 0.611719 0.395139 0.015625 0.020833
0 0.540234 0.345833 0.024219 0.036111
0 0.541406 0.357639 0.018750 0.026389
0 0.540625 0.377083 0.017188 0.026389
0 0.541016 0.390972 0.022656 0.020833
0 0.539062 0.404861 0.020313 0.029167
0 0.539062 0.420139 0.018750 0.023611
0 0.541406 0.434028 0.018750 0.026389
0 0.542188 0.451389 0.025000 0.025000
0 0.542188 0.468056 0.021875 0.027778
0 0.541406 0.479861 0.018750 0.023611
0 0.539844 0.493750 0.015625 0.023611
0 0.538281 0.505556 0.017188 0.016667
0 0.538281 0.526389 0.017188 0.019444
0 0.539062 0.540278 0.015625 0.013889
0 0.538281 0.557639 0.017188 0.018056
