0 0.548047 0.420139 0.374219 0.137500
0 0.657031 0.731944 0.150000 0.191667
0 0.749609 0.624306 0.066406 0.104167
0 0.350000 0.883333 0.417187 0.230556
0 0.131641 0.143750 0.242969 0.259722
0 0.711328 0.048611 0.113281 0.075000
0 0.776953 0.102083 0.060156 0.112500
0 0.814453 0.166667 0.058594 0.094444
0 0.819922 0.243056 0.083594 0.061111
0 0.860938 0.275694 0.032813 0.037500
0 0.977344 0.036111 0.040625 0.036111
0 0.994141 0.234722 0.011719 0.041667
0 0.985938 0.254861 0.017188 0.034722
0 0.975000 0.281250 0.014063 0.029167
0 0.294922 0.297222 0.069531 0.036111
0 0.154688 0.285417 0.121875 0.059722
