0 0.124219 0.689375 0.246875 0.093750
0 0.125781 0.765000 0.250000 0.057500
0 0.130078 0.819375 0.257031 0.081250
0 0.290625 0.189375 0.106250 0.056250
0 0.288281 0.210625 0.096875 0.038750
0 0.289062 0.238125 0.100000 0.053750
0 0.286328 0.253750 0.094531 0.040000
0 0.257812 0.274375 0.029687 0.031250
0 0.255859 0.297500 0.033594 0.027500
0 0.252344 0.320000 0.034375 0.030000
0 0.248438 0.331875 0.028125 0.026250
0 0.247656 0.355000 0.029687 0.025000
0 0.248047 0.374375 0.032031 0.023750
0 0.248828 0.393125 0.035156 0.026250
0 0.244141 0.415000 0.025781 0.017500
0 0.243750 0.434375 0.031250 0.023750
0 0.242188 0.451875 0.026562 0.013750
0 0.243359 0.471250 0.024219 0.025000
0 0.240625 0.492500 0.026562 0.017500
0 0.239844 0.511250 0.026562 0.025000
0 0.237891 0.535625 0.021094 0.023750
0 0.239453 0.550000 0.017969 0.027500
0 0.236719 0.575000 0.021875 0.022500
0 0.237109 0.593750 0.024219 0.030000
0 0.236719 0.619375 0.023438 0.033750
0 0.236719 0.636250 0.018750 0.025000
0 0.303125 0.658750 0.109375 0.035000
0 0.305469 0.636875 0.110937 0.036250
0 0.299219 0.613750 0.107813 0.045000
0 0.305078 0.594375 0.099219 0.033750
0 0.306250 0.569375 0.101562 0.033750
0 0.307422 0.543750 0.107031 0.027500
0 0.307422 0.518125 0.105469 0.033750
0 0.306641 0.496875 0.105469 0.031250
0 0.311719 0.476250 0.096875 0.030000
0 0.311719 0.450000 0.098437 0.032500
0 0.313281 0.424375 0.107813 0.031250
0 0.314063 0.403750 0.104688 0.045000
0 0.315234 0.376250 0.105469 0.030000
0 0.311328 0.352500 0.105469 0.027500
0 0.317188 0.328750 0.100000 0.037500
0 0.310937 0.308750 0.098437 0.037500
0 0.316406 0.281875 0.096875 0.033750
0 0.378906 0.279375 0.057813 0.041250
0 0.389453 0.307500 0.049219 0.027500
0 0.389453 0.334375 0.047656 0.041250
0 0.406641 0.373125 0.083594 0.031250
0 0.407422 0.396875 0.085156 0.023750
0 0.408594 0.421250 0.087500 0.025000
0 0.408984 0.436250 0.091406 0.027500
0 0.408594 0.464375 0.090625 0.026250
0 0.409375 0.483750 0.089063 0.032500
0 0.406250 0.504375 0.082812 0.033750
0 0.403125 0.526875 0.098437 0.028750
0 0.401172 0.550625 0.088281 0.026250
0 0.403125 0.573125 0.090625 0.026250
0 0.401172 0.598125 0.088281 0.026250
0 0.404297 0.621250 0.088281 0.020000
0 0.403516 0.641250 0.091406 0.032500
0 0.405859 0.667500 0.088281 0.025000
0 0.429688 0.086250 0.076563 0.072500
0 0.351172 0.058125 0.088281 0.053750
0 0.276172 0.035625 0.080469 0.056250
0 0.883594 0.655625 0.043750 0.026250
