0 0.889062 0.607639 0.070312 0.031944
0 0.829297 0.609028 0.064844 0.026389
0 0.711719 0.597917 0.053125 0.026389
0 0.633594 0.643056 0.107813 0.041667
0 0.528125 0.629167 0.123438 0.050000
0 0.747656 0.590278 0.035937 0.025000
0 0.084375 0.677778 0.168750 0.055556
0 0.326562 0.763889 0.325000 0.130556
0 0.138281 0.259028 0.060937 0.023611
0 0.198437 0.266667 0.070312 0.025000
0 0.260937 0.277083 0.048438 0.026389
0 0.271875 0.227083 0.073438 0.040278
0 0.145313 0.192361 0.051562 0.029167
0 0.151562 0.129167 0.056250 0.025000
0 0.085938 0.164583 0.065625 0.037500
0 0.032031 0.163889 0.042188 0.025000
0 0.041406 0.109722 0.048438 0.036111
0 0.160156 0.032639 0.060937 0.037500
0 0.212891 0.042361 0.052344 0.031944
0 0.492188 0.150694 0.062500 0.043056
0 0.506250 0.095833 0.040625 0.030556
0 0.490234 0.052778 0.067969 0.038889
0 0.490625 0.016667 0.073438 0.030556
0 0.565625 0.097222 0.068750 0.033333
0 0.583203 0.135417 0.033594 0.029167
0 0.582812 0.179861 0.031250 0.031944
0 0.487500 0.229167 0.082812 0.036111
0 0.487500 0.281250 0.076563 0.034722
0 0.492969 0.329167 0.057813 0.027778
0 0.544531 0.340972 0.043750 0.026389
0 0.590625 0.352083 0.045312 0.026389
0 0.625781 0.364583 0.031250 0.023611
0 0.655859 0.371528 0.035156 0.023611
0 0.687500 0.383333 0.025000 0.019444
0 0.623828 0.318750 0.035156 0.023611
0 0.607031 0.276389 0.062500 0.036111
0 0.454688 0.430556 0.062500 0.027778
0 0.498047 0.428472 0.036719 0.020833
0 0.757422 0.346528 0.038281 0.018056
0 0.767188 0.383333 0.017188 0.022222
0 0.706250 0.248611 0.021875 0.022222
0 0.704688 0.213889 0.026562 0.019444
0 0.728516 0.263889 0.022656 0.022222
0 0.749609 0.277083 0.022656 0.018056
0 0.767969 0.290972 0.015625 0.018056
0 0.764844 0.257639 0.018750 0.018056
0 0.765625 0.228472 0.020313 0.020833
0 0.762500 0.197222 0.020313 0.016667
0 0.824219 0.388889 0.012500 0.016667
0 0.811719 0.371528 0.009375 0.012500
0 0.812109 0.397222 0.014844 0.016667
0 0.811328 0.429167 0.013281 0.013889
0 0.825000 0.434028 0.015625 0.012500
0 0.840625 0.439583 0.018750 0.009722
0 0.839063 0.414583 0.021875 0.012500
0 0.843359 0.345139 0.007031 0.012500
0 0.834375 0.338889 0.010937 0.013889
0 0.821875 0.330556 0.014063 0.011111
0 0.810547 0.321528 0.010156 0.012500
0 0.798438 0.312500 0.014063 0.016667
0 0.781641 0.300694 0.019531 0.020833
0 0.810156 0.292361 0.012500 0.012500
0 0.803516 0.263889 0.021094 0.013889
0 0.842187 0.320833 0.009375 0.011111
0 0.841016 0.296528 0.010156 0.012500
0 0.839453 0.271528 0.011719 0.009722
0 0.838672 0.391667 0.021094 0.011111
0 0.384375 0.111111 0.082812 0.063889
