0 0.186719 0.589063 0.356250 0.261458
0 0.600000 0.720833 0.703125 0.547917
0 0.414844 0.456771 0.462500 0.253125
0 0.132031 0.364583 0.223438 0.127083
0 0.033203 0.291667 0.063281 0.077083
0 0.834766 0.209896 0.085156 0.082292
0 0.785937 0.444271 0.154688 0.117708
0 0.458984 0.030208 0.050781 0.016667
0 0.457422 0.014063 0.052344 0.015625
0 0.507422 0.019271 0.044531 0.011458
0 0.507812 0.031771 0.043750 0.013542
0 0.507422 0.006771 0.035156 0.009375
0 0.462109 0.004687 0.046094 0.007292
0 0.414453 0.006771 0.041406 0.011458
0 0.415625 0.015104 0.043750 0.013542
0 0.414844 0.027604 0.045312 0.011458
