0 0.339453 0.109722 0.442969 0.219444
0 0.082812 0.096528 0.156250 0.193056
0 0.126172 0.896528 0.242969 0.198611
0 0.342969 0.809028 0.492188 0.379167
0 0.578516 0.737500 0.247656 0.225000
0 0.715625 0.627778 0.095312 0.163889
0 0.504297 0.148611 0.372656 0.280556
0 0.600000 0.218750 0.323437 0.256944
0 0.762109 0.233333 0.075781 0.161111
0 0.800391 0.263889 0.039844 0.075000
0 0.823438 0.288194 0.032813 0.068056
0 0.773047 0.565972 0.069531 0.090278
0 0.808984 0.521528 0.057031 0.062500
0 0.833984 0.485417 0.041406 0.048611
0 0.855859 0.476389 0.021094 0.030556
0 0.843750 0.310417 0.023438 0.051389
0 0.749219 0.040278 0.126562 0.072222
0 0.788281 0.098611 0.100000 0.083333
0 0.978516 0.479861 0.030469 0.040278
0 0.874609 0.454167 0.013281 0.025000
0 0.991406 0.232639 0.017188 0.062500
0 0.985938 0.262500 0.014063 0.044444
0 0.978516 0.276389 0.017969 0.050000
0 0.973828 0.045833 0.047656 0.088889
0 0.852734 0.181250 0.019531 0.051389
0 0.014453 0.304861 0.025781 0.051389
0 0.075391 0.300694 0.091406 0.043056
0 0.156250 0.290972 0.098437 0.051389
0 0.247656 0.303472 0.095312 0.048611
