0 0.577344 0.068750 0.290625 0.123611
0 0.617578 0.121528 0.332031 0.131944
0 0.726172 0.181944 0.180469 0.097222
0 0.743359 0.224306 0.185156 0.070833
0 0.122266 0.539583 0.032031 0.034722
0 0.017578 0.413889 0.025781 0.036111
0 0.051953 0.400000 0.055469 0.052778
0 0.104297 0.397917 0.063281 0.037500
0 0.159375 0.397222 0.045312 0.027778
0 0.209766 0.394444 0.049219 0.033333
0 0.146484 0.313194 0.033594 0.026389
0 0.181250 0.311111 0.037500 0.033333
0 0.216406 0.310417 0.031250 0.029167
0 0.246484 0.310417 0.027344 0.029167
0 0.114844 0.318750 0.028125 0.026389
0 0.080469 0.320833 0.040625 0.033333
0 0.044141 0.325000 0.032031 0.033333
0 0.014453 0.327083 0.027344 0.029167
0 0.373047 0.643056 0.263281 0.166667
0 0.744922 0.555556 0.211719 0.077778
0 0.992188 0.494444 0.010937 0.047222
0 0.982031 0.050000 0.032813 0.052778
0 0.980078 0.091667 0.033594 0.047222
0 0.980859 0.140278 0.036719 0.052778
