0 0.713281 0.966204 0.147396 0.063889
0 0.494271 0.109259 0.040625 0.024074
0 0.356771 0.157870 0.058333 0.026852
0 0.355990 0.196759 0.059896 0.028704
0 0.430729 0.209722 0.067708 0.028704
0 0.426563 0.171759 0.072917 0.021296
0 0.484896 0.205093 0.023958 0.019444
0 0.173698 0.148148 0.065104 0.029630
0 0.291406 0.167130 0.058854 0.032407
0 0.403385 0.073611 0.041146 0.023148
0 0.355469 0.059722 0.053646 0.036111
0 0.446875 0.086574 0.043750 0.028704
0 0.290104 0.052778 0.063542 0.031481
0 0.233594 0.038889 0.049479 0.024074
0 0.175521 0.023611 0.065625 0.034259
0 0.914583 0.685648 0.163542 0.067593
0 0.948698 0.817130 0.100521 0.099074
0 0.721615 0.262500 0.117188 0.052778
0 0.434375 0.500000 0.151042 0.040741
0 0.220052 0.534259 0.150521 0.068519
