0 0.946484 0.596354 0.097656 0.109375
0 0.839844 0.552083 0.228125 0.145833
0 0.684766 0.500521 0.197656 0.123958
0 0.537109 0.454688 0.146094 0.113542
0 0.403125 0.404687 0.232813 0.111458
0 0.539844 0.208333 0.120313 0.083333
0 0.686328 0.217188 0.188281 0.126042
0 0.858203 0.241667 0.142969 0.081250
0 0.440234 0.208333 0.130469 0.075000
0 0.336328 0.197917 0.086719 0.075000
0 0.366406 0.048438 0.050000 0.034375
0 0.422656 0.053125 0.062500 0.041667
0 0.478125 0.040104 0.073438 0.048958
0 0.543750 0.052083 0.068750 0.033333
0 0.282813 0.054167 0.048438 0.029167
0 0.233203 0.056771 0.055469 0.040625
0 0.050000 0.323958 0.068750 0.052083
0 0.066406 0.160938 0.067187 0.038542
0 0.970313 0.036979 0.054688 0.042708
0 0.862500 0.042188 0.128125 0.057292
