0 0.639062 0.633333 0.085938 0.033333
0 0.903906 0.463889 0.060937 0.019444
0 0.947656 0.463889 0.026562 0.016667
0 0.948828 0.531944 0.025781 0.013889
0 0.904297 0.532639 0.063281 0.018056
0 0.335547 0.847917 0.100781 0.154167
0 0.148047 0.902778 0.289844 0.191667
0 0.946875 0.595833 0.021875 0.013889
0 0.903125 0.600694 0.060937 0.018056
0 0.596094 0.244444 0.040625 0.013889
0 0.596094 0.233333 0.040625 0.019444
0 0.595703 0.218750 0.038281 0.018056
0 0.595703 0.207639 0.038281 0.018056
0 0.594141 0.195833 0.038281 0.016667
0 0.595703 0.183333 0.039844 0.016667
0 0.594922 0.173611 0.039844 0.016667
0 0.594141 0.161806 0.039844 0.018056
0 0.593750 0.149306 0.039062 0.018056
0 0.593750 0.138194 0.039062 0.018056
0 0.593750 0.125000 0.040625 0.016667
0 0.593750 0.114583 0.039062 0.018056
0 0.594141 0.104167 0.038281 0.016667
0 0.594141 0.092361 0.038281 0.018056
0 0.593750 0.082639 0.037500 0.015278
0 0.594141 0.071528 0.038281 0.020833
0 0.638672 0.241667 0.039844 0.016667
0 0.639062 0.229167 0.040625 0.016667
0 0.638672 0.218056 0.039844 0.013889
0 0.638281 0.206250 0.039062 0.018056
0 0.637891 0.194444 0.038281 0.013889
0 0.639062 0.182639 0.039062 0.015278
0 0.638281 0.169444 0.037500 0.019444
0 0.637500 0.156944 0.039062 0.016667
0 0.637500 0.145139 0.039062 0.018056
0 0.636328 0.136111 0.038281 0.016667
0 0.635547 0.123611 0.038281 0.016667
0 0.635547 0.112500 0.038281 0.019444
0 0.635547 0.101389 0.038281 0.016667
0 0.635938 0.089583 0.039062 0.018056
0 0.635156 0.077778 0.039062 0.016667
0 0.634766 0.068750 0.038281 0.018056
0 0.634375 0.058333 0.037500 0.016667
0 0.633984 0.047917 0.036719 0.015278
0 0.633984 0.039583 0.036719 0.018056
0 0.633203 0.028472 0.035156 0.018056
0 0.593750 0.061111 0.037500 0.019444
0 0.593750 0.050000 0.037500 0.019444
0 0.593359 0.039583 0.036719 0.018056
0 0.593750 0.028472 0.037500 0.015278
0 0.692969 0.176389 0.042188 0.013889
0 0.692187 0.165278 0.042188 0.011111
0 0.691797 0.154861 0.041406 0.012500
0 0.691016 0.143056 0.041406 0.013889
0 0.691016 0.131250 0.041406 0.015278
0 0.689844 0.118056 0.040625 0.013889
0 0.689844 0.107639 0.042188 0.015278
0 0.688281 0.096528 0.037500 0.012500
0 0.687500 0.086806 0.039062 0.015278
0 0.685937 0.075000 0.037500 0.013889
0 0.685937 0.063194 0.039062 0.012500
0 0.684375 0.052778 0.039062 0.011111
0 0.683594 0.042361 0.039062 0.015278
0 0.682813 0.031250 0.037500 0.012500
0 0.682813 0.022917 0.039062 0.015278
0 0.695312 0.227778 0.035937 0.013889
0 0.695703 0.238194 0.036719 0.015278
0 0.695312 0.215972 0.034375 0.012500
0 0.695312 0.202778 0.034375 0.013889
0 0.694531 0.190972 0.032813 0.015278
0 0.744531 0.238194 0.037500 0.015278
0 0.744141 0.225000 0.038281 0.016667
0 0.743359 0.212500 0.038281 0.016667
0 0.742578 0.200000 0.036719 0.013889
0 0.742188 0.188889 0.040625 0.016667
0 0.742188 0.176389 0.039062 0.016667
0 0.741016 0.165278 0.038281 0.013889
0 0.740234 0.152778 0.038281 0.013889
0 0.740234 0.140278 0.038281 0.013889
0 0.738672 0.128472 0.036719 0.015278
0 0.738281 0.117361 0.035937 0.015278
0 0.738281 0.104861 0.035937 0.015278
0 0.736328 0.095139 0.033594 0.012500
0 0.735547 0.084722 0.035156 0.013889
0 0.735547 0.074306 0.036719 0.015278
0 0.734766 0.062500 0.036719 0.011111
0 0.733203 0.052083 0.036719 0.015278
0 0.731641 0.040278 0.035156 0.013889
0 0.730859 0.029167 0.033594 0.011111
0 0.729297 0.019444 0.032031 0.013889
0 0.783594 0.237500 0.039062 0.016667
0 0.782422 0.225000 0.039844 0.016667
0 0.782031 0.212500 0.039062 0.016667
0 0.781641 0.199306 0.038281 0.018056
0 0.780859 0.186806 0.036719 0.012500
0 0.780859 0.173611 0.038281 0.016667
0 0.779297 0.163889 0.035156 0.013889
0 0.778125 0.152083 0.035937 0.015278
0 0.776953 0.140278 0.036719 0.013889
0 0.775781 0.129167 0.037500 0.016667
0 0.775391 0.118056 0.038281 0.013889
0 0.774609 0.106944 0.036719 0.013889
0 0.773047 0.095833 0.038281 0.013889
0 0.772266 0.084722 0.038281 0.013889
0 0.771875 0.074306 0.035937 0.015278
0 0.830469 0.238889 0.043750 0.016667
0 0.830469 0.227778 0.043750 0.013889
0 0.830078 0.215972 0.042969 0.015278
0 0.830078 0.204167 0.041406 0.013889
0 0.828516 0.192361 0.041406 0.015278
0 0.826562 0.180556 0.042188 0.013889
0 0.825000 0.154167 0.042188 0.016667
0 0.824219 0.143750 0.040625 0.012500
0 0.821875 0.132639 0.042188 0.012500
0 0.821484 0.122222 0.041406 0.011111
0 0.820312 0.111806 0.040625 0.012500
0 0.819922 0.100000 0.039844 0.016667
0 0.871875 0.218056 0.039062 0.013889
0 0.871094 0.206250 0.039062 0.015278
0 0.869922 0.193750 0.038281 0.012500
0 0.869922 0.182639 0.038281 0.015278
0 0.868750 0.170139 0.039062 0.012500
0 0.866797 0.159028 0.039844 0.015278
0 0.866797 0.147917 0.039844 0.012500
0 0.864062 0.138194 0.039062 0.012500
0 0.862891 0.125694 0.039844 0.012500
0 0.862109 0.114583 0.039844 0.012500
0 0.860156 0.102083 0.039062 0.015278
0 0.908594 0.222917 0.034375 0.015278
0 0.907813 0.209028 0.034375 0.015278
0 0.907422 0.196528 0.035156 0.018056
0 0.906250 0.186111 0.034375 0.016667
0 0.905469 0.175000 0.034375 0.013889
0 0.904687 0.163889 0.035937 0.016667
0 0.903516 0.152083 0.035156 0.015278
0 0.901563 0.141667 0.035937 0.016667
0 0.900781 0.129861 0.035937 0.018056
0 0.899609 0.118750 0.035156 0.015278
0 0.897656 0.109028 0.034375 0.018056
0 0.945312 0.250694 0.034375 0.018056
0 0.944141 0.240278 0.035156 0.016667
0 0.944141 0.228472 0.035156 0.018056
0 0.942969 0.217361 0.034375 0.018056
0 0.941406 0.205556 0.032813 0.016667
0 0.940625 0.193750 0.032813 0.015278
0 0.939844 0.181944 0.032813 0.016667
0 0.939063 0.170139 0.032813 0.018056
0 0.937500 0.158333 0.031250 0.019444
0 0.936719 0.148611 0.032813 0.016667
0 0.935547 0.137500 0.032031 0.016667
0 0.934375 0.127083 0.032813 0.018056
0 0.933203 0.115278 0.033594 0.019444
0 0.819922 0.088889 0.041406 0.013889
0 0.818359 0.079167 0.039844 0.013889
0 0.816797 0.068056 0.039844 0.013889
0 0.816406 0.056944 0.040625 0.016667
0 0.815234 0.046528 0.038281 0.012500
0 0.814844 0.036111 0.035937 0.011111
0 0.813672 0.026389 0.035156 0.011111
0 0.860547 0.090972 0.039844 0.012500
0 0.858984 0.081250 0.038281 0.012500
0 0.858594 0.071528 0.037500 0.012500
0 0.857422 0.062500 0.038281 0.011111
0 0.856250 0.051389 0.039062 0.013889
0 0.854688 0.040972 0.037500 0.015278
0 0.853516 0.029861 0.036719 0.015278
0 0.897656 0.099306 0.034375 0.018056
0 0.895312 0.086806 0.032813 0.015278
0 0.894922 0.076389 0.033594 0.016667
0 0.894141 0.067361 0.033594 0.018056
0 0.892578 0.056944 0.032031 0.016667
0 0.890234 0.044444 0.033594 0.016667
0 0.932031 0.104861 0.032813 0.018056
0 0.929297 0.094444 0.032031 0.019444
0 0.926953 0.083333 0.032031 0.016667
0 0.926953 0.073611 0.030469 0.016667
0 0.925781 0.063889 0.029687 0.016667
0 0.980859 0.257639 0.028906 0.015278
0 0.980859 0.245833 0.027344 0.016667
0 0.979688 0.235417 0.026562 0.012500
0 0.978906 0.227083 0.026562 0.012500
0 0.978516 0.220833 0.027344 0.013889
0 0.978125 0.210417 0.026562 0.015278
0 0.976562 0.201389 0.028125 0.016667
0 0.975781 0.189583 0.026562 0.018056
0 0.974609 0.178472 0.024219 0.015278
0 0.972656 0.167361 0.025000 0.018056
0 0.971484 0.156250 0.025781 0.020833
0 0.969922 0.145833 0.025781 0.016667
0 0.969141 0.135417 0.027344 0.015278
0 0.967969 0.125694 0.026562 0.018056
0 0.966797 0.115278 0.025781 0.016667
0 0.964453 0.104861 0.025781 0.018056
0 0.961719 0.093056 0.025000 0.016667
0 0.992578 0.152083 0.014844 0.009722
0 0.991797 0.143056 0.016406 0.013889
0 0.991406 0.132639 0.017188 0.015278
0 0.990234 0.123611 0.017969 0.013889
0 0.989453 0.114583 0.019531 0.015278
0 0.988281 0.103472 0.021875 0.015278
0 0.987891 0.094444 0.024219 0.013889
0 0.874219 0.241667 0.039062 0.019444
0 0.873047 0.229167 0.041406 0.019444
0 0.911328 0.245139 0.033594 0.018056
0 0.910156 0.232639 0.034375 0.018056
0 0.986719 0.086111 0.025000 0.013889
