0 0.775000 0.380000 0.079687 0.030000
0 0.776172 0.407500 0.072656 0.022500
0 0.775391 0.430625 0.069531 0.023750
0 0.774219 0.453750 0.071875 0.022500
0 0.773438 0.473750 0.070312 0.022500
0 0.778906 0.494375 0.064062 0.018750
0 0.777734 0.514375 0.061719 0.021250
0 0.791797 0.538125 0.035156 0.026250
0 0.792188 0.566875 0.034375 0.028750
0 0.841016 0.383750 0.053906 0.020000
0 0.839453 0.410625 0.052344 0.028750
0 0.837500 0.433125 0.053125 0.026250
0 0.837891 0.456250 0.053906 0.022500
0 0.837891 0.479375 0.055469 0.031250
0 0.837109 0.506875 0.053906 0.023750
0 0.837109 0.529375 0.053906 0.021250
0 0.837109 0.550625 0.055469 0.021250
0 0.836719 0.570000 0.053125 0.025000
0 0.835156 0.593750 0.050000 0.027500
0 0.835938 0.615000 0.053125 0.022500
0 0.836719 0.638750 0.050000 0.027500
0 0.444531 0.466250 0.260937 0.070000
0 0.266406 0.071250 0.076563 0.070000
0 0.439453 0.034375 0.263281 0.066250
0 0.194531 0.109375 0.070312 0.076250
