0 0.389062 0.753241 0.400000 0.225000
0 0.417708 0.854630 0.367708 0.235185
0 0.420052 0.905556 0.354687 0.177778
0 0.526042 0.930093 0.140625 0.128704
0 0.572396 0.969907 0.045833 0.052778
0 0.711198 0.621759 0.253646 0.125000
0 0.717448 0.687500 0.254688 0.128704
0 0.722135 0.755093 0.259896 0.126852
0 0.725260 0.821296 0.255729 0.150000
0 0.715104 0.881481 0.267708 0.162963
0 0.725781 0.922685 0.254688 0.139815
0 0.836458 0.953704 0.043750 0.085185
0 0.200781 0.092130 0.348438 0.163889
0 0.214323 0.146296 0.342187 0.185185
0 0.303385 0.220370 0.164062 0.120370
0 0.312760 0.285648 0.157812 0.119444
0 0.307552 0.349537 0.150521 0.095370
0 0.306510 0.411111 0.157812 0.092593
0 0.304948 0.480556 0.164062 0.074074
0 0.304948 0.535185 0.164062 0.079630
0 0.311198 0.599537 0.157812 0.099074
0 0.304948 0.687037 0.167187 0.114815
0 0.559115 0.144907 0.255729 0.132407
0 0.560677 0.202315 0.236979 0.102778
0 0.560417 0.244444 0.235417 0.103704
0 0.560677 0.303704 0.246354 0.109259
0 0.560156 0.356944 0.253646 0.093519
0 0.562240 0.409259 0.249479 0.074074
0 0.556250 0.462037 0.242708 0.066667
0 0.559896 0.522222 0.247917 0.079630
0 0.560937 0.580556 0.229167 0.098148
0 0.513542 0.642130 0.160417 0.056481
0 0.777344 0.170370 0.195312 0.118519
0 0.771094 0.216667 0.195312 0.090741
0 0.777865 0.271296 0.196354 0.079630
0 0.779948 0.313426 0.198437 0.087963
0 0.778906 0.353704 0.198437 0.081481
0 0.777865 0.405556 0.204687 0.085185
0 0.779948 0.447222 0.208854 0.066667
0 0.776823 0.500926 0.206771 0.072222
0 0.777865 0.548148 0.196354 0.068519
0 0.854167 0.587037 0.058333 0.062963
0 0.856771 0.627778 0.046875 0.068519
0 0.859896 0.672222 0.040625 0.066667
0 0.858854 0.712963 0.034375 0.072222
0 0.861198 0.758333 0.029687 0.079630
0 0.864844 0.801852 0.028646 0.083333
0 0.863802 0.858333 0.030729 0.085185
0 0.868229 0.094444 0.153125 0.064815
0 0.869531 0.130556 0.141146 0.061111
0 0.894010 0.158333 0.099479 0.062963
0 0.898177 0.192130 0.093229 0.062037
0 0.904687 0.219907 0.078125 0.050926
0 0.899479 0.244444 0.067708 0.042593
0 0.900781 0.275000 0.065104 0.053704
0 0.902083 0.310185 0.065625 0.062963
0 0.895312 0.346296 0.077083 0.053704
0 0.898438 0.387963 0.072917 0.051852
0 0.898958 0.420370 0.066667 0.053704
0 0.902344 0.457870 0.070312 0.049074
0 0.904167 0.502778 0.066667 0.040741
0 0.901563 0.534259 0.069792 0.050000
0 0.904948 0.571296 0.070312 0.068519
0 0.905990 0.610648 0.068229 0.049074
0 0.902865 0.645370 0.069271 0.048148
0 0.903646 0.690278 0.070833 0.073148
0 0.900521 0.718056 0.079167 0.062037
0 0.904948 0.758333 0.075521 0.062963
0 0.907292 0.803241 0.078125 0.075000
0 0.753646 0.125926 0.067708 0.051852
0 0.660937 0.103704 0.144792 0.096296
0 0.750260 0.100926 0.081771 0.042593
0 0.741406 0.070833 0.104688 0.067593
0 0.736458 0.031019 0.102083 0.049074
0 0.732292 0.019444 0.090625 0.031481
0 0.865625 0.037500 0.141667 0.062037
0 0.861198 0.054167 0.129688 0.060185
0 0.526823 0.051852 0.181771 0.096296
0 0.527083 0.089815 0.176042 0.087037
0 0.597135 0.017130 0.045312 0.026852
0 0.648958 0.053704 0.070833 0.062963
0 0.645312 0.027778 0.070833 0.055556
0 0.941667 0.274537 0.027083 0.043519
0 0.942969 0.307870 0.022396 0.036111
0 0.944531 0.349074 0.019271 0.066667
0 0.943750 0.392593 0.025000 0.027778
0 0.943229 0.426389 0.017708 0.034259
0 0.945833 0.461574 0.019792 0.028704
0 0.947917 0.488426 0.019792 0.025000
0 0.947917 0.518056 0.019792 0.034259
0 0.944271 0.557407 0.021875 0.040741
0 0.945312 0.587500 0.020833 0.037963
0 0.948177 0.622222 0.019271 0.044444
0 0.951302 0.650463 0.026562 0.045370
0 0.949740 0.675000 0.025521 0.050000
0 0.953646 0.717593 0.025000 0.040741
0 0.983854 0.709259 0.028125 0.055556
0 0.411979 0.216204 0.078125 0.065741
0 0.412500 0.264815 0.073958 0.068519
0 0.417187 0.322222 0.072917 0.059259
0 0.413281 0.369907 0.065104 0.054630
0 0.415104 0.427778 0.061458 0.061111
0 0.418229 0.486574 0.067708 0.056481
0 0.418229 0.538889 0.065625 0.051852
0 0.424479 0.589815 0.078125 0.050000
0 0.412500 0.653704 0.061458 0.068519
