0 0.834766 0.647917 0.089844 0.040278
0 0.738281 0.665278 0.101562 0.038889
0 0.414062 0.638194 0.125000 0.043056
0 0.285938 0.375694 0.109375 0.034722
0 0.286719 0.397222 0.112500 0.027778
0 0.286719 0.418750 0.110937 0.034722
0 0.285938 0.438889 0.106250 0.030556
0 0.286328 0.460417 0.107031 0.020833
0 0.284766 0.482639 0.103906 0.026389
0 0.283984 0.507639 0.102344 0.023611
0 0.277344 0.526389 0.090625 0.019444
0 0.235937 0.954167 0.101562 0.088889
0 0.912109 0.104167 0.064844 0.036111
0 0.909766 0.086806 0.063281 0.029167
0 0.907813 0.065278 0.065625 0.030556
0 0.904297 0.045833 0.064844 0.033333
0 0.901953 0.027778 0.064844 0.030556
0 0.900000 0.013194 0.065625 0.026389
0 0.927344 0.186806 0.081250 0.037500
0 0.961328 0.330556 0.077344 0.038889
0 0.964063 0.436111 0.071875 0.036111
0 0.964844 0.550000 0.070312 0.030556
0 0.963281 0.652778 0.073438 0.033333
