0 0.385156 0.708333 0.237500 0.133333
0 0.519141 0.704167 0.069531 0.077778
0 0.278125 0.672222 0.078125 0.050000
0 0.252734 0.652778 0.049219 0.052778
0 0.138281 0.618750 0.059375 0.040278
0 0.134766 0.500000 0.069531 0.036111
0 0.207031 0.510417 0.060937 0.029167
0 0.212500 0.409722 0.051562 0.030556
0 0.147266 0.395139 0.071094 0.068056
0 0.052734 0.353472 0.097656 0.043056
0 0.055859 0.486111 0.103906 0.041667
0 0.051562 0.619444 0.089063 0.058333
0 0.091797 0.216667 0.182031 0.125000
0 0.246484 0.295139 0.133594 0.131944
0 0.644141 0.627083 0.060156 0.045833
0 0.584766 0.626389 0.052344 0.033333
0 0.543750 0.618056 0.034375 0.027778
0 0.727734 0.600000 0.057031 0.025000
0 0.803516 0.646528 0.102344 0.062500
0 0.898438 0.663194 0.121875 0.065278
0 0.875781 0.386806 0.021875 0.015278
0 0.853125 0.386111 0.021875 0.016667
0 0.828516 0.384028 0.025781 0.018056
0 0.798438 0.382639 0.034375 0.018056
0 0.770703 0.384722 0.021094 0.019444
0 0.740625 0.384028 0.032813 0.015278
0 0.708594 0.384028 0.039062 0.020833
0 0.678906 0.385417 0.026562 0.020833
0 0.651563 0.385417 0.026562 0.029167
0 0.617578 0.379861 0.036719 0.020833
0 0.586719 0.384722 0.029687 0.022222
0 0.559375 0.384028 0.029687 0.023611
0 0.523047 0.388194 0.033594 0.037500
0 0.560156 0.334722 0.156250 0.155556
0 0.651563 0.279861 0.031250 0.045833
0 0.681250 0.282639 0.031250 0.037500
0 0.707422 0.281250 0.024219 0.040278
0 0.734766 0.280556 0.030469 0.047222
0 0.761328 0.284028 0.022656 0.034722
0 0.792578 0.284722 0.024219 0.027778
0 0.939844 0.303472 0.037500 0.040278
0 0.869141 0.294444 0.035156 0.044444
0 0.925000 0.443056 0.026562 0.013889
0 0.878125 0.441667 0.025000 0.013889
0 0.681641 0.442361 0.027344 0.018056
0 0.658984 0.443056 0.022656 0.011111
0 0.584766 0.444444 0.033594 0.022222
0 0.975000 0.354167 0.028125 0.022222
0 0.974219 0.362500 0.025000 0.019444
0 0.988672 0.412500 0.019531 0.016667
0 0.988281 0.420139 0.020313 0.015278
0 0.987500 0.427778 0.020313 0.016667
0 0.989453 0.452083 0.017969 0.015278
0 0.988281 0.460417 0.017188 0.012500
0 0.989062 0.468750 0.018750 0.015278
0 0.989453 0.475000 0.016406 0.013889
0 0.973437 0.459722 0.014063 0.013889
0 0.159766 0.067361 0.092969 0.084722
0 0.171875 0.035417 0.057813 0.040278
0 0.203516 0.107639 0.082031 0.068056
0 0.243750 0.137500 0.079687 0.063889
0 0.277344 0.171528 0.079687 0.054167
0 0.300781 0.154167 0.034375 0.036111
0 0.265234 0.113889 0.036719 0.041667
0 0.226953 0.081944 0.033594 0.041667
0 0.183203 0.022917 0.044531 0.034722
0 0.226562 0.064583 0.040625 0.040278
0 0.332031 0.181250 0.028125 0.031944
0 0.331641 0.170833 0.027344 0.030556
0 0.300781 0.134028 0.034375 0.031944
0 0.301953 0.125000 0.030469 0.036111
0 0.300781 0.109722 0.029687 0.036111
0 0.270313 0.088194 0.034375 0.037500
0 0.265234 0.099306 0.030469 0.034722
0 0.229297 0.047222 0.036719 0.041667
