0 0.786719 0.738889 0.125521 0.098148
0 0.682552 0.740741 0.122396 0.081481
0 0.495573 0.633333 0.033854 0.031481
0 0.466667 0.652778 0.038542 0.037037
0 0.415625 0.681481 0.083333 0.061111
0 0.463021 0.024537 0.033333 0.039815
0 0.493490 0.055093 0.027604 0.037963
0 0.517448 0.081019 0.023438 0.030556
0 0.814844 0.171759 0.042188 0.025000
0 0.814063 0.159259 0.041667 0.025926
0 0.814323 0.146759 0.040104 0.023148
0 0.814063 0.134722 0.039583 0.025000
0 0.814063 0.123611 0.039583 0.025000
0 0.813802 0.111574 0.039062 0.026852
0 0.813802 0.098611 0.039062 0.025000
0 0.814063 0.085648 0.039583 0.025000
0 0.813802 0.075000 0.039062 0.029630
0 0.813802 0.063426 0.039062 0.026852
0 0.813021 0.050926 0.037500 0.024074
0 0.812760 0.039352 0.038021 0.025000
0 0.812500 0.028241 0.037500 0.025000
0 0.857292 0.148148 0.041667 0.024074
0 0.857292 0.137037 0.041667 0.024074
0 0.857552 0.123611 0.042188 0.026852
0 0.856771 0.112037 0.041667 0.025926
0 0.857031 0.098611 0.042188 0.025000
0 0.856771 0.086574 0.040625 0.025000
0 0.857031 0.072685 0.041146 0.023148
0 0.856771 0.061111 0.040625 0.025926
0 0.856250 0.049537 0.040625 0.030556
0 0.855729 0.037963 0.040625 0.027778
0 0.855990 0.025926 0.040104 0.024074
0 0.855208 0.014352 0.039583 0.025000
0 0.920573 0.141204 0.041146 0.026852
0 0.919792 0.127778 0.041667 0.025926
0 0.919271 0.116204 0.041667 0.026852
0 0.919010 0.102778 0.041146 0.027778
0 0.919010 0.090278 0.041146 0.026852
0 0.918750 0.077315 0.041667 0.028704
0 0.917708 0.064815 0.040625 0.025926
0 0.916927 0.053241 0.041146 0.026852
0 0.915104 0.039815 0.041667 0.025926
0 0.914844 0.026852 0.042188 0.025926
0 0.914323 0.015278 0.043229 0.026852
0 0.909375 0.007407 0.033333 0.014815
0 0.976042 0.110185 0.045833 0.027778
0 0.975521 0.097685 0.046875 0.025000
0 0.975260 0.084259 0.046354 0.025926
0 0.975000 0.072222 0.045833 0.024074
0 0.974479 0.060185 0.044792 0.024074
0 0.974740 0.048611 0.046354 0.025000
0 0.974479 0.034259 0.045833 0.029630
0 0.973958 0.022685 0.045833 0.026852
0 0.973437 0.012037 0.045833 0.022222
0 0.819531 0.251389 0.034896 0.017593
0 0.819531 0.239352 0.034896 0.021296
0 0.819010 0.226852 0.034896 0.024074
0 0.818490 0.214815 0.034896 0.022222
0 0.817969 0.204630 0.034896 0.022222
0 0.818229 0.193981 0.034375 0.021296
0 0.900260 0.601852 0.091146 0.022222
