0 0.462109 0.668056 0.105469 0.047222
0 0.363672 0.647222 0.105469 0.058333
0 0.303516 0.594444 0.091406 0.047222
0 0.208203 0.625694 0.066406 0.048611
0 0.073438 0.673611 0.067187 0.083333
0 0.145313 0.256250 0.034375 0.029167
0 0.171094 0.257639 0.032813 0.037500
0 0.199219 0.259028 0.031250 0.031944
0 0.232031 0.262500 0.031250 0.033333
0 0.253125 0.260417 0.031250 0.037500
0 0.285156 0.264583 0.020313 0.029167
0 0.314453 0.265278 0.024219 0.033333
0 0.341406 0.268750 0.029687 0.031944
0 0.373047 0.274306 0.035156 0.034722
0 0.459375 0.290972 0.034375 0.040278
0 0.526563 0.311111 0.053125 0.044444
0 0.958594 0.310417 0.020313 0.037500
0 0.912500 0.626389 0.051562 0.050000
0 0.163672 0.364583 0.025781 0.023611
0 0.191016 0.363194 0.027344 0.020833
0 0.221094 0.363889 0.031250 0.019444
0 0.250391 0.367361 0.030469 0.023611
0 0.276953 0.373611 0.024219 0.022222
0 0.311719 0.374306 0.029687 0.018056
0 0.341797 0.375694 0.028906 0.020833
0 0.369922 0.379167 0.027344 0.022222
0 0.137891 0.361806 0.025781 0.026389
0 0.107813 0.365278 0.025000 0.030556
0 0.086328 0.362500 0.022656 0.022222
0 0.057422 0.358333 0.028906 0.022222
