0 0.793490 0.625926 0.071354 0.031481
0 0.603385 0.730093 0.132812 0.065741
0 0.519792 0.713426 0.070833 0.058333
0 0.381771 0.901852 0.162500 0.094444
0 0.220833 0.958333 0.150000 0.077778
0 0.223958 0.130093 0.097917 0.063889
0 0.297917 0.155556 0.060417 0.066667
0 0.402604 0.187500 0.042708 0.049074
0 0.439323 0.207870 0.050521 0.058333
0 0.480729 0.218519 0.030208 0.050000
0 0.541146 0.242130 0.027083 0.047222
0 0.620313 0.273611 0.030208 0.025000
0 0.631250 0.344907 0.036458 0.025000
0 0.627344 0.303704 0.023438 0.018519
