0 0.889453 0.056250 0.033594 0.033333
0 0.153516 0.218750 0.032031 0.010417
0 0.460156 0.010417 0.032813 0.010417
0 0.459766 0.017188 0.032031 0.009375
0 0.936328 0.203125 0.094531 0.031250
0 0.937500 0.229167 0.101562 0.033333
0 0.937109 0.259375 0.102344 0.035417
0 0.877344 0.258333 0.023438 0.025000
0 0.876953 0.231250 0.024219 0.027083
0 0.878516 0.202604 0.021094 0.028125
0 0.880469 0.180729 0.018750 0.026042
0 0.938281 0.172917 0.096875 0.029167
0 0.940625 0.145313 0.106250 0.038542
0 0.880469 0.153125 0.020313 0.027083
0 0.878125 0.129688 0.017188 0.026042
0 0.941016 0.112500 0.108594 0.037500
0 0.944141 0.083333 0.102344 0.029167
0 0.882031 0.103125 0.021875 0.031250
0 0.950000 0.058854 0.093750 0.026042
0 0.887891 0.075521 0.028906 0.030208
0 0.799219 0.053125 0.132812 0.025000
0 0.798828 0.072917 0.128906 0.029167
0 0.797656 0.097396 0.129688 0.021875
0 0.794531 0.123958 0.132812 0.027083
0 0.788281 0.144792 0.128125 0.027083
0 0.788281 0.163542 0.120313 0.029167
0 0.760156 0.188021 0.084375 0.026042
0 0.933594 0.343750 0.081250 0.041667
0 0.576172 0.399479 0.132031 0.036458
0 0.569141 0.423958 0.119531 0.035417
0 0.565625 0.455208 0.114062 0.033333
0 0.561719 0.482812 0.104688 0.034375
0 0.429688 0.445833 0.164062 0.043750
0 0.212109 0.378646 0.064844 0.036458
0 0.276953 0.351562 0.064844 0.023958
0 0.387891 0.159896 0.052344 0.009375
0 0.387891 0.168229 0.052344 0.011458
0 0.463281 0.168229 0.032813 0.009375
0 0.495312 0.169792 0.034375 0.010417
0 0.526953 0.169792 0.030469 0.010417
0 0.304297 0.165104 0.030469 0.011458
0 0.272656 0.166146 0.034375 0.009375
0 0.242578 0.165104 0.030469 0.009375
0 0.200391 0.164583 0.028906 0.008333
0 0.170703 0.164583 0.028906 0.010417
0 0.140625 0.164583 0.032813 0.010417
0 0.197656 0.220312 0.039062 0.013542
0 0.267188 0.220833 0.034375 0.012500
0 0.644141 0.011458 0.113281 0.022917
0 0.642578 0.033333 0.117969 0.035417
0 0.644922 0.056771 0.111719 0.030208
0 0.642188 0.080208 0.103125 0.027083
0 0.640234 0.104167 0.100781 0.031250
0 0.639062 0.128646 0.098437 0.030208
0 0.633984 0.151042 0.100781 0.029167
0 0.630469 0.178646 0.100000 0.032292
0 0.627734 0.199479 0.099219 0.023958
0 0.609375 0.222917 0.062500 0.022917
0 0.843750 0.209375 0.025000 0.025000
0 0.835938 0.231250 0.037500 0.022917
0 0.835156 0.255729 0.037500 0.028125
0 0.460938 0.025521 0.032813 0.007292
0 0.459766 0.033333 0.032031 0.008333
0 0.498047 0.008333 0.032031 0.008333
0 0.497266 0.016146 0.032031 0.009375
0 0.496875 0.025000 0.031250 0.008333
0 0.496875 0.033333 0.031250 0.008333
0 0.535156 0.009375 0.034375 0.010417
0 0.535156 0.018229 0.034375 0.011458
0 0.419141 0.024479 0.033594 0.009375
0 0.419141 0.016146 0.033594 0.009375
0 0.418750 0.009375 0.034375 0.008333
0 0.418359 0.003646 0.033594 0.007292
0 0.418359 0.033854 0.033594 0.009375
0 0.418359 0.040625 0.032031 0.010417
0 0.419141 0.047917 0.030469 0.008333
0 0.419531 0.055208 0.029687 0.010417
0 0.419141 0.063021 0.028906 0.009375
0 0.385156 0.025521 0.029687 0.009375
0 0.383984 0.018750 0.032031 0.010417
0 0.383594 0.010417 0.032813 0.010417
0 0.383984 0.003125 0.033594 0.006250
0 0.459375 0.003125 0.032813 0.004167
0 0.497656 0.002083 0.035937 0.004167
0 0.535547 0.002604 0.033594 0.005208
0 0.348828 0.025000 0.033594 0.008333
0 0.348828 0.017708 0.033594 0.010417
0 0.348438 0.010937 0.032813 0.009375
0 0.348438 0.004687 0.034375 0.007292
0 0.308984 0.025521 0.032031 0.009375
0 0.308203 0.018750 0.032031 0.010417
0 0.307812 0.010417 0.031250 0.010417
0 0.307812 0.004167 0.031250 0.006250
0 0.267969 0.033333 0.029687 0.008333
0 0.267969 0.026562 0.029687 0.009375
0 0.266797 0.018750 0.028906 0.008333
0 0.266797 0.010937 0.028906 0.009375
0 0.266797 0.004167 0.028906 0.008333
0 0.234375 0.033333 0.028125 0.008333
0 0.234375 0.026042 0.028125 0.008333
0 0.234375 0.018750 0.028125 0.008333
0 0.235156 0.011458 0.029687 0.010417
0 0.235156 0.004167 0.031250 0.006250
0 0.198437 0.033333 0.031250 0.008333
0 0.198047 0.026042 0.032031 0.010417
0 0.197266 0.017708 0.032031 0.008333
0 0.196875 0.010937 0.032813 0.007292
0 0.196094 0.004687 0.032813 0.007292
0 0.160547 0.018229 0.033594 0.009375
0 0.160156 0.010937 0.031250 0.007292
0 0.159766 0.004687 0.032031 0.009375
0 0.127344 0.027083 0.031250 0.008333
0 0.126953 0.019271 0.032031 0.009375
0 0.126953 0.011979 0.032031 0.009375
0 0.126953 0.004687 0.032031 0.005208
0 0.160547 0.026562 0.033594 0.009375
