0 0.950000 0.160417 0.032813 0.070833
0 0.971094 0.106944 0.035937 0.086111
0 0.989844 0.043056 0.018750 0.086111
0 0.953906 0.213194 0.081250 0.062500
0 0.948047 0.247222 0.074219 0.027778
0 0.937109 0.263194 0.078906 0.037500
0 0.923438 0.289583 0.068750 0.026389
0 0.523438 0.191667 0.137500 0.052778
0 0.602734 0.234028 0.025781 0.051389
0 0.485547 0.131944 0.160156 0.097222
0 0.430469 0.056944 0.187500 0.111111
0 0.269531 0.797917 0.267188 0.181944
0 0.624609 0.031250 0.033594 0.045833
0 0.639844 0.062500 0.031250 0.033333
0 0.625391 0.320139 0.088281 0.031944
0 0.594922 0.263889 0.086719 0.044444
0 0.891797 0.309028 0.030469 0.040278
0 0.880859 0.015972 0.038281 0.031944
