0 0.820312 0.474306 0.151562 0.045833
0 0.768750 0.627778 0.053125 0.050000
0 0.811328 0.306250 0.144531 0.068056
0 0.738281 0.363194 0.010937 0.031944
0 0.736719 0.484722 0.015625 0.030556
0 0.682813 0.413194 0.018750 0.023611
0 0.794141 0.132639 0.128906 0.101389
0 0.730078 0.192361 0.030469 0.065278
0 0.712500 0.234028 0.025000 0.043056
0 0.707422 0.163194 0.019531 0.040278
0 0.695703 0.257639 0.010156 0.029167
0 0.685937 0.293056 0.015625 0.038889
0 0.678125 0.313194 0.012500 0.029167
0 0.663281 0.534722 0.071875 0.175000
0 0.571875 0.546528 0.031250 0.020833
0 0.627344 0.545833 0.017188 0.016667
0 0.312500 0.566667 0.025000 0.027778
0 0.270313 0.565972 0.059375 0.031944
0 0.226172 0.566667 0.028906 0.027778
0 0.180078 0.572222 0.063281 0.033333
0 0.216016 0.333333 0.022656 0.019444
0 0.191797 0.322222 0.028906 0.030556
0 0.167578 0.309722 0.021094 0.025000
0 0.220312 0.243750 0.025000 0.020833
0 0.216406 0.289583 0.023438 0.015278
0 0.242578 0.274306 0.027344 0.034722
0 0.239063 0.341667 0.029687 0.025000
0 0.275391 0.288889 0.039844 0.016667
0 0.273438 0.322917 0.042188 0.015278
0 0.271484 0.363194 0.039844 0.018056
0 0.302344 0.370833 0.020313 0.016667
0 0.318750 0.377083 0.015625 0.015278
0 0.333203 0.384722 0.014844 0.016667
0 0.346094 0.391667 0.012500 0.013889
0 0.333984 0.447222 0.022656 0.013889
0 0.332813 0.489583 0.020313 0.012500
0 0.332813 0.537500 0.023438 0.013889
0 0.279687 0.433333 0.014063 0.016667
0 0.253125 0.429861 0.035937 0.015278
0 0.289062 0.227083 0.018750 0.020833
0 0.291406 0.188889 0.018750 0.016667
0 0.293359 0.155556 0.016406 0.016667
0 0.295312 0.123611 0.017188 0.019444
0 0.305859 0.240972 0.016406 0.023611
0 0.322266 0.253472 0.016406 0.018056
0 0.336719 0.268056 0.012500 0.016667
0 0.337500 0.235417 0.012500 0.015278
0 0.339453 0.206250 0.011719 0.018056
0 0.341016 0.179167 0.013281 0.013889
0 0.223438 0.168750 0.026562 0.023611
0 0.200781 0.145833 0.029687 0.036111
0 0.177734 0.123611 0.014844 0.025000
0 0.227344 0.124306 0.021875 0.023611
0 0.223828 0.086806 0.041406 0.026389
0 0.146094 0.047917 0.031250 0.031944
0 0.155078 0.010417 0.022656 0.018056
0 0.251953 0.123611 0.024219 0.030556
0 0.274219 0.149306 0.021875 0.026389
0 0.271094 0.207639 0.023438 0.029167
0 0.246094 0.188889 0.026562 0.030556
0 0.192969 0.242361 0.034375 0.031944
0 0.335547 0.320833 0.011719 0.013889
0 0.334375 0.354167 0.014063 0.016667
0 0.321094 0.320833 0.017188 0.019444
0 0.347656 0.340972 0.015625 0.018056
0 0.347656 0.279167 0.014063 0.019444
0 0.178125 0.047222 0.032813 0.036111
0 0.674609 0.255556 0.008594 0.025000
0 0.657031 0.269444 0.007812 0.019444
