0 0.031250 0.122685 0.055208 0.071296
0 0.546354 0.056481 0.053125 0.111111
0 0.561979 0.158796 0.051042 0.104630
0 0.582292 0.243056 0.043750 0.060185
0 0.589063 0.302315 0.028125 0.056481
0 0.874479 0.212037 0.103125 0.053704
0 0.936198 0.085185 0.117188 0.079630
0 0.847656 0.053704 0.079687 0.062963
0 0.819271 0.105556 0.051042 0.040741
0 0.807292 0.140278 0.047917 0.026852
0 0.801042 0.171759 0.059375 0.054630
0 0.768229 0.235185 0.041667 0.027778
0 0.763802 0.260648 0.041146 0.023148
0 0.803906 0.309259 0.054688 0.037037
0 0.758333 0.387963 0.048958 0.027778
0 0.750260 0.298148 0.042188 0.022222
0 0.613542 0.267593 0.018750 0.037037
0 0.598958 0.350000 0.025000 0.037037
0 0.621094 0.096759 0.021354 0.050926
0 0.611458 0.011574 0.028125 0.021296
0 0.305729 0.901389 0.211458 0.189815
0 0.454167 0.793519 0.095833 0.137037
0 0.512760 0.754167 0.049479 0.084259
0 0.544792 0.714815 0.040625 0.072222
0 0.569531 0.687963 0.023438 0.050000
0 0.663021 0.624074 0.031250 0.016667
0 0.688281 0.627778 0.021354 0.012963
0 0.584115 0.486111 0.026562 0.027778
0 0.594792 0.513889 0.022917 0.025926
0 0.618490 0.478704 0.009896 0.024074
0 0.609635 0.443056 0.019271 0.036111
0 0.793490 0.476852 0.028646 0.029630
0 0.772396 0.484722 0.022917 0.030556
0 0.865365 0.427778 0.086979 0.044444
