0 0.950260 0.220370 0.097396 0.090741
0 0.924219 0.279167 0.133854 0.071296
0 0.963281 0.386574 0.046354 0.054630
0 0.924479 0.412500 0.031250 0.043519
0 0.889844 0.432870 0.028646 0.049074
0 0.864062 0.452778 0.021875 0.027778
0 0.841927 0.461111 0.021354 0.038889
0 0.815625 0.482407 0.026042 0.031481
0 0.821354 0.407870 0.095833 0.049074
0 0.787760 0.434259 0.083854 0.033333
0 0.760938 0.460648 0.065625 0.026852
0 0.816146 0.252778 0.088542 0.051852
0 0.763021 0.307870 0.026042 0.034259
0 0.740365 0.350463 0.019271 0.032407
0 0.836458 0.175000 0.065625 0.050000
0 0.859115 0.127778 0.066146 0.059259
0 0.878385 0.061111 0.058854 0.083333
0 0.817187 0.019907 0.018750 0.037963
0 0.802344 0.068056 0.025521 0.047222
0 0.790625 0.115278 0.029167 0.030556
0 0.773438 0.157870 0.026042 0.043519
0 0.383333 0.099074 0.168750 0.177778
0 0.460156 0.255556 0.067187 0.127778
0 0.485677 0.171296 0.035937 0.085185
0 0.488802 0.086111 0.052604 0.122222
0 0.498958 0.043981 0.020833 0.084259
0 0.493229 0.350463 0.079167 0.062037
0 0.507031 0.279630 0.054688 0.057407
0 0.524219 0.212037 0.041146 0.090741
0 0.377083 0.285185 0.166667 0.179630
0 0.223438 0.112037 0.189583 0.212963
0 0.154427 0.273148 0.286979 0.305556
0 0.145573 0.593981 0.283854 0.150926
0 0.136198 0.884259 0.268229 0.218519
0 0.359635 0.767130 0.172396 0.119444
0 0.366667 0.593981 0.156250 0.062037
0 0.370052 0.440278 0.152604 0.126852
0 0.460417 0.516204 0.037500 0.050926
0 0.454948 0.606944 0.026562 0.036111
0 0.449219 0.709259 0.040104 0.075926
0 0.490104 0.675000 0.048958 0.033333
0 0.486458 0.603241 0.052083 0.026852
0 0.491146 0.542593 0.045833 0.035185
0 0.486458 0.465741 0.054167 0.061111
0 0.534635 0.654630 0.036979 0.022222
0 0.533073 0.603704 0.030729 0.018519
0 0.530469 0.551852 0.023438 0.033333
0 0.532292 0.433796 0.044792 0.050926
0 0.558594 0.458333 0.006771 0.024074
0 0.611719 0.623148 0.020313 0.009259
0 0.638542 0.623611 0.021875 0.013889
0 0.663021 0.627778 0.018750 0.012963
0 0.969271 0.539352 0.050000 0.037963
0 0.935156 0.553704 0.050521 0.040741
0 0.893490 0.567130 0.036979 0.036111
0 0.864844 0.565741 0.029687 0.038889
0 0.844010 0.565741 0.019271 0.022222
0 0.816667 0.570370 0.032292 0.029630
0 0.862760 0.679630 0.029687 0.031481
0 0.890885 0.688426 0.032813 0.037963
0 0.928125 0.697685 0.036458 0.028704
0 0.966667 0.715741 0.033333 0.035185
0 0.992188 0.731481 0.011458 0.033333
0 0.840885 0.673611 0.026562 0.021296
0 0.815104 0.667130 0.026042 0.028704
0 0.745313 0.506944 0.044792 0.019444
0 0.717448 0.518056 0.013021 0.023148
0 0.727344 0.409259 0.017188 0.025926
0 0.575781 0.343519 0.020313 0.029630
0 0.568750 0.317130 0.010417 0.019444
0 0.561458 0.277778 0.016667 0.050000
0 0.575521 0.161574 0.013542 0.041667
0 0.705990 0.606944 0.017188 0.010185
0 0.706771 0.599074 0.012500 0.012963
0 0.705990 0.589815 0.015104 0.009259
0 0.707031 0.581481 0.014063 0.009259
0 0.706250 0.573148 0.012500 0.009259
0 0.704167 0.612500 0.014583 0.006481
0 0.704427 0.621759 0.014063 0.010185
