0 0.704427 0.678704 0.098437 0.044444
0 0.927604 0.618056 0.047917 0.045370
0 0.976302 0.618519 0.045312 0.037037
0 0.875521 0.618981 0.051042 0.043519
0 0.943490 0.343056 0.069271 0.063889
0 0.919792 0.381944 0.088542 0.047222
0 0.900000 0.411111 0.089583 0.040741
0 0.204427 0.052778 0.065104 0.092593
0 0.178385 0.275926 0.074479 0.062963
0 0.104427 0.219907 0.086979 0.089815
0 0.033854 0.175926 0.063542 0.092593
0 0.245312 0.325000 0.068750 0.072222
0 0.261198 0.104167 0.057813 0.082407
0 0.417187 0.074074 0.231250 0.142593
0 0.501823 0.196296 0.102604 0.090741
0 0.540104 0.265741 0.063542 0.070370
0 0.570573 0.322222 0.038021 0.055556
0 0.584635 0.360185 0.030729 0.057407
0 0.571094 0.493519 0.022396 0.042593
0 0.598958 0.523611 0.014583 0.030556
0 0.596354 0.374074 0.022917 0.050000
0 0.591146 0.082870 0.030208 0.065741
0 0.574740 0.029167 0.039062 0.049074
0 0.480208 0.739815 0.086458 0.090741
0 0.361198 0.833333 0.161979 0.175926
0 0.146875 0.912037 0.281250 0.170370
0 0.534375 0.718056 0.032292 0.054630
0 0.551302 0.701852 0.032813 0.048148
0 0.575521 0.676852 0.022917 0.048148
0 0.953906 0.024074 0.080729 0.037037
0 0.891667 0.148148 0.080208 0.062963
0 0.401302 0.397685 0.207813 0.104630
