0 0.599479 0.709722 0.145833 0.100926
0 0.473698 0.695370 0.141146 0.085185
0 0.385937 0.698611 0.038542 0.071296
0 0.225781 0.743056 0.298438 0.143519
0 0.039583 0.724074 0.073958 0.101852
0 0.332552 0.242130 0.041146 0.073148
0 0.368229 0.297222 0.035417 0.072222
0 0.390885 0.357407 0.057813 0.044444
0 0.422656 0.112500 0.018229 0.045370
0 0.414583 0.159259 0.026042 0.053704
0 0.434896 0.202778 0.017708 0.046296
0 0.447656 0.233796 0.014063 0.034259
0 0.217708 0.101852 0.098958 0.144444
0 0.951562 0.343519 0.050000 0.055556
0 0.904427 0.369444 0.051562 0.037037
0 0.900521 0.338889 0.051042 0.040741
0 0.862760 0.378241 0.029687 0.028704
0 0.885677 0.450000 0.075521 0.033333
0 0.830469 0.470833 0.039062 0.028704
0 0.801562 0.483796 0.020833 0.021296
0 0.780990 0.492593 0.023438 0.022222
0 0.779427 0.443519 0.022396 0.018519
0 0.802344 0.419444 0.021354 0.020370
0 0.829688 0.407870 0.035417 0.021296
0 0.949219 0.296296 0.049479 0.050000
0 0.955729 0.197685 0.051042 0.058333
0 0.914062 0.264352 0.086458 0.047222
0 0.880469 0.295833 0.059896 0.037963
0 0.821354 0.339352 0.016667 0.023148
0 0.792188 0.368519 0.015625 0.027778
0 0.778646 0.381481 0.014583 0.027778
0 0.792188 0.313889 0.013542 0.024074
0 0.777865 0.331019 0.013021 0.019444
0 0.821875 0.276852 0.017708 0.022222
0 0.861979 0.229167 0.021875 0.039815
0 0.886458 0.183796 0.032292 0.054630
0 0.986458 0.284259 0.026042 0.031481
0 0.883854 0.658333 0.072917 0.029630
0 0.746615 0.652778 0.053646 0.018519
0 0.695833 0.643519 0.051042 0.022222
0 0.353906 0.046759 0.090104 0.075000
0 0.474740 0.322222 0.020313 0.018519
0 0.461979 0.286111 0.025000 0.024074
