0 0.654167 0.753241 0.242708 0.130556
0 0.510156 0.722685 0.154688 0.139815
0 0.241667 0.856944 0.483333 0.275000
0 0.559635 0.351389 0.091146 0.041667
0 0.609115 0.395833 0.089063 0.052778
0 0.632292 0.347685 0.047917 0.036111
0 0.662240 0.409259 0.025521 0.031481
0 0.700521 0.383333 0.021875 0.035185
0 0.728906 0.412037 0.015104 0.022222
0 0.728906 0.379167 0.011979 0.026852
0 0.712760 0.472222 0.055729 0.024074
0 0.726823 0.307407 0.013021 0.029630
0 0.727344 0.278241 0.016146 0.026852
0 0.571615 0.118056 0.088021 0.080556
0 0.537760 0.050926 0.093229 0.075926
0 0.640885 0.239352 0.077604 0.076852
0 0.766406 0.686574 0.035937 0.028704
0 0.795312 0.675463 0.033333 0.032407
0 0.838281 0.686574 0.052604 0.043519
0 0.915625 0.712963 0.119792 0.066667
0 0.986979 0.692593 0.023958 0.022222
