0 0.651042 0.701389 0.122917 0.082407
0 0.542188 0.675463 0.108333 0.069444
0 0.479167 0.676389 0.041667 0.073148
0 0.366406 0.706481 0.200521 0.112963
0 0.224219 0.689815 0.141146 0.100000
0 0.093490 0.731481 0.181771 0.120370
0 0.125781 0.249537 0.080729 0.062037
0 0.252083 0.075463 0.091667 0.132407
0 0.408854 0.296759 0.032292 0.069444
0 0.436719 0.327315 0.028646 0.060185
0 0.464583 0.376852 0.025000 0.035185
0 0.487760 0.402315 0.024479 0.041667
0 0.417969 0.100000 0.078646 0.062963
0 0.398698 0.032870 0.054688 0.063889
0 0.447917 0.036111 0.022917 0.053704
0 0.434375 0.152315 0.064583 0.052778
0 0.470052 0.195833 0.028646 0.054630
0 0.483073 0.228704 0.013021 0.042593
0 0.496615 0.261111 0.014063 0.048148
0 0.983333 0.346759 0.031250 0.052778
0 0.946354 0.375463 0.058333 0.034259
0 0.941667 0.343981 0.048958 0.039815
0 0.902083 0.385185 0.030208 0.025926
0 0.932552 0.461574 0.083854 0.039815
0 0.870573 0.475463 0.025521 0.019444
0 0.845573 0.485185 0.019271 0.016667
0 0.823698 0.499537 0.021354 0.013889
0 0.825260 0.444444 0.024479 0.022222
0 0.846875 0.423611 0.022917 0.017593
0 0.875000 0.413889 0.035417 0.024074
0 0.981510 0.208796 0.032813 0.047222
0 0.931510 0.273148 0.032813 0.037037
0 0.928385 0.302315 0.076563 0.049074
0 0.864062 0.343981 0.014583 0.025000
0 0.835677 0.368981 0.014063 0.023148
0 0.819271 0.387037 0.016667 0.027778
0 0.835417 0.319444 0.013542 0.038889
0 0.821875 0.338889 0.015625 0.022222
0 0.864323 0.276389 0.017188 0.025000
0 0.930469 0.197685 0.027604 0.056481
0 0.900000 0.237037 0.033333 0.046296
0 0.981510 0.121296 0.033854 0.040741
0 0.790104 0.647685 0.048958 0.030556
0 0.737760 0.645370 0.057813 0.035185
0 0.936198 0.113889 0.050521 0.055556
