0 0.944010 0.038889 0.039062 0.068519
0 0.839063 0.187963 0.051042 0.040741
0 0.788802 0.199074 0.052604 0.042593
0 0.734635 0.210185 0.053646 0.057407
0 0.676302 0.218981 0.048438 0.039815
0 0.964583 0.350463 0.058333 0.071296
0 0.440104 0.494444 0.023958 0.012963
0 0.441146 0.505556 0.022917 0.014815
0 0.440365 0.521296 0.028646 0.016667
0 0.438542 0.543056 0.025000 0.017593
0 0.436719 0.557407 0.021354 0.014815
0 0.438021 0.568981 0.023958 0.013889
0 0.438021 0.583333 0.023958 0.014815
0 0.464323 0.586574 0.027604 0.012037
0 0.465104 0.573611 0.028125 0.013889
0 0.465365 0.560648 0.027604 0.010185
0 0.465885 0.547222 0.026562 0.016667
0 0.467708 0.525926 0.027083 0.016667
0 0.469531 0.512963 0.028646 0.016667
0 0.466667 0.493981 0.026042 0.012037
0 0.460156 0.428704 0.145313 0.072222
0 0.530990 0.527778 0.011979 0.016667
0 0.530729 0.543056 0.012500 0.013889
0 0.529167 0.559722 0.010417 0.017593
0 0.529948 0.575000 0.008854 0.012963
0 0.530729 0.586574 0.011458 0.010185
0 0.529687 0.603704 0.014583 0.024074
0 0.526823 0.618981 0.008854 0.006481
0 0.526302 0.634722 0.014063 0.025000
0 0.135417 0.708333 0.183333 0.075926
0 0.388021 0.084259 0.181250 0.142593
0 0.435937 0.175926 0.151042 0.094444
0 0.522135 0.230093 0.027604 0.043519
0 0.535156 0.136111 0.035937 0.083333
0 0.233854 0.192130 0.176042 0.097222
0 0.158333 0.113426 0.205208 0.143519
0 0.258594 0.238889 0.158854 0.090741
0 0.349479 0.266204 0.046875 0.065741
0 0.116667 0.342593 0.090625 0.070370
0 0.986719 0.456944 0.019271 0.056481
0 0.992448 0.556944 0.015104 0.037963
0 0.185417 0.389352 0.030208 0.012037
0 0.187240 0.380093 0.032813 0.013889
0 0.188021 0.369444 0.033333 0.007407
0 0.188542 0.360648 0.032292 0.010185
0 0.188802 0.351389 0.032813 0.008333
0 0.188802 0.342593 0.033854 0.009259
0 0.190365 0.332870 0.033854 0.010185
0 0.190104 0.324074 0.031250 0.011111
0 0.189323 0.314815 0.031771 0.014815
0 0.189844 0.303704 0.030729 0.007407
0 0.185938 0.288426 0.025000 0.015741
0 0.214323 0.320370 0.018229 0.014815
0 0.215104 0.310648 0.020833 0.015741
0 0.215365 0.299537 0.020313 0.012037
0 0.215365 0.337963 0.016146 0.014815
0 0.213021 0.345833 0.018750 0.015741
0 0.209896 0.356481 0.023958 0.018519
0 0.210156 0.364815 0.021354 0.014815
0 0.211719 0.376389 0.016146 0.013889
0 0.211719 0.382870 0.018229 0.017593
0 0.188542 0.277778 0.026042 0.011111
0 0.187500 0.266204 0.031250 0.012037
0 0.190365 0.254167 0.025521 0.012037
0 0.266406 0.693519 0.103646 0.051852
0 0.332813 0.669907 0.075000 0.047222
0 0.021094 0.718981 0.041146 0.049074
0 0.046354 0.322685 0.085417 0.121296
0 0.297656 0.465741 0.134896 0.057407
