0 0.972135 0.224074 0.048438 0.096296
0 0.946875 0.285185 0.070833 0.064815
0 0.916927 0.331481 0.069271 0.057407
0 0.872396 0.369444 0.038542 0.055556
0 0.973698 0.473611 0.050521 0.050926
0 0.930729 0.504630 0.048958 0.061111
0 0.893490 0.518519 0.036979 0.040741
0 0.859635 0.533333 0.036979 0.038889
0 0.821615 0.548611 0.032813 0.034259
0 0.481510 0.053241 0.097396 0.091667
0 0.520052 0.150000 0.084896 0.124074
0 0.559115 0.239815 0.040104 0.077778
0 0.576042 0.296759 0.046875 0.067593
0 0.595833 0.089352 0.046875 0.069444
0 0.907031 0.068519 0.070312 0.062963
0 0.892969 0.722685 0.209896 0.125000
0 0.937240 0.730556 0.039062 0.040741
0 0.901563 0.714352 0.036458 0.037963
0 0.867969 0.701389 0.035937 0.028704
0 0.842448 0.690741 0.032813 0.022222
0 0.476562 0.757407 0.077083 0.098148
0 0.366667 0.834722 0.150000 0.197222
0 0.183594 0.912963 0.238021 0.161111
0 0.536979 0.719444 0.050000 0.051852
0 0.568490 0.696296 0.023438 0.046296
0 0.588802 0.686111 0.026562 0.037037
0 0.668750 0.626389 0.033333 0.019444
0 0.742969 0.419444 0.015104 0.009259
0 0.721094 0.420370 0.023438 0.011111
0 0.667708 0.420370 0.026042 0.014815
0 0.724740 0.559259 0.033854 0.014815
0 0.725260 0.566667 0.035937 0.009259
0 0.724219 0.572685 0.034896 0.010185
0 0.724479 0.577778 0.035417 0.005556
0 0.723698 0.585185 0.034896 0.012963
0 0.725260 0.592593 0.032813 0.005556
0 0.724219 0.600926 0.030729 0.011111
0 0.725260 0.606481 0.033854 0.005556
0 0.736198 0.615278 0.016146 0.006481
0 0.769010 0.653704 0.021354 0.018519
0 0.784115 0.661111 0.016146 0.024074
0 0.227865 0.104630 0.225521 0.188889
