0 0.390365 0.586574 0.131771 0.065741
0 0.379427 0.703704 0.079687 0.062963
0 0.238021 0.780093 0.179167 0.149074
0 0.061979 0.589815 0.110417 0.138889
0 0.069531 0.333333 0.138021 0.150000
0 0.256771 0.425000 0.165625 0.120370
0 0.054167 0.849074 0.104167 0.133333
0 0.942187 0.270370 0.110417 0.085185
0 0.988021 0.147222 0.023958 0.075926
0 0.930729 0.043981 0.088542 0.080556
0 0.859375 0.038889 0.069792 0.072222
0 0.830729 0.112963 0.045833 0.050000
0 0.865885 0.218056 0.054688 0.071296
0 0.847135 0.260648 0.048438 0.043519
0 0.821615 0.293981 0.030729 0.030556
0 0.808854 0.320370 0.017708 0.029630
0 0.794271 0.345370 0.016667 0.029630
0 0.926562 0.398148 0.138542 0.051852
0 0.903125 0.427315 0.136458 0.054630
0 0.887500 0.447222 0.125000 0.040741
0 0.817187 0.459722 0.018750 0.028704
0 0.802344 0.477778 0.017188 0.020370
0 0.789583 0.490741 0.015625 0.029630
0 0.819792 0.548148 0.051042 0.022222
0 0.811198 0.561574 0.034896 0.025000
0 0.806771 0.574537 0.029167 0.019444
0 0.807031 0.593519 0.034896 0.020370
0 0.808594 0.607407 0.031771 0.016667
0 0.808333 0.622222 0.032292 0.014815
0 0.809635 0.637500 0.034896 0.017593
0 0.809635 0.647685 0.030729 0.015741
0 0.807813 0.661111 0.030208 0.018519
0 0.805729 0.674074 0.022917 0.018519
0 0.455469 0.321296 0.159896 0.085185
0 0.380729 0.222222 0.209375 0.133333
0 0.282552 0.076389 0.204687 0.132407
0 0.487760 0.391204 0.132812 0.065741
0 0.558333 0.419444 0.018750 0.037037
0 0.587240 0.470833 0.014063 0.019444
0 0.589323 0.436111 0.019271 0.027778
0 0.589583 0.400926 0.013542 0.025926
0 0.596615 0.366667 0.008854 0.022222
0 0.645833 0.639352 0.030208 0.015741
0 0.645052 0.573611 0.031771 0.019444
0 0.687500 0.573611 0.030208 0.017593
0 0.684375 0.645833 0.032292 0.017593
0 0.725000 0.651389 0.035417 0.025000
0 0.786198 0.668056 0.018229 0.019444
0 0.770312 0.630556 0.014583 0.011111
0 0.769010 0.661111 0.013021 0.016667
0 0.778125 0.503704 0.015625 0.025926
0 0.767969 0.511111 0.013021 0.018519
0 0.784896 0.367593 0.017708 0.022222
0 0.548698 0.138889 0.023438 0.068519
0 0.545312 0.075000 0.040625 0.074074
0 0.557552 0.035185 0.019271 0.064815
0 0.512500 0.164352 0.050000 0.089815
0 0.513802 0.094907 0.047396 0.108333
0 0.592187 0.087500 0.015625 0.052778
0 0.597396 0.149074 0.018750 0.048148
0 0.602604 0.181481 0.018750 0.037037
0 0.614323 0.264352 0.018229 0.030556
0 0.615104 0.238426 0.013542 0.030556
0 0.576042 0.278241 0.033333 0.034259
0 0.566927 0.224074 0.040104 0.064815
0 0.587240 0.313426 0.021354 0.037963
0 0.616146 0.400463 0.010417 0.015741
0 0.624740 0.384722 0.007812 0.025000
0 0.604688 0.497685 0.009375 0.013889
0 0.606510 0.487963 0.007812 0.009259
0 0.617448 0.517130 0.011979 0.021296
0 0.244271 0.587037 0.167708 0.098148
0 0.475781 0.672222 0.072396 0.046296
0 0.431510 0.124537 0.099479 0.130556
0 0.444792 0.051852 0.067708 0.101852
0 0.575521 0.016667 0.028125 0.029630
