0 0.623437 0.625463 0.043750 0.032407
0 0.544792 0.613889 0.040625 0.025926
0 0.484115 0.669907 0.036979 0.050926
0 0.436458 0.688889 0.070833 0.064815
0 0.281771 0.781019 0.283333 0.173148
0 0.374479 0.053241 0.059375 0.097222
0 0.454427 0.052315 0.039062 0.097222
0 0.503125 0.115278 0.022917 0.062037
0 0.505469 0.243519 0.016146 0.044444
0 0.516146 0.323148 0.014583 0.031481
0 0.525260 0.343519 0.010937 0.035185
0 0.502083 0.341667 0.013542 0.040741
0 0.451562 0.270370 0.058333 0.059259
0 0.427604 0.201389 0.080208 0.071296
0 0.056250 0.871296 0.110417 0.155556
0 0.990625 0.252778 0.015625 0.025926
0 0.991667 0.218981 0.013542 0.025000
0 0.992448 0.181944 0.014063 0.030556
0 0.989583 0.148611 0.016667 0.030556
0 0.990365 0.112037 0.018229 0.033333
