0 0.201302 0.466667 0.289062 0.166667
0 0.029687 0.397685 0.045833 0.210185
0 0.379427 0.523148 0.118229 0.087037
0 0.471615 0.555093 0.074479 0.052778
0 0.520573 0.557870 0.034896 0.045370
0 0.548177 0.572222 0.033854 0.035185
0 0.486458 0.279167 0.120833 0.100926
0 0.411198 0.066204 0.125521 0.117593
0 0.969271 0.169907 0.059375 0.115741
0 0.915365 0.244907 0.069271 0.100926
0 0.898177 0.303241 0.080729 0.078704
0 0.840885 0.347685 0.044271 0.065741
0 0.810417 0.389352 0.021875 0.050926
0 0.804688 0.412037 0.038542 0.044444
0 0.778125 0.431481 0.023958 0.038889
0 0.756771 0.468056 0.021875 0.037963
0 0.914844 0.742130 0.053646 0.047222
0 0.967187 0.770370 0.055208 0.062963
0 0.878125 0.717593 0.042708 0.035185
0 0.840885 0.702778 0.039062 0.035185
0 0.815625 0.686111 0.026042 0.033333
0 0.793490 0.680556 0.021354 0.035185
0 0.771875 0.668519 0.017708 0.024074
0 0.641667 0.631944 0.041667 0.025000
0 0.867188 0.039815 0.063542 0.072222
0 0.859115 0.096296 0.076563 0.062963
0 0.833854 0.156944 0.068750 0.067593
0 0.805729 0.204167 0.042708 0.050926
0 0.774219 0.113889 0.033854 0.048148
0 0.590885 0.087500 0.017188 0.045370
0 0.556250 0.017130 0.067708 0.026852
0 0.588542 0.147685 0.025000 0.041667
0 0.599479 0.183333 0.014583 0.029630
0 0.586979 0.297222 0.034375 0.057407
0 0.606250 0.236111 0.012500 0.033333
0 0.608333 0.271296 0.018750 0.033333
0 0.745833 0.479630 0.021875 0.035185
0 0.741406 0.498611 0.029687 0.017593
0 0.765625 0.562037 0.019792 0.022222
0 0.792969 0.545833 0.026562 0.021296
