0 0.441146 0.227315 0.076042 0.102778
0 0.471875 0.313889 0.056250 0.064815
0 0.504948 0.351389 0.021354 0.047222
0 0.520573 0.388889 0.026562 0.038889
0 0.583333 0.497222 0.078125 0.042593
0 0.694010 0.482870 0.093229 0.047222
0 0.779948 0.689815 0.075521 0.037037
0 0.688802 0.692130 0.092188 0.041667
0 0.582292 0.663426 0.073958 0.047222
0 0.971094 0.254630 0.052604 0.100000
0 0.940365 0.333796 0.117188 0.089815
0 0.914323 0.368981 0.136979 0.078704
0 0.837240 0.398611 0.034896 0.043519
0 0.808854 0.421759 0.026042 0.045370
0 0.900260 0.035648 0.053646 0.060185
0 0.875260 0.110648 0.042188 0.075000
0 0.847135 0.164815 0.029687 0.066667
0 0.825781 0.223148 0.035937 0.055556
0 0.814583 0.053704 0.038542 0.068519
0 0.803646 0.100463 0.048958 0.071296
0 0.787760 0.143056 0.038021 0.060185
0 0.766146 0.185185 0.025000 0.048148
0 0.506771 0.169444 0.031250 0.079630
0 0.528646 0.236574 0.023958 0.069444
0 0.494792 0.096296 0.016667 0.075926
0 0.483854 0.206481 0.034375 0.066667
0 0.546615 0.078241 0.035937 0.075000
0 0.561979 0.137500 0.034375 0.037963
0 0.574479 0.170833 0.020833 0.043519
0 0.551562 0.279167 0.037500 0.028704
0 0.534896 0.032407 0.028125 0.062963
0 0.345833 0.086574 0.085417 0.141667
0 0.368750 0.047222 0.052083 0.079630
0 0.371354 0.022685 0.032292 0.041667
0 0.947396 0.737963 0.096875 0.075926
0 0.638802 0.673611 0.013021 0.028704
0 0.628646 0.658333 0.003125 0.025926
0 0.555469 0.087963 0.043229 0.057407
0 0.800000 0.259259 0.028125 0.059259
0 0.781510 0.304630 0.016146 0.048148
0 0.765365 0.331019 0.025521 0.047222
