0 0.568490 0.653704 0.099479 0.037037
0 0.677344 0.669444 0.076563 0.040741
0 0.734896 0.673148 0.028125 0.029630
0 0.815885 0.682870 0.133854 0.045370
0 0.895833 0.693519 0.033333 0.031481
0 0.944792 0.706019 0.075000 0.034259
0 0.017708 0.599537 0.033333 0.012037
0 0.015885 0.590741 0.029687 0.009259
0 0.017708 0.583333 0.033333 0.007407
0 0.015885 0.575463 0.031771 0.010185
0 0.017969 0.568056 0.030729 0.008333
0 0.016667 0.558796 0.031250 0.010185
0 0.017448 0.549074 0.029687 0.005556
0 0.014583 0.541204 0.018750 0.006481
0 0.018229 0.531944 0.027083 0.010185
0 0.012760 0.519444 0.022396 0.011111
0 0.015104 0.483333 0.021875 0.025926
0 0.328906 0.325000 0.194271 0.074074
0 0.524219 0.340278 0.184896 0.063889
0 0.532292 0.178241 0.179167 0.065741
0 0.336719 0.154630 0.195312 0.061111
0 0.145573 0.163889 0.197396 0.087037
0 0.336979 0.065278 0.185417 0.100926
0 0.527865 0.072685 0.174479 0.084259
0 0.736979 0.082870 0.197917 0.075000
0 0.740365 0.193056 0.200521 0.058333
0 0.733073 0.282407 0.208854 0.033333
0 0.731771 0.353241 0.201042 0.075000
0 0.916667 0.366204 0.165625 0.062037
0 0.918229 0.206481 0.155208 0.062963
0 0.918229 0.093056 0.161458 0.080556
