0 0.450781 0.693981 0.169271 0.187963
0 0.196615 0.834259 0.389062 0.324074
0 0.556510 0.610185 0.067187 0.098148
0 0.603385 0.567593 0.060937 0.066667
0 0.643229 0.540741 0.066667 0.070370
0 0.685156 0.529167 0.024479 0.039815
0 0.700260 0.515278 0.022396 0.036111
0 0.704948 0.508333 0.032813 0.033333
0 0.725781 0.498148 0.017188 0.016667
0 0.973958 0.536574 0.052083 0.056481
0 0.938802 0.507407 0.060937 0.046296
0 0.894010 0.485648 0.023438 0.028704
0 0.966667 0.039352 0.055208 0.075000
0 0.958073 0.092130 0.083854 0.071296
0 0.946615 0.137963 0.100521 0.074074
0 0.946354 0.169907 0.104167 0.065741
0 0.935677 0.196296 0.109896 0.051852
0 0.924479 0.234259 0.107292 0.037037
0 0.919271 0.252315 0.104167 0.043519
0 0.908594 0.268056 0.106771 0.049074
0 0.653125 0.170370 0.136458 0.081481
0 0.676823 0.220833 0.111979 0.034259
0 0.695312 0.246759 0.097917 0.049074
0 0.716406 0.277315 0.064062 0.025000
0 0.719792 0.293056 0.070833 0.041667
0 0.887760 0.036574 0.038021 0.050926
0 0.875781 0.100926 0.036979 0.046296
0 0.739323 0.482870 0.021354 0.030556
