0 0.217448 0.524537 0.127604 0.056481
0 0.317188 0.483796 0.100000 0.049074
0 0.323437 0.518519 0.094792 0.044444
0 0.402604 0.500926 0.070833 0.048148
0 0.402604 0.325000 0.056250 0.042593
0 0.349740 0.304167 0.066146 0.052778
0 0.277344 0.282870 0.077604 0.041667
0 0.183333 0.269907 0.135417 0.060185
0 0.061719 0.231481 0.119271 0.068519
0 0.335677 0.088889 0.074479 0.070370
0 0.264323 0.043519 0.074479 0.072222
0 0.396615 0.132407 0.056771 0.051852
0 0.441927 0.161574 0.048438 0.054630
0 0.455729 0.026389 0.062500 0.052778
0 0.675000 0.116204 0.246875 0.125000
0 0.647396 0.057407 0.271875 0.109259
0 0.447135 0.401852 0.051562 0.020370
0 0.447396 0.450926 0.051042 0.018519
0 0.443490 0.495370 0.049479 0.037037
