0 0.402865 0.696759 0.149479 0.082407
0 0.400260 0.325926 0.023438 0.031481
0 0.421094 0.321296 0.027604 0.037037
0 0.444531 0.320370 0.029687 0.035185
0 0.469531 0.316204 0.032813 0.030556
0 0.357812 0.331944 0.030208 0.026852
0 0.066406 0.108333 0.126562 0.142593
0 0.070833 0.043519 0.137500 0.085185
0 0.719271 0.469907 0.107292 0.010185
0 0.616146 0.468981 0.090625 0.019444
0 0.585938 0.625463 0.040625 0.023148
0 0.624479 0.632870 0.040625 0.019444
0 0.557031 0.628241 0.023438 0.017593
0 0.529687 0.631481 0.036458 0.020370
0 0.611979 0.392593 0.086458 0.012963
0 0.615625 0.345833 0.088542 0.034259
0 0.530729 0.350926 0.055208 0.020370
0 0.535417 0.398148 0.054167 0.003704
0 0.531510 0.472222 0.050521 0.016667
