0 0.643490 0.593981 0.301563 0.134259
0 0.541146 0.569444 0.083333 0.087037
0 0.604688 0.482870 0.052083 0.065741
0 0.639323 0.486574 0.035937 0.036111
0 0.625521 0.517593 0.042708 0.050000
0 0.564323 0.244907 0.124479 0.078704
0 0.716667 0.204167 0.037500 0.032407
0 0.724479 0.216667 0.028125 0.020370
0 0.717448 0.243056 0.034896 0.026852
0 0.715104 0.270833 0.021875 0.013889
0 0.716927 0.315278 0.031771 0.021296
0 0.721094 0.350463 0.020313 0.023148
0 0.718229 0.380556 0.015625 0.016667
0 0.718490 0.413889 0.010937 0.018519
0 0.719271 0.444444 0.016667 0.020370
0 0.708854 0.480093 0.028125 0.026852
0 0.769531 0.455556 0.091146 0.022222
0 0.773958 0.485648 0.096875 0.039815
0 0.773698 0.419907 0.092188 0.026852
0 0.776302 0.381019 0.096354 0.039815
0 0.778385 0.334259 0.090104 0.029630
0 0.833854 0.368519 0.039583 0.020370
0 0.833594 0.339352 0.028646 0.017593
0 0.831250 0.307870 0.043750 0.023148
0 0.819010 0.280093 0.088021 0.023148
0 0.819010 0.244907 0.091146 0.030556
0 0.820833 0.207407 0.085417 0.031481
0 0.815625 0.169907 0.081250 0.041667
0 0.825521 0.134259 0.080208 0.027778
0 0.880990 0.468981 0.047396 0.025000
