0 0.767188 0.675463 0.111458 0.049074
0 0.921354 0.431019 0.094792 0.030556
0 0.921875 0.191667 0.106250 0.085185
0 0.460938 0.777315 0.222917 0.117593
0 0.460938 0.720370 0.209375 0.094444
0 0.458854 0.655093 0.227083 0.076852
0 0.465104 0.601852 0.214583 0.075926
0 0.473958 0.541204 0.208333 0.089815
0 0.471615 0.486111 0.213021 0.100000
0 0.468490 0.435648 0.207813 0.093519
0 0.462760 0.381019 0.211979 0.115741
0 0.468750 0.325463 0.223958 0.152778
0 0.471615 0.233333 0.124479 0.055556
0 0.473177 0.211111 0.139063 0.112963
0 0.341927 0.213889 0.088021 0.031481
0 0.340885 0.251389 0.085938 0.032407
0 0.342187 0.287963 0.083333 0.038889
0 0.332813 0.326852 0.056250 0.033333
0 0.332552 0.364815 0.053646 0.042593
0 0.331771 0.409722 0.066667 0.034259
0 0.326823 0.443981 0.075521 0.034259
0 0.332031 0.481019 0.082812 0.039815
0 0.333073 0.511111 0.073438 0.038889
0 0.332552 0.538426 0.076563 0.047222
0 0.327865 0.584259 0.080729 0.051852
0 0.318229 0.626852 0.058333 0.055556
0 0.035677 0.028704 0.060937 0.055556
0 0.029948 0.066667 0.054688 0.105556
0 0.025781 0.137037 0.045312 0.094444
0 0.017969 0.201389 0.032813 0.091667
0 0.087500 0.231019 0.085417 0.080556
0 0.089063 0.271296 0.071875 0.062963
0 0.080469 0.317593 0.076563 0.077778
0 0.083854 0.358333 0.078125 0.066667
0 0.083073 0.403704 0.089063 0.072222
0 0.074740 0.434259 0.088021 0.042593
0 0.073698 0.473148 0.088021 0.062963
0 0.075260 0.522222 0.089063 0.035185
0 0.077604 0.568056 0.089583 0.050926
0 0.784896 0.168981 0.083333 0.093519
0 0.785937 0.325926 0.070833 0.053704
0 0.594792 0.210648 0.054167 0.065741
0 0.587500 0.156481 0.053125 0.025926
0 0.508073 0.083796 0.028646 0.054630
0 0.488542 0.035648 0.037500 0.067593
