0 0.495573 0.692593 0.311979 0.190741
0 0.482292 0.616204 0.312500 0.156481
0 0.664844 0.594907 0.067187 0.115741
0 0.702604 0.548611 0.045833 0.054630
0 0.730729 0.516667 0.029167 0.053704
0 0.669531 0.052778 0.139063 0.101852
0 0.859635 0.207870 0.280729 0.115741
0 0.974740 0.251852 0.026562 0.044444
0 0.949479 0.269444 0.021875 0.051852
0 0.929427 0.291667 0.014063 0.037037
0 0.915104 0.303704 0.013542 0.037037
0 0.902344 0.314815 0.015104 0.037037
0 0.894271 0.330093 0.015625 0.030556
0 0.885156 0.338426 0.006771 0.019444
0 0.944792 0.041667 0.026042 0.077778
0 0.925260 0.095370 0.021354 0.057407
0 0.913021 0.133333 0.018750 0.040741
0 0.898177 0.169444 0.020313 0.051852
0 0.885156 0.202315 0.011979 0.028704
0 0.923698 0.483796 0.018229 0.030556
0 0.907813 0.477778 0.016667 0.033333
0 0.891667 0.015741 0.018750 0.029630
0 0.885417 0.047685 0.025000 0.039815
0 0.877083 0.221296 0.009375 0.022222
0 0.747656 0.488889 0.024479 0.038889
