0 0.878906 0.334259 0.234896 0.112963
0 0.044010 0.558333 0.085938 0.059259
0 0.043490 0.281019 0.085938 0.067593
0 0.150781 0.300926 0.099479 0.061111
0 0.156510 0.538426 0.098437 0.037963
0 0.240365 0.519444 0.068229 0.035185
0 0.389062 0.493519 0.036458 0.022222
0 0.362500 0.344444 0.042708 0.035185
0 0.398698 0.356481 0.027604 0.025926
0 0.310937 0.334722 0.055208 0.034259
0 0.261198 0.160648 0.145313 0.084259
0 0.555208 0.493981 0.059375 0.036111
0 0.673177 0.500000 0.107813 0.031481
0 0.877083 0.762963 0.242708 0.144444
