0 0.059115 0.276852 0.115104 0.051852
0 0.189583 0.537500 0.090625 0.045370
0 0.066146 0.559722 0.127083 0.045370
0 0.182812 0.303241 0.091667 0.058333
0 0.257292 0.316667 0.055208 0.044444
0 0.335677 0.331944 0.054688 0.032407
0 0.309635 0.506019 0.113021 0.030556
0 0.383073 0.337963 0.029687 0.031481
0 0.408594 0.348148 0.021354 0.016667
0 0.567708 0.375000 0.020833 0.018519
0 0.541667 0.370833 0.018750 0.013889
0 0.521094 0.368519 0.020313 0.020370
0 0.496875 0.367593 0.022917 0.018519
0 0.271354 0.122685 0.021875 0.025000
0 0.247656 0.108796 0.022396 0.026852
0 0.279427 0.264352 0.033854 0.023148
0 0.321615 0.274074 0.026562 0.022222
0 0.350781 0.286111 0.025521 0.016667
0 0.376302 0.292130 0.023438 0.025000
0 0.403385 0.301389 0.024479 0.017593
0 0.542708 0.273148 0.018750 0.020370
0 0.562240 0.285185 0.020313 0.018519
0 0.837500 0.415278 0.043750 0.013889
0 0.989844 0.239352 0.019271 0.041667
0 0.969531 0.264352 0.021354 0.039815
0 0.948438 0.285648 0.012500 0.025000
0 0.934896 0.297685 0.014583 0.023148
0 0.922917 0.312963 0.007292 0.025926
0 0.914583 0.318519 0.005208 0.022222
0 0.907292 0.326852 0.007292 0.020370
0 0.899479 0.334722 0.004167 0.019444
