0 0.639844 0.537037 0.041146 0.020370
0 0.638802 0.549537 0.041146 0.019444
0 0.638542 0.559722 0.044792 0.015741
0 0.638281 0.576389 0.044271 0.019444
0 0.638802 0.586574 0.043229 0.013889
0 0.637760 0.601389 0.041146 0.015741
0 0.646094 0.616204 0.028646 0.017593
0 0.643229 0.630093 0.023958 0.017593
0 0.643229 0.641204 0.031250 0.021296
0 0.727083 0.634259 0.044792 0.016667
0 0.621354 0.475000 0.035417 0.011111
0 0.621615 0.487037 0.035937 0.012963
0 0.627865 0.499537 0.023438 0.012037
0 0.628906 0.510648 0.025521 0.010185
0 0.630990 0.521296 0.021354 0.011111
0 0.588542 0.507407 0.029167 0.012963
0 0.587760 0.518056 0.027604 0.008333
0 0.588542 0.527315 0.027083 0.008333
0 0.587240 0.538889 0.024479 0.014815
0 0.586198 0.548148 0.026562 0.014815
0 0.585677 0.562037 0.026562 0.012963
0 0.586719 0.574074 0.024479 0.011111
0 0.588281 0.587500 0.027604 0.015741
0 0.607292 0.566204 0.012500 0.008333
0 0.607812 0.575000 0.010417 0.009259
0 0.606510 0.586574 0.007812 0.012037
0 0.607552 0.530556 0.009896 0.011111
0 0.555729 0.523148 0.016667 0.018519
0 0.555990 0.508796 0.014063 0.021296
0 0.555729 0.493056 0.018750 0.021296
0 0.557031 0.481019 0.018229 0.015741
0 0.553125 0.422685 0.015625 0.028704
0 0.424219 0.367130 0.165104 0.097222
0 0.299740 0.342130 0.094271 0.058333
0 0.484115 0.225000 0.064062 0.107407
0 0.870313 0.674074 0.061458 0.022222
0 0.965365 0.718981 0.061979 0.036111
0 0.963281 0.331019 0.068229 0.091667
0 0.863281 0.321759 0.074479 0.034259
0 0.858333 0.215278 0.073958 0.054630
0 0.965365 0.145370 0.063021 0.103704
0 0.916667 0.079630 0.019792 0.040741
0 0.865885 0.082407 0.064062 0.035185
0 0.587240 0.485185 0.033854 0.016667
0 0.587500 0.473148 0.030208 0.014815
