0 0.303906 0.828241 0.558854 0.325000
0 0.493490 0.673148 0.325521 0.200000
0 0.552865 0.626852 0.317188 0.168519
0 0.714844 0.573148 0.025521 0.085185
0 0.734115 0.533796 0.040104 0.062037
0 0.759375 0.485185 0.075000 0.033333
0 0.992448 0.503241 0.015104 0.043519
0 0.981510 0.489815 0.024479 0.035185
0 0.947917 0.477778 0.013542 0.020370
0 0.937760 0.468519 0.009896 0.033333
0 0.910937 0.462963 0.008333 0.018519
0 0.904167 0.459259 0.009375 0.018519
0 0.977083 0.302778 0.013542 0.044444
0 0.991406 0.291204 0.014063 0.045370
0 0.961198 0.320370 0.018229 0.037037
0 0.950000 0.331481 0.016667 0.035185
0 0.937500 0.336574 0.011458 0.030556
0 0.917969 0.356481 0.022396 0.031481
0 0.902604 0.365741 0.008333 0.020370
0 0.538281 0.081944 0.353646 0.162037
0 0.345313 0.210185 0.287500 0.185185
0 0.226042 0.080093 0.077083 0.054630
0 0.454948 0.265741 0.245312 0.112963
0 0.617969 0.132407 0.246354 0.153704
0 0.650521 0.165278 0.204167 0.115741
0 0.676823 0.218056 0.175521 0.104630
0 0.767969 0.258333 0.020313 0.046296
0 0.772917 0.289352 0.027083 0.049074
0 0.984115 0.073148 0.030729 0.087037
0 0.975521 0.134722 0.044792 0.050926
0 0.968229 0.171296 0.052083 0.038889
0 0.960417 0.186574 0.062500 0.034259
0 0.956510 0.206019 0.072396 0.034259
0 0.920052 0.224074 0.009896 0.022222
0 0.914062 0.236574 0.007292 0.019444
0 0.907292 0.250000 0.008333 0.020370
0 0.901302 0.264352 0.008854 0.025000
0 0.744792 0.044444 0.083333 0.087037
0 0.935677 0.019444 0.021354 0.027778
0 0.916406 0.018981 0.020313 0.026852
0 0.913802 0.056481 0.030729 0.033333
0 0.767708 0.324537 0.056250 0.023148
0 0.783073 0.306481 0.015104 0.031481
0 0.405469 0.380556 0.024479 0.020370
0 0.422135 0.379630 0.026562 0.022222
0 0.443750 0.381944 0.029167 0.028704
0 0.779167 0.159259 0.035417 0.044444
