0 0.312240 0.036111 0.205729 0.062963
0 0.339844 0.125926 0.214062 0.127778
0 0.395833 0.207870 0.162500 0.087963
0 0.438542 0.261111 0.133333 0.070370
0 0.467969 0.311111 0.100521 0.048148
0 0.491667 0.344444 0.075000 0.042593
0 0.501823 0.375463 0.079687 0.041667
0 0.511198 0.395370 0.084896 0.050000
0 0.553906 0.421759 0.016146 0.034259
0 0.927083 0.255093 0.139583 0.060185
0 0.900781 0.303241 0.157812 0.056481
0 0.877344 0.332870 0.156771 0.047222
0 0.828646 0.376389 0.095833 0.039815
0 0.817708 0.395370 0.119792 0.046296
0 0.816667 0.031944 0.031250 0.049074
0 0.794271 0.092130 0.036458 0.060185
0 0.772656 0.142130 0.033854 0.039815
0 0.770573 0.190741 0.033854 0.040741
0 0.755729 0.243519 0.040625 0.031481
0 0.749219 0.275463 0.046354 0.028704
0 0.510156 0.045370 0.041146 0.057407
0 0.561719 0.269907 0.023438 0.032407
0 0.560937 0.241667 0.020833 0.033333
0 0.553125 0.201852 0.020833 0.040741
0 0.733333 0.642130 0.031250 0.017593
