0 0.189583 0.135648 0.339583 0.247222
0 0.448958 0.409722 0.153125 0.071296
0 0.510938 0.448148 0.079167 0.048148
0 0.555469 0.468519 0.021354 0.031481
0 0.572656 0.483333 0.018229 0.022222
0 0.542188 0.305093 0.084375 0.045370
0 0.455729 0.151389 0.166667 0.117593
0 0.424219 0.058796 0.172396 0.113889
0 0.968750 0.390741 0.061458 0.085185
0 0.899740 0.471759 0.074479 0.047222
0 0.838281 0.505093 0.039062 0.032407
0 0.806510 0.529630 0.020313 0.020370
0 0.886719 0.285648 0.099479 0.065741
0 0.873698 0.329167 0.109896 0.049074
0 0.912240 0.172222 0.051562 0.085185
0 0.962240 0.074537 0.068229 0.136111
0 0.871354 0.093056 0.070833 0.075000
0 0.884635 0.036111 0.056771 0.066667
0 0.589583 0.233333 0.036458 0.057407
0 0.460417 0.231944 0.023958 0.037963
0 0.436719 0.199074 0.027604 0.057407
