0 0.710417 0.695370 0.107292 0.038889
0 0.771615 0.693056 0.032813 0.030556
0 0.855990 0.684259 0.076563 0.042593
0 0.131510 0.585648 0.154688 0.145370
0 0.232813 0.701852 0.040625 0.077778
0 0.172396 0.301389 0.043750 0.049074
0 0.127865 0.329630 0.019271 0.011111
0 0.130208 0.340278 0.014583 0.012037
0 0.123438 0.352315 0.006250 0.012037
0 0.115625 0.270370 0.089583 0.072222
0 0.109635 0.438889 0.086979 0.050000
0 0.026562 0.412037 0.048958 0.044444
0 0.891406 0.287500 0.025521 0.013889
0 0.890885 0.294907 0.027604 0.006481
0 0.891406 0.301852 0.027604 0.011111
0 0.891146 0.310648 0.027083 0.008333
0 0.856250 0.297685 0.028125 0.013889
0 0.855729 0.304167 0.026042 0.008333
0 0.855729 0.311574 0.027083 0.012037
0 0.855469 0.317593 0.026562 0.007407
0 0.855990 0.325463 0.028646 0.015741
