0 0.307812 0.803241 0.583333 0.332407
0 0.612500 0.630556 0.117708 0.140741
0 0.678125 0.562963 0.060417 0.074074
0 0.698438 0.534259 0.065625 0.066667
0 0.729167 0.512500 0.034375 0.041667
0 0.988542 0.523611 0.022917 0.043519
0 0.935156 0.502315 0.022396 0.034259
0 0.922135 0.495370 0.019271 0.038889
0 0.882031 0.480093 0.010937 0.025000
0 0.869010 0.475926 0.019271 0.018519
0 0.987760 0.263426 0.022396 0.069444
0 0.959375 0.292130 0.023958 0.050926
0 0.938021 0.310648 0.021875 0.041667
0 0.917188 0.330556 0.021875 0.038889
0 0.895833 0.345370 0.018750 0.035185
0 0.881250 0.357870 0.012500 0.028704
0 0.869792 0.362500 0.011458 0.026852
0 0.575000 0.106481 0.243750 0.177778
0 0.550521 0.035185 0.225000 0.051852
0 0.616927 0.185648 0.186979 0.091667
0 0.656250 0.241204 0.128125 0.087963
0 0.662760 0.255093 0.129688 0.045370
0 0.677344 0.286111 0.124479 0.053704
0 0.716927 0.094907 0.068229 0.075000
0 0.968750 0.050000 0.044792 0.077778
0 0.959375 0.090741 0.067708 0.072222
0 0.946875 0.133333 0.076042 0.062963
0 0.945573 0.168519 0.104688 0.075926
0 0.916146 0.193519 0.059375 0.031481
0 0.886458 0.212037 0.016667 0.029630
0 0.868229 0.245370 0.019792 0.042593
0 0.061198 0.181019 0.093229 0.056481
0 0.732812 0.193056 0.053125 0.050926
0 0.722917 0.331481 0.069792 0.035185
