0 0.913542 0.677778 0.164583 0.088889
0 0.914844 0.731944 0.163021 0.102778
0 0.913542 0.776389 0.160417 0.125000
0 0.371354 0.696759 0.211458 0.091667
0 0.258073 0.689352 0.040104 0.062037
0 0.141667 0.753704 0.197917 0.125926
0 0.348698 0.041204 0.080729 0.075000
0 0.440885 0.039352 0.046354 0.078704
0 0.626563 0.606481 0.066667 0.018519
0 0.626302 0.626389 0.066146 0.021296
0 0.628125 0.640741 0.067708 0.016667
0 0.706250 0.475463 0.062500 0.032407
0 0.704688 0.495370 0.064583 0.022222
0 0.705208 0.511574 0.066667 0.028704
0 0.704688 0.529167 0.064583 0.021296
0 0.704948 0.543981 0.064062 0.023148
0 0.705208 0.557407 0.063542 0.018519
0 0.703125 0.572222 0.065625 0.024074
0 0.703125 0.591667 0.064583 0.020370
0 0.701562 0.606481 0.067708 0.025926
0 0.702604 0.622685 0.065625 0.021296
0 0.700521 0.635648 0.067708 0.028704
0 0.696615 0.655093 0.075521 0.023148
0 0.760417 0.664815 0.060417 0.029630
0 0.861719 0.308796 0.120313 0.086111
0 0.861198 0.338889 0.117188 0.075926
0 0.858073 0.364815 0.113021 0.066667
0 0.859115 0.393981 0.114062 0.075000
0 0.861979 0.412500 0.118750 0.049074
0 0.814323 0.442593 0.025521 0.040741
0 0.956510 0.238426 0.049479 0.106481
0 0.956771 0.265741 0.046875 0.105556
0 0.954167 0.303241 0.048958 0.091667
0 0.955469 0.335648 0.055729 0.089815
0 0.954167 0.375926 0.055208 0.081481
0 0.957031 0.400000 0.050521 0.070370
0 0.972396 0.422685 0.020833 0.043519
0 0.973958 0.460648 0.014583 0.050926
0 0.978906 0.492593 0.017188 0.035185
0 0.978385 0.525000 0.018229 0.035185
0 0.981510 0.570833 0.018229 0.039815
0 0.956771 0.019907 0.012500 0.032407
0 0.970573 0.048148 0.036979 0.092593
0 0.975781 0.063889 0.047396 0.120370
0 0.975521 0.087963 0.045833 0.138889
0 0.976042 0.117593 0.044792 0.135185
0 0.975781 0.149074 0.047396 0.112963
0 0.981250 0.179630 0.034375 0.090741
0 0.989323 0.208796 0.020313 0.058333
0 0.990104 0.239352 0.017708 0.058333
0 0.989583 0.286111 0.019792 0.053704
0 0.992188 0.321296 0.014583 0.055556
0 0.990885 0.359259 0.017188 0.053704
0 0.990104 0.399074 0.014583 0.044444
0 0.989323 0.441667 0.017188 0.040741
0 0.991146 0.477778 0.015625 0.037037
0 0.990625 0.517593 0.014583 0.040741
0 0.993490 0.562500 0.009896 0.047222
0 0.987500 0.607870 0.019792 0.036111
0 0.799219 0.680556 0.017188 0.020370
0 0.800000 0.661574 0.014583 0.025000
0 0.803385 0.637963 0.023438 0.022222
0 0.802865 0.618519 0.022396 0.029630
0 0.800260 0.591204 0.019271 0.025000
0 0.800781 0.568981 0.020313 0.028704
0 0.801562 0.550926 0.018750 0.031481
0 0.800000 0.528704 0.018750 0.027778
0 0.797656 0.508333 0.013021 0.024074
0 0.798177 0.489352 0.015104 0.025000
0 0.795573 0.465741 0.017188 0.031481
0 0.795312 0.447685 0.012500 0.034259
0 0.796615 0.425463 0.016146 0.036111
0 0.795052 0.406944 0.013021 0.032407
0 0.795052 0.388426 0.014063 0.036111
0 0.794792 0.370833 0.014583 0.045370
0 0.935156 0.234259 0.050521 0.018519
0 0.938021 0.257870 0.044792 0.023148
0 0.936979 0.211111 0.048958 0.025926
0 0.932292 0.189352 0.047917 0.043519
0 0.930729 0.163426 0.042708 0.034259
0 0.929688 0.141667 0.052083 0.042593
0 0.928906 0.115741 0.044271 0.040741
0 0.930208 0.086574 0.039583 0.034259
0 0.925781 0.066204 0.048438 0.045370
0 0.925260 0.039815 0.047396 0.042593
0 0.927604 0.016667 0.042708 0.031481
0 0.849219 0.025463 0.091146 0.045370
0 0.850260 0.057870 0.097396 0.075000
0 0.850260 0.076389 0.091146 0.065741
0 0.855729 0.082407 0.087500 0.035185
0 0.854167 0.112963 0.095833 0.050000
0 0.856250 0.131481 0.096875 0.022222
0 0.853906 0.156944 0.095312 0.047222
0 0.855729 0.183333 0.088542 0.024074
0 0.851823 0.202778 0.099479 0.035185
0 0.855208 0.224537 0.096875 0.030556
0 0.851823 0.250926 0.102604 0.038889
