0 0.140625 0.873611 0.278125 0.250926
0 0.358854 0.631019 0.232292 0.189815
0 0.376302 0.732870 0.231771 0.213889
0 0.529167 0.611574 0.138542 0.112037
0 0.599219 0.581944 0.082812 0.082407
0 0.638802 0.556481 0.065104 0.074074
0 0.670833 0.532870 0.048958 0.063889
0 0.694531 0.518519 0.046354 0.040741
0 0.971615 0.526852 0.038021 0.040741
0 0.982552 0.550000 0.025521 0.053704
0 0.947135 0.506944 0.088021 0.041667
0 0.890104 0.488426 0.028125 0.023148
0 0.724479 0.503704 0.021875 0.037037
0 0.958073 0.125926 0.083854 0.092593
0 0.933073 0.212500 0.116146 0.065741
0 0.927865 0.261574 0.111979 0.062037
0 0.616927 0.102778 0.160938 0.127778
0 0.659635 0.186111 0.138021 0.085185
0 0.702865 0.269907 0.104688 0.067593
0 0.720313 0.040741 0.020833 0.059259
0 0.419792 0.140278 0.077083 0.049074
0 0.469271 0.161574 0.033333 0.049074
0 0.495052 0.185185 0.021354 0.044444
0 0.411458 0.206944 0.081250 0.058333
0 0.468229 0.224537 0.037500 0.050926
0 0.346875 0.167130 0.068750 0.062037
0 0.261979 0.093056 0.046875 0.060185
0 0.446094 0.341204 0.039062 0.036111
0 0.411719 0.339815 0.043229 0.046296
