0 0.092188 0.070833 0.177083 0.136111
0 0.256510 0.173148 0.178646 0.201852
0 0.389323 0.307407 0.102604 0.112963
0 0.419531 0.415741 0.182812 0.064815
0 0.549479 0.477315 0.032292 0.028704
0 0.571875 0.491204 0.016667 0.019444
0 0.582292 0.501852 0.014583 0.020370
0 0.539062 0.313426 0.081250 0.047222
0 0.527604 0.273611 0.075000 0.058333
0 0.461198 0.162963 0.121354 0.090741
0 0.421094 0.074074 0.139063 0.131481
0 0.902604 0.456019 0.072917 0.062037
0 0.852865 0.477315 0.031771 0.032407
0 0.827344 0.493519 0.024479 0.031481
0 0.795052 0.516204 0.020313 0.025000
0 0.775521 0.530556 0.015625 0.022222
0 0.883594 0.288426 0.139063 0.056481
0 0.912500 0.246759 0.168750 0.078704
0 0.837760 0.331481 0.067187 0.040741
0 0.561198 0.202778 0.059896 0.064815
