0 0.925781 0.046296 0.033854 0.064815
0 0.916667 0.080093 0.031250 0.045370
0 0.901042 0.114815 0.018750 0.037037
0 0.891927 0.149074 0.016146 0.024074
0 0.880469 0.169444 0.016146 0.031481
0 0.985938 0.161111 0.027083 0.072222
0 0.962760 0.203704 0.025521 0.075926
0 0.939844 0.231944 0.023438 0.058333
0 0.923698 0.256019 0.014063 0.043519
0 0.909896 0.282407 0.017708 0.037037
0 0.893750 0.294907 0.011458 0.028704
0 0.884375 0.316667 0.013542 0.024074
0 0.874219 0.326852 0.013021 0.024074
0 0.650000 0.113889 0.122917 0.127778
0 0.670573 0.180556 0.097396 0.074074
0 0.691146 0.215278 0.091667 0.067593
0 0.734375 0.254630 0.029167 0.046296
0 0.663542 0.404630 0.033333 0.066667
0 0.663802 0.604167 0.031771 0.062037
0 0.986198 0.534259 0.021354 0.046296
0 0.901563 0.487963 0.012500 0.020370
0 0.879427 0.477315 0.014063 0.026852
0 0.880208 0.423148 0.010417 0.018519
0 0.746354 0.424537 0.019792 0.019444
0 0.745833 0.294907 0.022917 0.037963
0 0.876563 0.341667 0.041667 0.020370
0 0.864844 0.228241 0.022396 0.030556
0 0.766667 0.123611 0.012500 0.023148
0 0.875781 0.039352 0.021354 0.036111
