0 0.844271 0.711111 0.127083 0.066667
0 0.953646 0.737500 0.091667 0.054630
0 0.908073 0.718056 0.028646 0.034259
0 0.590104 0.715278 0.187500 0.112037
0 0.346094 0.732407 0.348438 0.164815
0 0.693750 0.653241 0.081250 0.023148
0 0.769271 0.654630 0.043750 0.022222
0 0.767708 0.570370 0.040625 0.016667
0 0.270052 0.419444 0.019271 0.022222
0 0.285417 0.418519 0.018750 0.020370
0 0.303646 0.415741 0.017708 0.016667
0 0.250260 0.420833 0.021354 0.028704
0 0.251042 0.381019 0.021875 0.012037
0 0.236198 0.347685 0.018229 0.021296
0 0.301823 0.347222 0.044271 0.022222
0 0.353385 0.383796 0.044271 0.019444
0 0.363542 0.393056 0.029167 0.013889
0 0.365885 0.403704 0.023438 0.016667
0 0.322396 0.407407 0.019792 0.007407
0 0.323177 0.415278 0.020313 0.008333
0 0.322917 0.422685 0.020833 0.008333
0 0.322917 0.430093 0.020833 0.008333
0 0.322396 0.439352 0.021875 0.010185
0 0.321354 0.447685 0.018750 0.006481
0 0.320573 0.453704 0.020313 0.005556
0 0.320312 0.460648 0.019792 0.008333
0 0.320573 0.469907 0.019271 0.010185
0 0.344531 0.437037 0.021354 0.007407
0 0.344792 0.445833 0.020833 0.010185
0 0.338802 0.455556 0.008854 0.009259
0 0.338802 0.464815 0.009896 0.009259
0 0.338802 0.473148 0.010937 0.005556
0 0.339323 0.481481 0.009896 0.009259
0 0.307292 0.431019 0.010417 0.008333
0 0.305729 0.438889 0.013542 0.007407
0 0.305208 0.444907 0.009375 0.006481
0 0.305469 0.452778 0.008854 0.009259
0 0.379948 0.379630 0.038021 0.020370
0 0.384635 0.388889 0.026562 0.016667
0 0.386198 0.393981 0.020313 0.017593
0 0.386458 0.404630 0.020833 0.022222
0 0.388281 0.412500 0.019271 0.021296
0 0.434635 0.331944 0.038021 0.034259
0 0.512500 0.322222 0.039583 0.027778
0 0.513021 0.425926 0.032292 0.027778
0 0.536198 0.425000 0.035937 0.025926
0 0.566406 0.423148 0.033854 0.024074
0 0.599219 0.423148 0.030729 0.024074
0 0.630990 0.422685 0.035937 0.025000
0 0.665104 0.422222 0.034375 0.020370
0 0.705469 0.419444 0.033854 0.025926
0 0.737500 0.418981 0.034375 0.028704
0 0.777083 0.417593 0.034375 0.025926
0 0.824740 0.415741 0.040104 0.025926
0 0.863802 0.413426 0.040104 0.028704
0 0.903125 0.414352 0.045833 0.043519
0 0.959115 0.418519 0.056771 0.037037
0 0.994010 0.412500 0.010937 0.023148
0 0.906771 0.281019 0.052083 0.041667
0 0.860677 0.288426 0.041146 0.036111
0 0.819792 0.293981 0.043750 0.045370
0 0.776042 0.295833 0.042708 0.043519
0 0.739583 0.297685 0.033333 0.041667
0 0.703906 0.303241 0.033854 0.043519
0 0.669271 0.308333 0.035417 0.042593
0 0.635938 0.313889 0.032292 0.044444
0 0.602344 0.313426 0.032813 0.041667
0 0.359896 0.353241 0.039583 0.021296
0 0.361458 0.361111 0.038542 0.018519
0 0.357552 0.364815 0.030729 0.012963
0 0.354687 0.373148 0.027083 0.014815
