0 0.934635 0.762037 0.125521 0.122222
0 0.832812 0.673148 0.055208 0.020370
0 0.798177 0.191204 0.032813 0.012037
0 0.796875 0.199537 0.032292 0.012037
0 0.796615 0.208333 0.038021 0.014815
0 0.796615 0.217130 0.036979 0.013889
0 0.798438 0.227315 0.036458 0.015741
0 0.796354 0.236111 0.037500 0.012963
0 0.797917 0.246759 0.037500 0.012037
0 0.797135 0.256481 0.035937 0.012963
0 0.798698 0.268519 0.035937 0.011111
0 0.798698 0.277778 0.040104 0.011111
0 0.797396 0.287037 0.040625 0.011111
0 0.796875 0.298148 0.037500 0.011111
0 0.797917 0.309722 0.036458 0.012037
0 0.798177 0.318056 0.039062 0.008333
0 0.797656 0.327778 0.040104 0.011111
0 0.759375 0.199074 0.028125 0.012963
0 0.759635 0.206481 0.032813 0.012963
0 0.761198 0.215741 0.031771 0.012963
0 0.758854 0.223611 0.032292 0.013889
0 0.759896 0.235185 0.033333 0.012963
0 0.761979 0.243056 0.040625 0.012037
0 0.763021 0.255093 0.037500 0.012037
0 0.758073 0.263889 0.028646 0.007407
0 0.758854 0.274537 0.030208 0.013889
0 0.761198 0.286111 0.027604 0.009259
0 0.759115 0.295833 0.030729 0.010185
0 0.758594 0.303241 0.029687 0.008333
0 0.761198 0.312963 0.031771 0.012963
0 0.716667 0.201389 0.030208 0.013889
0 0.715625 0.209259 0.030208 0.011111
0 0.716406 0.220833 0.030729 0.015741
0 0.715625 0.227778 0.030208 0.011111
0 0.715104 0.238889 0.031250 0.011111
0 0.714323 0.248148 0.029687 0.007407
0 0.714323 0.260185 0.029687 0.012963
0 0.714063 0.269907 0.029167 0.006481
0 0.713542 0.276852 0.030208 0.007407
0 0.714063 0.284259 0.031250 0.009259
0 0.713021 0.296759 0.033333 0.013889
0 0.714583 0.304630 0.032292 0.007407
0 0.715365 0.316204 0.030729 0.015741
0 0.678385 0.208333 0.030729 0.012963
0 0.675781 0.215278 0.028646 0.010185
0 0.674740 0.224537 0.030729 0.012037
0 0.675521 0.233796 0.031250 0.008333
0 0.675521 0.244444 0.031250 0.016667
0 0.672917 0.252315 0.031250 0.008333
0 0.673958 0.264352 0.027083 0.015741
0 0.674479 0.272685 0.029167 0.010185
0 0.674740 0.282407 0.032813 0.011111
0 0.673958 0.290278 0.028125 0.008333
0 0.674219 0.300000 0.027604 0.011111
0 0.675521 0.308333 0.031250 0.009259
0 0.675781 0.317593 0.030729 0.009259
0 0.673438 0.326852 0.032292 0.011111
0 0.643750 0.256019 0.026042 0.013889
0 0.642708 0.266667 0.026042 0.007407
0 0.644010 0.275463 0.026562 0.008333
0 0.643490 0.284259 0.024479 0.009259
0 0.643750 0.293981 0.028125 0.006481
0 0.642448 0.303241 0.025521 0.006481
0 0.642448 0.310185 0.025521 0.007407
0 0.641146 0.319444 0.022917 0.009259
0 0.603385 0.217593 0.024479 0.011111
0 0.604427 0.225926 0.027604 0.011111
0 0.604688 0.236574 0.026042 0.010185
0 0.605729 0.246296 0.026042 0.009259
0 0.605990 0.256481 0.028646 0.012963
0 0.604688 0.266204 0.026042 0.008333
0 0.604427 0.278241 0.026562 0.015741
0 0.603125 0.287500 0.027083 0.008333
0 0.603125 0.296296 0.027083 0.009259
0 0.601823 0.307870 0.025521 0.010185
0 0.602604 0.318981 0.030208 0.012037
0 0.571094 0.224074 0.027604 0.012963
0 0.570312 0.231481 0.030208 0.009259
0 0.569010 0.239352 0.026562 0.008333
0 0.569531 0.249537 0.027604 0.012037
0 0.569792 0.261574 0.029167 0.012037
0 0.568750 0.272685 0.029167 0.010185
0 0.568229 0.283796 0.028125 0.012037
0 0.568229 0.295370 0.027083 0.011111
0 0.567187 0.306481 0.027083 0.009259
0 0.568490 0.316667 0.024479 0.009259
0 0.567969 0.327315 0.027604 0.008333
0 0.540625 0.224537 0.025000 0.006481
0 0.540625 0.233333 0.025000 0.011111
0 0.539844 0.243981 0.026562 0.008333
0 0.538542 0.253704 0.026042 0.011111
0 0.539062 0.262963 0.025000 0.007407
0 0.538802 0.270370 0.025521 0.007407
0 0.538021 0.278704 0.026042 0.007407
0 0.539062 0.286111 0.025000 0.009259
0 0.538281 0.294444 0.022396 0.011111
0 0.542969 0.303704 0.016146 0.009259
0 0.542969 0.312500 0.016146 0.008333
0 0.511458 0.228704 0.020833 0.011111
0 0.512760 0.237963 0.024479 0.011111
0 0.516406 0.246759 0.017188 0.008333
0 0.514062 0.253704 0.012500 0.007407
0 0.318750 0.255556 0.021875 0.011111
0 0.319531 0.262963 0.020313 0.009259
0 0.315625 0.270833 0.020833 0.008333
0 0.316927 0.278704 0.019271 0.009259
0 0.316927 0.284259 0.020313 0.009259
0 0.316927 0.291204 0.020313 0.008333
0 0.315104 0.297685 0.018750 0.008333
0 0.315104 0.306481 0.019792 0.009259
0 0.316146 0.315278 0.020833 0.006481
0 0.316927 0.322222 0.019271 0.007407
0 0.313542 0.330093 0.018750 0.006481
0 0.340885 0.286111 0.019271 0.005556
0 0.340885 0.293981 0.019271 0.010185
0 0.338802 0.302778 0.020313 0.007407
0 0.339323 0.311111 0.019271 0.009259
0 0.338021 0.317593 0.016667 0.005556
0 0.338802 0.325000 0.017188 0.007407
0 0.367448 0.249537 0.020313 0.006481
0 0.365365 0.257407 0.024479 0.009259
0 0.364583 0.264352 0.019792 0.006481
0 0.364583 0.272222 0.019792 0.009259
0 0.364844 0.280093 0.020313 0.006481
0 0.364063 0.287500 0.022917 0.008333
0 0.363542 0.294907 0.021875 0.008333
0 0.362240 0.301852 0.024479 0.005556
0 0.361719 0.309722 0.022396 0.006481
0 0.362500 0.317593 0.021875 0.009259
0 0.360938 0.325926 0.019792 0.007407
0 0.296094 0.257870 0.019271 0.006481
0 0.296094 0.266204 0.021354 0.010185
0 0.294271 0.274537 0.019792 0.006481
0 0.293229 0.284722 0.022917 0.013889
0 0.294010 0.294907 0.019271 0.006481
0 0.293750 0.302315 0.019792 0.006481
0 0.293490 0.309259 0.020313 0.007407
0 0.292708 0.315741 0.019792 0.005556
0 0.292708 0.322685 0.020833 0.008333
0 0.292448 0.331019 0.020313 0.008333
0 0.292187 0.338889 0.018750 0.005556
0 0.291927 0.344907 0.019271 0.008333
0 0.289844 0.350926 0.018229 0.007407
0 0.289844 0.356481 0.021354 0.009259
0 0.288802 0.364815 0.019271 0.007407
0 0.289062 0.372685 0.018750 0.008333
0 0.311979 0.335185 0.015625 0.007407
0 0.311198 0.343981 0.016146 0.008333
0 0.313542 0.351389 0.020833 0.006481
0 0.313281 0.359259 0.019271 0.009259
0 0.309896 0.365741 0.014583 0.005556
0 0.273698 0.261111 0.017188 0.009259
0 0.274479 0.269444 0.018750 0.007407
0 0.273438 0.278241 0.020833 0.010185
0 0.273438 0.285185 0.021875 0.003704
0 0.272917 0.291667 0.022917 0.009259
0 0.272135 0.298611 0.021354 0.004630
0 0.273958 0.304167 0.018750 0.006481
0 0.272396 0.311574 0.015625 0.006481
0 0.277344 0.318056 0.005729 0.008333
0 0.273958 0.326389 0.009375 0.008333
0 0.274740 0.333333 0.007812 0.003704
0 0.273177 0.339815 0.007812 0.007407
0 0.271094 0.347222 0.013021 0.007407
0 0.271094 0.355093 0.013021 0.008333
0 0.272135 0.361574 0.010937 0.006481
0 0.270313 0.368519 0.007292 0.007407
0 0.310677 0.372685 0.015104 0.004630
0 0.310677 0.378704 0.015104 0.007407
0 0.309635 0.386111 0.014063 0.007407
0 0.308333 0.393519 0.017708 0.007407
0 0.136979 0.849537 0.262500 0.156481
0 0.363281 0.826852 0.236979 0.122222
0 0.511979 0.729167 0.096875 0.099074
0 0.578385 0.694444 0.053646 0.062963
0 0.101302 0.299074 0.030729 0.024074
0 0.069792 0.283796 0.033333 0.026852
0 0.036979 0.265741 0.035417 0.022222
0 0.013281 0.252315 0.023438 0.028704
0 0.566667 0.333796 0.028125 0.008333
0 0.568229 0.339815 0.028125 0.007407
0 0.568490 0.348611 0.026562 0.010185
0 0.567708 0.357407 0.025000 0.007407
0 0.567448 0.366204 0.025521 0.010185
0 0.566927 0.375463 0.024479 0.008333
0 0.603125 0.329167 0.029167 0.010185
0 0.602865 0.340278 0.029687 0.012037
0 0.601302 0.348148 0.025521 0.007407
0 0.641667 0.325463 0.027083 0.012037
0 0.641667 0.337037 0.028125 0.011111
