0 0.559635 0.635185 0.055729 0.022222
0 0.622135 0.638889 0.038021 0.020370
0 0.693490 0.648611 0.064062 0.017593
0 0.759375 0.657407 0.035417 0.011111
0 0.730469 0.653704 0.021354 0.014815
0 0.834375 0.689815 0.079167 0.027778
0 0.796615 0.660185 0.043229 0.016667
0 0.894792 0.689352 0.041667 0.026852
0 0.952865 0.728241 0.089063 0.050926
0 0.236198 0.881944 0.470313 0.228704
0 0.087760 0.049074 0.130729 0.079630
0 0.128906 0.034722 0.041146 0.067593
0 0.135156 0.026389 0.032813 0.047222
0 0.140104 0.014815 0.026042 0.027778
0 0.049479 0.014352 0.095833 0.025000
0 0.805990 0.259722 0.059896 0.045370
0 0.846354 0.266667 0.057292 0.050000
0 0.890625 0.266204 0.040625 0.034259
0 0.928646 0.271296 0.032292 0.038889
0 0.884375 0.331481 0.131250 0.040741
0 0.974219 0.335185 0.050521 0.025926
0 0.971615 0.398611 0.053646 0.017593
0 0.979427 0.492130 0.039062 0.019444
0 0.895052 0.481019 0.120313 0.026852
0 0.778646 0.464815 0.110417 0.020370
0 0.652865 0.454167 0.106771 0.028704
0 0.651823 0.421759 0.115104 0.025000
0 0.538021 0.450926 0.109375 0.044444
0 0.537500 0.359259 0.100000 0.046296
0 0.542188 0.289815 0.103125 0.031481
0 0.504948 0.222222 0.032813 0.040741
0 0.539844 0.226852 0.036979 0.042593
0 0.577344 0.234259 0.036979 0.037037
0 0.620313 0.240741 0.046875 0.037037
0 0.658333 0.240278 0.035417 0.039815
0 0.689583 0.248611 0.038542 0.041667
0 0.731250 0.250926 0.053125 0.040741
0 0.771875 0.317593 0.121875 0.044444
0 0.654687 0.305093 0.116667 0.041667
0 0.446354 0.283796 0.061458 0.041667
0 0.467969 0.341667 0.014063 0.025926
0 0.460938 0.436111 0.017708 0.016667
0 0.461458 0.229630 0.048958 0.038889
0 0.461458 0.205093 0.051042 0.010185
0 0.458333 0.197685 0.042708 0.010185
0 0.459375 0.191667 0.044792 0.012963
0 0.458854 0.181481 0.040625 0.011111
0 0.458854 0.172685 0.044792 0.010185
0 0.459115 0.164352 0.045312 0.013889
0 0.459375 0.157870 0.045833 0.015741
0 0.460156 0.148611 0.046354 0.012037
0 0.461719 0.143056 0.043229 0.013889
0 0.461719 0.135648 0.043229 0.012037
0 0.461719 0.128704 0.043229 0.011111
0 0.460417 0.120833 0.042708 0.012037
0 0.461979 0.114352 0.042708 0.013889
0 0.461979 0.103704 0.043750 0.012963
0 0.462500 0.098148 0.043750 0.012963
0 0.462240 0.087037 0.042188 0.012963
0 0.462760 0.078704 0.044271 0.016667
0 0.464062 0.068056 0.044792 0.012037
0 0.465104 0.061574 0.046875 0.013889
