0 0.234635 0.490741 0.460938 0.377778
0 0.518229 0.441667 0.153125 0.185185
0 0.624219 0.445833 0.065104 0.117593
0 0.711198 0.513426 0.042188 0.034259
0 0.673438 0.572685 0.053125 0.087963
0 0.709635 0.437963 0.040104 0.038889
0 0.738802 0.491667 0.018229 0.037037
0 0.540885 0.053241 0.245312 0.095370
0 0.602344 0.098148 0.175521 0.140741
0 0.650260 0.185648 0.118229 0.073148
0 0.663542 0.220833 0.107292 0.063889
0 0.682813 0.252778 0.094792 0.068519
0 0.721094 0.127778 0.070312 0.087037
0 0.701302 0.045370 0.100521 0.079630
