0 0.852604 0.725926 0.177083 0.072222
0 0.858854 0.706481 0.250000 0.105556
0 0.649479 0.650463 0.039583 0.032407
0 0.610417 0.655093 0.051042 0.034259
0 0.564063 0.664352 0.051042 0.034259
0 0.515365 0.734259 0.106771 0.083333
0 0.419531 0.754630 0.126562 0.074074
0 0.281510 0.794444 0.294271 0.225926
0 0.036458 0.790278 0.072917 0.095370
0 0.099219 0.740741 0.113021 0.096296
0 0.985677 0.558333 0.021354 0.022222
0 0.991406 0.703241 0.015104 0.036111
0 0.955729 0.298611 0.066667 0.067593
0 0.892969 0.306481 0.065104 0.061111
0 0.818750 0.321759 0.072917 0.056481
0 0.757292 0.330556 0.064583 0.048148
0 0.708333 0.341204 0.053125 0.052778
0 0.656771 0.355093 0.058333 0.052778
0 0.615885 0.359259 0.056771 0.046296
0 0.578646 0.366204 0.052083 0.047222
0 0.581771 0.231944 0.055208 0.065741
0 0.488021 0.264352 0.055208 0.060185
0 0.705990 0.182870 0.056771 0.060185
0 0.761198 0.163426 0.051562 0.071296
0 0.812760 0.144907 0.055729 0.080556
0 0.879687 0.118519 0.065625 0.088889
0 0.946354 0.100463 0.060417 0.104630
0 0.986979 0.087037 0.019792 0.096296
0 0.501563 0.442593 0.037500 0.020370
0 0.397135 0.350926 0.024479 0.016667
0 0.397135 0.359722 0.023438 0.021296
0 0.398698 0.372222 0.023438 0.020370
0 0.397917 0.379630 0.025000 0.024074
0 0.397656 0.393056 0.022396 0.017593
0 0.396875 0.402315 0.022917 0.025000
0 0.395833 0.412963 0.025000 0.014815
0 0.424479 0.381944 0.029167 0.023148
0 0.424219 0.391204 0.028646 0.015741
0 0.423958 0.399074 0.030208 0.020370
0 0.423958 0.409722 0.028125 0.017593
0 0.422656 0.418981 0.030729 0.015741
0 0.423958 0.371759 0.030208 0.019444
0 0.423698 0.361574 0.028646 0.023148
0 0.425000 0.356019 0.028125 0.021296
0 0.418229 0.345370 0.039583 0.016667
0 0.413281 0.333796 0.049479 0.025000
0 0.416406 0.324074 0.051562 0.024074
