0 0.506771 0.642130 0.142708 0.204630
0 0.237240 0.765278 0.447396 0.299074
0 0.069792 0.883796 0.132292 0.228704
0 0.590625 0.580556 0.104167 0.114815
0 0.645573 0.556481 0.043229 0.057407
0 0.670573 0.534722 0.036979 0.036111
0 0.700521 0.504630 0.040625 0.046296
0 0.725781 0.488889 0.039062 0.035185
0 0.750260 0.483796 0.008854 0.026852
0 0.764844 0.474537 0.019271 0.028704
0 0.983333 0.511111 0.022917 0.044444
0 0.963542 0.495833 0.029167 0.045370
0 0.925781 0.476852 0.021354 0.027778
0 0.632812 0.097222 0.204167 0.085185
0 0.593490 0.047685 0.224479 0.076852
0 0.743750 0.042130 0.066667 0.071296
0 0.723958 0.239815 0.101042 0.057407
0 0.729167 0.264815 0.106250 0.029630
0 0.975781 0.083333 0.047396 0.077778
0 0.981771 0.030093 0.035417 0.045370
0 0.960677 0.156944 0.073438 0.071296
0 0.954688 0.193056 0.087500 0.045370
0 0.948177 0.215741 0.096354 0.038889
0 0.933073 0.246296 0.086979 0.037037
0 0.920573 0.264352 0.067187 0.025000
0 0.920052 0.289352 0.084896 0.028704
0 0.750781 0.293981 0.076563 0.025000
0 0.758854 0.303704 0.066667 0.027778
