0 0.864583 0.505556 0.116667 0.050000
0 0.744010 0.374537 0.094271 0.041667
0 0.747917 0.403241 0.086458 0.030556
0 0.746354 0.428241 0.089583 0.025000
0 0.743750 0.447222 0.093750 0.029630
0 0.745573 0.466204 0.091146 0.030556
0 0.748698 0.494907 0.097396 0.026852
0 0.676823 0.323611 0.094271 0.032407
0 0.681510 0.342593 0.088021 0.029630
0 0.667708 0.358796 0.092708 0.026852
0 0.673698 0.387037 0.082812 0.029630
0 0.670052 0.401852 0.075521 0.025926
0 0.668750 0.425463 0.076042 0.021296
0 0.669271 0.446296 0.078125 0.020370
0 0.671094 0.467130 0.075521 0.021296
0 0.669271 0.488889 0.072917 0.024074
0 0.576562 0.496759 0.098958 0.041667
0 0.494531 0.495370 0.061979 0.035185
0 0.436198 0.418056 0.049479 0.026852
0 0.436458 0.443056 0.047917 0.023148
0 0.439063 0.456019 0.063542 0.021296
0 0.444271 0.474537 0.059375 0.026852
0 0.441927 0.488426 0.063021 0.023148
0 0.419531 0.504167 0.030729 0.032407
0 0.500000 0.277315 0.084375 0.028704
0 0.489844 0.287037 0.074479 0.025926
0 0.475781 0.312037 0.041146 0.024074
0 0.466667 0.332870 0.020833 0.021296
0 0.467448 0.353241 0.019271 0.019444
0 0.466667 0.366667 0.017708 0.022222
0 0.468750 0.386111 0.013542 0.016667
0 0.467708 0.405093 0.014583 0.021296
0 0.436979 0.218519 0.026042 0.027778
0 0.175260 0.066667 0.128646 0.057407
0 0.191667 0.216204 0.142708 0.056481
0 0.275260 0.231019 0.040104 0.028704
0 0.281510 0.364352 0.038021 0.026852
0 0.287500 0.493519 0.034375 0.022222
0 0.200000 0.504630 0.138542 0.040741
0 0.193229 0.361111 0.136458 0.042593
0 0.099219 0.238426 0.069271 0.028704
0 0.043490 0.364815 0.081771 0.033333
0 0.109635 0.361111 0.053646 0.029630
0 0.079948 0.680093 0.151562 0.145370
0 0.050781 0.489352 0.090104 0.034259
0 0.116927 0.490278 0.053646 0.036111
