0 0.493490 0.068056 0.105729 0.115741
0 0.579427 0.068056 0.110937 0.123148
0 0.671094 0.066667 0.128646 0.120370
0 0.754427 0.082870 0.127604 0.154630
0 0.608854 0.010185 0.132292 0.016667
0 0.506250 0.247222 0.087500 0.031481
0 0.578385 0.246296 0.071354 0.040741
0 0.497917 0.275463 0.093750 0.041667
0 0.573698 0.275926 0.069271 0.042593
0 0.704167 0.356019 0.160417 0.073148
0 0.809115 0.371296 0.075521 0.055556
0 0.914323 0.400000 0.168229 0.079630
0 0.917448 0.563889 0.159896 0.081481
0 0.710938 0.577778 0.144792 0.068519
0 0.813021 0.540741 0.087500 0.048148
0 0.533333 0.580556 0.235417 0.103704
