0 0.901302 0.732407 0.193229 0.087037
0 0.571354 0.266667 0.100000 0.083333
0 0.687500 0.143981 0.114583 0.139815
0 0.690625 0.037500 0.111458 0.039815
0 0.115104 0.129630 0.230208 0.250000
0 0.112760 0.214352 0.225521 0.302778
0 0.115365 0.388426 0.220312 0.254630
0 0.112760 0.567130 0.225521 0.193519
0 0.112240 0.754630 0.216146 0.250000
0 0.102344 0.893519 0.199479 0.200000
0 0.154948 0.968056 0.092188 0.054630
0 0.689063 0.590278 0.011458 0.008333
0 0.689063 0.596296 0.011458 0.003704
0 0.689844 0.601389 0.009896 0.006481
0 0.689844 0.607870 0.009896 0.006481
0 0.689323 0.615278 0.010937 0.008333
0 0.689323 0.622222 0.008854 0.005556
0 0.689323 0.631019 0.008854 0.010185
