0 0.327604 0.719907 0.221875 0.104630
0 0.236458 0.736574 0.052083 0.078704
0 0.453646 0.660648 0.060417 0.034259
0 0.452344 0.462037 0.067187 0.038889
0 0.450781 0.475463 0.071354 0.026852
0 0.450781 0.486574 0.069271 0.028704
0 0.463542 0.508796 0.039583 0.026852
0 0.463021 0.524074 0.032292 0.025926
0 0.461979 0.539815 0.036458 0.018519
0 0.461458 0.557870 0.035417 0.030556
0 0.461198 0.577315 0.036979 0.021296
0 0.461198 0.592593 0.036979 0.018519
0 0.475260 0.611574 0.010937 0.017593
0 0.473698 0.629167 0.009896 0.012037
0 0.555729 0.462037 0.039583 0.016667
0 0.555729 0.474074 0.039583 0.014815
0 0.557292 0.488426 0.040625 0.015741
0 0.557292 0.500000 0.039583 0.016667
0 0.557813 0.514815 0.040625 0.016667
0 0.569792 0.531481 0.044792 0.022222
0 0.571354 0.546759 0.048958 0.017593
0 0.570052 0.560185 0.044271 0.020370
0 0.573958 0.575000 0.048958 0.016667
0 0.571875 0.587963 0.046875 0.016667
0 0.570833 0.602315 0.050000 0.013889
0 0.572656 0.618981 0.039062 0.019444
0 0.576042 0.634259 0.034375 0.014815
0 0.576562 0.650000 0.035417 0.016667
0 0.514844 0.457407 0.040104 0.016667
0 0.515365 0.473611 0.039062 0.015741
0 0.515104 0.488426 0.038542 0.017593
0 0.515885 0.498611 0.035937 0.010185
0 0.517188 0.510185 0.033333 0.012963
0 0.515625 0.522685 0.032292 0.013889
0 0.515625 0.533333 0.034375 0.011111
0 0.514583 0.545370 0.032292 0.014815
0 0.513542 0.559259 0.034375 0.012963
0 0.512240 0.572222 0.031771 0.012963
0 0.519271 0.586111 0.017708 0.014815
0 0.669010 0.637037 0.051562 0.024074
0 0.467448 0.100463 0.018229 0.065741
0 0.481771 0.146759 0.014583 0.050926
0 0.489323 0.188426 0.016146 0.037963
0 0.496615 0.223148 0.016146 0.031481
0 0.509375 0.250000 0.011458 0.035185
0 0.518229 0.276852 0.016667 0.029630
0 0.525521 0.299074 0.013542 0.029630
0 0.532813 0.323148 0.008333 0.022222
0 0.534635 0.329630 0.011979 0.018519
0 0.814844 0.303241 0.094271 0.073148
0 0.810677 0.169444 0.080729 0.072222
0 0.809635 0.043056 0.080729 0.080556
0 0.890625 0.011111 0.040625 0.016667
0 0.949740 0.252315 0.096354 0.113889
0 0.952083 0.056481 0.085417 0.103704
0 0.829167 0.689815 0.080208 0.024074
0 0.955208 0.748611 0.089583 0.063889
