0 0.607031 0.471528 0.145313 0.093056
0 0.523047 0.494444 0.021094 0.058333
0 0.506641 0.507639 0.013281 0.034722
0 0.489844 0.516667 0.021875 0.036111
0 0.545312 0.691667 0.017188 0.036111
0 0.582031 0.699306 0.076563 0.037500
0 0.624609 0.724306 0.041406 0.043056
0 0.696484 0.740972 0.111719 0.112500
0 0.864844 0.772222 0.254688 0.138889
0 0.408203 0.696528 0.072656 0.043056
0 0.441016 0.671528 0.022656 0.040278
0 0.278516 0.711806 0.152344 0.093056
0 0.183984 0.759722 0.036719 0.069444
0 0.121484 0.782639 0.092969 0.084722
0 0.062500 0.808333 0.109375 0.105556
0 0.021875 0.853472 0.040625 0.098611
0 0.027344 0.575000 0.045312 0.097222
0 0.076563 0.588889 0.076563 0.086111
0 0.064453 0.356944 0.091406 0.116667
0 0.027344 0.286111 0.051562 0.116667
0 0.139844 0.427083 0.050000 0.076389
0 0.175781 0.457639 0.031250 0.051389
0 0.200781 0.487500 0.025000 0.052778
0 0.222656 0.503472 0.023438 0.056944
0 0.044531 0.028472 0.089063 0.056944
0 0.069922 0.101389 0.130469 0.158333
0 0.141406 0.073611 0.075000 0.130556
0 0.196094 0.338889 0.045312 0.069444
0 0.104688 0.229167 0.134375 0.111111
0 0.140234 0.303472 0.103906 0.079167
0 0.217969 0.379167 0.031250 0.066667
0 0.235547 0.411111 0.025781 0.050000
0 0.253516 0.434028 0.014844 0.045833
0 0.175000 0.206944 0.089063 0.102778
0 0.205078 0.270139 0.057031 0.056944
0 0.253125 0.338889 0.015625 0.055556
0 0.241797 0.306250 0.017969 0.068056
0 0.171875 0.034028 0.076563 0.062500
0 0.179688 0.090972 0.089063 0.095833
0 0.204297 0.156250 0.072656 0.056944
0 0.222656 0.203472 0.054688 0.051389
0 0.250781 0.243750 0.025000 0.040278
0 0.233594 0.069444 0.056250 0.063889
0 0.221094 0.023611 0.051562 0.038889
0 0.932031 0.463889 0.078125 0.050000
0 0.876172 0.486111 0.036719 0.038889
0 0.846094 0.487500 0.025000 0.041667
0 0.775781 0.511806 0.023438 0.031944
0 0.751953 0.518056 0.027344 0.036111
0 0.762891 0.438194 0.039844 0.034722
0 0.802344 0.416667 0.039062 0.033333
0 0.837109 0.402778 0.039844 0.041667
0 0.867188 0.381250 0.037500 0.037500
0 0.922266 0.366667 0.074219 0.044444
0 0.734766 0.461806 0.032031 0.051389
0 0.984375 0.436111 0.031250 0.022222
0 0.959766 0.282639 0.060156 0.070833
0 0.908984 0.254861 0.075781 0.065278
0 0.882422 0.281944 0.082031 0.063889
0 0.847656 0.299306 0.075000 0.059722
0 0.817578 0.323611 0.067969 0.044444
0 0.770312 0.326389 0.026562 0.025000
0 0.741797 0.344444 0.024219 0.027778
0 0.719141 0.357639 0.021094 0.026389
0 0.719922 0.368750 0.022656 0.026389
0 0.748047 0.357639 0.038281 0.023611
0 0.802734 0.219444 0.064844 0.047222
0 0.830078 0.196528 0.078906 0.062500
0 0.852734 0.168750 0.088281 0.059722
0 0.884375 0.134028 0.081250 0.068056
0 0.944922 0.152778 0.050781 0.038889
0 0.877344 0.040972 0.070312 0.065278
0 0.842969 0.064583 0.062500 0.068056
0 0.814063 0.090278 0.071875 0.055556
0 0.794141 0.131944 0.078906 0.052778
0 0.658984 0.226389 0.113281 0.072222
0 0.576953 0.044444 0.113281 0.083333
0 0.682031 0.025694 0.103125 0.040278
0 0.560156 0.108333 0.110937 0.100000
0 0.549219 0.143750 0.129688 0.079167
0 0.485156 0.184028 0.048438 0.037500
0 0.512891 0.195833 0.066406 0.061111
0 0.523438 0.222222 0.051562 0.075000
0 0.551172 0.313194 0.044531 0.081944
0 0.555078 0.354167 0.108594 0.063889
0 0.547266 0.382639 0.121094 0.048611
0 0.512109 0.409722 0.083594 0.025000
0 0.492969 0.326389 0.056250 0.047222
0 0.479297 0.361111 0.039844 0.030556
0 0.466016 0.206944 0.024219 0.055556
0 0.474609 0.117361 0.069531 0.059722
0 0.477734 0.479861 0.013281 0.051389
0 0.468750 0.486806 0.009375 0.037500
0 0.457813 0.500694 0.012500 0.029167
