0 0.701953 0.855000 0.047656 0.070000
0 0.694531 0.853750 0.137500 0.157500
0 0.664453 0.591250 0.077344 0.067500
0 0.619141 0.626875 0.078906 0.091250
0 0.725000 0.553125 0.064062 0.048750
0 0.775781 0.543125 0.054688 0.076250
0 0.804688 0.457500 0.064062 0.072500
0 0.842187 0.434375 0.056250 0.061250
0 0.882422 0.411250 0.046094 0.052500
0 0.790625 0.319375 0.071875 0.048750
0 0.762891 0.396250 0.057031 0.045000
0 0.713672 0.428750 0.053906 0.050000
0 0.666406 0.445000 0.064062 0.047500
0 0.603516 0.463125 0.085156 0.056250
0 0.630859 0.161875 0.085156 0.063750
0 0.678125 0.161875 0.079687 0.056250
0 0.737109 0.158750 0.071094 0.062500
0 0.776172 0.175625 0.055469 0.051250
0 0.823047 0.176250 0.047656 0.060000
0 0.882031 0.225625 0.090625 0.156250
0 0.963672 0.346875 0.069531 0.066250
0 0.560937 0.051250 0.084375 0.067500
