0 0.577344 0.359028 0.018750 0.034722
0 0.573438 0.381250 0.010937 0.040278
0 0.575781 0.404861 0.020313 0.037500
0 0.582812 0.424306 0.029687 0.037500
0 0.583594 0.448611 0.017188 0.036111
0 0.580859 0.479167 0.019531 0.036111
0 0.580078 0.511806 0.017969 0.040278
0 0.582812 0.539583 0.025000 0.020833
0 0.582422 0.552778 0.022656 0.027778
0 0.582031 0.570833 0.023438 0.027778
0 0.583203 0.592361 0.021094 0.029167
0 0.582031 0.611111 0.018750 0.025000
0 0.583203 0.641667 0.021094 0.022222
0 0.583203 0.672917 0.017969 0.015278
0 0.560156 0.706250 0.023438 0.031944
0 0.559375 0.727083 0.035937 0.023611
0 0.695312 0.600694 0.059375 0.065278
0 0.764844 0.578472 0.076563 0.112500
0 0.884375 0.531250 0.167187 0.143056
0 0.901953 0.875694 0.185156 0.198611
0 0.823828 0.838194 0.217969 0.115278
0 0.766797 0.800000 0.121094 0.063889
0 0.839453 0.193750 0.132031 0.223611
0 0.814063 0.332639 0.203125 0.140278
0 0.771484 0.404861 0.216406 0.131944
0 0.709375 0.466667 0.162500 0.088889
0 0.624219 0.504861 0.032813 0.090278
0 0.624219 0.362500 0.085938 0.047222
0 0.640234 0.310417 0.089844 0.065278
0 0.656641 0.261111 0.096094 0.091667
0 0.717187 0.176389 0.151562 0.122222
0 0.756641 0.068750 0.147656 0.126389
0 0.949219 0.067361 0.093750 0.123611
0 0.671094 0.024306 0.081250 0.045833
0 0.642578 0.095139 0.074219 0.104167
0 0.641016 0.163889 0.094531 0.097222
0 0.620703 0.224306 0.080469 0.093056
0 0.596875 0.113889 0.078125 0.080556
0 0.621875 0.042361 0.087500 0.073611
0 0.525391 0.708333 0.050781 0.036111
