0 0.269792 0.363889 0.100000 0.050000
0 0.264583 0.228704 0.093750 0.053704
0 0.143490 0.243056 0.090104 0.052778
0 0.026823 0.427778 0.046354 0.038889
0 0.213281 0.659259 0.066146 0.040741
0 0.290104 0.661111 0.087500 0.037037
0 0.291927 0.505556 0.086979 0.048148
0 0.218490 0.508333 0.064062 0.037037
0 0.151042 0.512963 0.062500 0.046296
0 0.092188 0.517593 0.059375 0.046296
0 0.049219 0.589352 0.064062 0.047222
0 0.269792 0.785648 0.105208 0.052778
0 0.397917 0.946759 0.102083 0.089815
0 0.480729 0.976389 0.070833 0.041667
0 0.564063 0.971296 0.088542 0.055556
0 0.284375 0.093519 0.125000 0.100000
0 0.162240 0.099537 0.093229 0.091667
0 0.053125 0.046296 0.102083 0.081481
0 0.063802 0.123611 0.084896 0.063889
