0 0.866406 0.509896 0.267188 0.167708
0 0.632422 0.539583 0.200781 0.127083
0 0.337500 0.505729 0.215625 0.094792
0 0.289844 0.375521 0.228125 0.094792
0 0.193750 0.415104 0.159375 0.071875
0 0.266406 0.782813 0.173437 0.061458
0 0.172656 0.771354 0.085938 0.053125
0 0.123438 0.751563 0.043750 0.055208
0 0.277344 0.577083 0.300000 0.058333
0 0.501563 0.365625 0.129688 0.083333
0 0.597656 0.316667 0.135937 0.097917
0 0.736719 0.300521 0.198437 0.142708
0 0.736719 0.114583 0.442188 0.220833
0 0.428125 0.221354 0.259375 0.144792
0 0.358984 0.082812 0.161719 0.113542
0 0.441797 0.047396 0.203906 0.084375
0 0.513281 0.963021 0.239063 0.073958
0 0.385547 0.930729 0.174219 0.090625
0 0.284766 0.884375 0.119531 0.106250
