0 0.283203 0.148125 0.463281 0.266250
0 0.042578 0.050625 0.083594 0.098750
0 0.609375 0.288125 0.157812 0.181250
0 0.725391 0.344375 0.099219 0.116250
0 0.792578 0.380625 0.061719 0.116250
0 0.835156 0.401250 0.046875 0.097500
0 0.882812 0.416250 0.034375 0.102500
0 0.900000 0.450625 0.034375 0.061250
0 0.908984 0.286875 0.027344 0.088750
0 0.877344 0.236250 0.034375 0.072500
0 0.778516 0.201250 0.163281 0.102500
0 0.716016 0.117500 0.263281 0.095000
0 0.646094 0.049375 0.251563 0.086250
0 0.891406 0.111875 0.028125 0.078750
0 0.862891 0.060000 0.082031 0.097500
0 0.830469 0.875625 0.059375 0.083750
0 0.771094 0.937500 0.064062 0.102500
0 0.260937 0.789375 0.518750 0.293750
0 0.041406 0.888125 0.079687 0.213750
