0 0.563281 0.465625 0.140625 0.083750
0 0.675391 0.466250 0.099219 0.075000
0 0.766797 0.460625 0.103906 0.078750
0 0.857812 0.463125 0.095312 0.068750
0 0.934375 0.460000 0.070312 0.100000
0 0.923438 0.305625 0.067187 0.068750
0 0.852344 0.288125 0.081250 0.066250
0 0.764453 0.278750 0.103906 0.072500
0 0.662500 0.272500 0.087500 0.082500
0 0.550391 0.241875 0.133594 0.121250
0 0.380469 0.235625 0.195312 0.186250
0 0.227734 0.216875 0.210156 0.203750
0 0.085547 0.173750 0.166406 0.195000
0 0.080859 0.471875 0.149219 0.113750
0 0.235156 0.469375 0.201563 0.126250
0 0.406641 0.456250 0.172656 0.100000
0 0.560156 0.638750 0.146875 0.085000
0 0.676953 0.623750 0.117969 0.077500
0 0.782813 0.615625 0.110937 0.088750
0 0.869141 0.606875 0.082031 0.088750
0 0.936719 0.583125 0.078125 0.063750
0 0.987891 0.591250 0.021094 0.047500
0 0.978516 0.707500 0.039844 0.052500
0 0.927344 0.716250 0.107813 0.085000
0 0.865625 0.730625 0.117188 0.091250
0 0.761328 0.763750 0.116406 0.102500
0 0.673047 0.791875 0.133594 0.091250
0 0.539453 0.811250 0.161719 0.080000
0 0.844141 0.121875 0.100781 0.086250
0 0.913281 0.153750 0.068750 0.077500
0 0.969922 0.161250 0.057031 0.080000
0 0.933203 0.045000 0.122656 0.075000
0 0.747656 0.091875 0.095312 0.081250
0 0.638281 0.083125 0.106250 0.118750
0 0.447656 0.069375 0.296875 0.131250
0 0.261719 0.878750 0.175000 0.100000
0 0.091797 0.913750 0.171094 0.107500
0 0.383984 0.845625 0.149219 0.098750
0 0.978125 0.311875 0.043750 0.066250
