0 0.765625 0.508854 0.259375 0.130208
0 0.582812 0.528646 0.129688 0.098958
0 0.467969 0.541146 0.089063 0.082292
0 0.383203 0.546354 0.102344 0.067708
0 0.305859 0.550000 0.060156 0.052083
0 0.180469 0.572396 0.054688 0.046875
0 0.201953 0.368229 0.380469 0.155208
0 0.386719 0.321875 0.070312 0.079167
0 0.463672 0.267188 0.114844 0.107292
0 0.652734 0.219271 0.261719 0.148958
0 0.769531 0.135417 0.189062 0.179167
0 0.931250 0.064583 0.128125 0.114583
0 0.944531 0.482812 0.096875 0.132292
0 0.040625 0.803646 0.078125 0.086458
0 0.035937 0.853125 0.042188 0.110417
0 0.123047 0.913542 0.133594 0.120833
0 0.197656 0.954167 0.175000 0.087500
