0 0.717969 0.350000 0.237500 0.116667
0 0.804297 0.179861 0.228906 0.218056
0 0.927734 0.155556 0.136719 0.225000
0 0.941406 0.611806 0.110937 0.104167
0 0.950391 0.711111 0.092969 0.088889
0 0.759375 0.691667 0.184375 0.100000
0 0.643359 0.688194 0.060156 0.062500
0 0.599609 0.679167 0.047656 0.069444
0 0.564063 0.676389 0.026562 0.044444
0 0.541016 0.674306 0.014844 0.054167
0 0.524219 0.670139 0.017188 0.034722
0 0.510547 0.675694 0.016406 0.031944
0 0.499609 0.670139 0.011719 0.020833
0 0.488281 0.668056 0.010937 0.033333
0 0.607031 0.469444 0.039062 0.038889
0 0.579297 0.486806 0.022656 0.031944
0 0.564063 0.496528 0.021875 0.034722
0 0.604688 0.442361 0.129688 0.051389
0 0.606641 0.406250 0.074219 0.054167
0 0.738281 0.447222 0.109375 0.052778
0 0.717578 0.480556 0.114844 0.052778
0 0.497656 0.421528 0.076563 0.029167
0 0.491406 0.440972 0.079687 0.034722
0 0.492578 0.307639 0.067969 0.029167
0 0.487500 0.336806 0.076563 0.029167
0 0.609375 0.150000 0.125000 0.083333
0 0.638672 0.123611 0.177344 0.236111
0 0.528906 0.229861 0.157812 0.112500
0 0.486719 0.227778 0.071875 0.025000
0 0.504687 0.545139 0.075000 0.031944
0 0.473828 0.553472 0.028906 0.023611
0 0.031250 0.395139 0.056250 0.118056
0 0.089063 0.448611 0.068750 0.127778
0 0.142969 0.490278 0.056250 0.088889
0 0.182031 0.415278 0.060937 0.080556
0 0.219141 0.445833 0.025781 0.063889
0 0.250000 0.486806 0.017188 0.045833
0 0.270703 0.509722 0.013281 0.038889
0 0.242578 0.391667 0.027344 0.058333
0 0.223438 0.360417 0.017188 0.056944
0 0.198047 0.311111 0.042969 0.088889
0 0.170313 0.222222 0.060937 0.127778
0 0.126953 0.115278 0.067969 0.116667
0 0.066016 0.050000 0.099219 0.080556
0 0.190234 0.112500 0.060156 0.094444
0 0.227344 0.180556 0.028125 0.086111
0 0.248828 0.245139 0.017969 0.045833
0 0.243750 0.303472 0.015625 0.070833
0 0.231250 0.258333 0.021875 0.072222
0 0.208594 0.207639 0.029687 0.101389
0 0.252734 0.367361 0.027344 0.043056
0 0.269922 0.395833 0.021094 0.036111
0 0.276953 0.414583 0.027344 0.040278
0 0.275781 0.345139 0.026562 0.054167
0 0.302734 0.351389 0.010156 0.027778
0 0.296094 0.324306 0.017188 0.034722
0 0.273828 0.259722 0.035156 0.061111
0 0.251172 0.156250 0.027344 0.065278
0 0.228516 0.088194 0.039844 0.073611
0 0.200781 0.029861 0.040625 0.056944
0 0.242188 0.072917 0.032813 0.051389
0 0.260937 0.125694 0.021875 0.062500
0 0.280078 0.178472 0.011719 0.048611
0 0.114062 0.811111 0.118750 0.091667
0 0.031641 0.855556 0.058594 0.080556
0 0.185938 0.773611 0.051562 0.058333
0 0.212891 0.754861 0.033594 0.043056
0 0.236328 0.742361 0.033594 0.037500
0 0.248047 0.734028 0.030469 0.031944
0 0.261719 0.725000 0.025000 0.033333
0 0.283203 0.717361 0.014844 0.018056
0 0.292187 0.708333 0.012500 0.019444
0 0.306641 0.702083 0.013281 0.020833
0 0.294141 0.531944 0.011719 0.033333
0 0.282422 0.523611 0.013281 0.033333
0 0.300000 0.545139 0.010937 0.026389
0 0.308984 0.563194 0.005469 0.020833
0 0.305859 0.453472 0.011719 0.026389
0 0.296484 0.438889 0.011719 0.044444
0 0.399219 0.668056 0.067187 0.016667
