0 0.956771 0.070833 0.083333 0.132407
0 0.882031 0.149537 0.088021 0.132407
0 0.808594 0.213889 0.069271 0.098148
0 0.753646 0.245370 0.051042 0.083333
0 0.714583 0.282870 0.028125 0.058333
0 0.687240 0.312037 0.033854 0.042593
0 0.653125 0.319444 0.039583 0.037037
0 0.808333 0.348611 0.058333 0.078704
0 0.921094 0.320370 0.145313 0.133333
0 0.825260 0.487963 0.173437 0.074074
0 0.724219 0.484259 0.039062 0.061111
0 0.688281 0.493981 0.036979 0.054630
0 0.653646 0.459722 0.060417 0.043519
0 0.652604 0.389352 0.077083 0.039815
0 0.606510 0.401852 0.020313 0.027778
0 0.638542 0.633333 0.015625 0.046296
0 0.653906 0.641667 0.020313 0.050000
0 0.682031 0.652778 0.028646 0.057407
0 0.713542 0.675463 0.034375 0.049074
0 0.749479 0.712963 0.065625 0.081481
0 0.829688 0.768981 0.088542 0.104630
0 0.913542 0.829167 0.112500 0.136111
0 0.846094 0.056481 0.144271 0.111111
0 0.748698 0.025463 0.068229 0.049074
0 0.739583 0.118519 0.138542 0.075926
0 0.877865 0.023148 0.092188 0.046296
0 0.196094 0.934722 0.109896 0.115741
0 0.243229 0.847222 0.122917 0.137037
0 0.295573 0.781019 0.083854 0.106481
0 0.301823 0.729167 0.126562 0.102778
0 0.340104 0.688889 0.084375 0.046296
0 0.376563 0.661111 0.044792 0.040741
0 0.396354 0.612963 0.030208 0.031481
0 0.416406 0.602315 0.024479 0.030556
0 0.355990 0.500463 0.099479 0.034259
0 0.406510 0.494907 0.020313 0.026852
0 0.414583 0.506019 0.013542 0.039815
0 0.424740 0.503704 0.017188 0.027778
0 0.191667 0.362963 0.288542 0.101852
0 0.271875 0.386574 0.173958 0.062037
0 0.307031 0.411111 0.151562 0.053704
0 0.380729 0.428704 0.046875 0.031481
0 0.408073 0.307407 0.016146 0.031481
0 0.379167 0.288889 0.043750 0.042593
0 0.356510 0.206019 0.083854 0.056481
0 0.295312 0.111574 0.156250 0.073148
0 0.255208 0.052778 0.214583 0.094444
0 0.089323 0.105093 0.064062 0.091667
0 0.032031 0.048611 0.055729 0.091667
0 0.185938 0.445833 0.067708 0.043519
0 0.203385 0.501389 0.113021 0.049074
0 0.267969 0.488426 0.036979 0.037963
0 0.299479 0.490741 0.030208 0.038889
0 0.062240 0.415741 0.124479 0.077778
