0 0.430729 0.593056 0.057292 0.049074
0 0.382031 0.602778 0.058854 0.050000
0 0.404948 0.578241 0.028646 0.017593
0 0.451823 0.577778 0.024479 0.018519
0 0.689323 0.706481 0.167187 0.079630
0 0.611458 0.656944 0.035417 0.058333
0 0.670573 0.393981 0.173437 0.060185
0 0.614844 0.358333 0.018229 0.064815
0 0.635417 0.331944 0.039583 0.093519
0 0.739844 0.307870 0.173437 0.100926
0 0.792969 0.203241 0.197396 0.176852
0 0.790625 0.471759 0.060417 0.069444
0 0.850000 0.470370 0.059375 0.072222
0 0.937240 0.471296 0.115104 0.074074
0 0.899479 0.920370 0.191667 0.159259
0 0.810677 0.882870 0.183854 0.197222
0 0.743750 0.768519 0.150000 0.129630
0 0.032552 0.919907 0.059896 0.121296
0 0.094010 0.854167 0.085938 0.106481
0 0.154167 0.797222 0.070833 0.094444
0 0.208333 0.753704 0.054167 0.088889
0 0.076823 0.388889 0.152604 0.096296
0 0.023438 0.163426 0.034375 0.100926
0 0.067969 0.209259 0.048438 0.066667
0 0.138021 0.128704 0.192708 0.098148
0 0.077344 0.039352 0.153646 0.069444
0 0.638542 0.117130 0.140625 0.106481
0 0.651302 0.039815 0.119271 0.074074
