0 0.942187 0.859375 0.115625 0.116250
0 0.831641 0.837500 0.099219 0.080000
0 0.741406 0.825625 0.101562 0.093750
0 0.578906 0.633750 0.114062 0.080000
0 0.599219 0.527500 0.101562 0.072500
0 0.531250 0.525625 0.085938 0.058750
0 0.462891 0.545625 0.069531 0.043750
0 0.393359 0.407500 0.055469 0.045000
0 0.444141 0.401250 0.044531 0.057500
0 0.503906 0.390000 0.070312 0.042500
0 0.593359 0.383750 0.108594 0.055000
0 0.546875 0.246250 0.139063 0.065000
0 0.537500 0.110000 0.104688 0.065000
0 0.418359 0.155625 0.083594 0.066250
0 0.344141 0.154375 0.105469 0.051250
0 0.341406 0.104375 0.107813 0.033750
0 0.338281 0.069375 0.117188 0.028750
0 0.418359 0.033750 0.128906 0.065000
0 0.250391 0.033125 0.117969 0.048750
0 0.158594 0.210000 0.240625 0.115000
0 0.022266 0.242500 0.041406 0.102500
0 0.196875 0.548125 0.234375 0.088750
0 0.066016 0.561875 0.114844 0.096250
0 0.101172 0.405000 0.077344 0.035000
0 0.239063 0.378750 0.059375 0.035000
0 0.290625 0.369375 0.043750 0.053750
0 0.333594 0.342500 0.051562 0.037500
0 0.350000 0.291250 0.181250 0.072500
