0 0.977734 0.447396 0.042969 0.078125
0 0.908203 0.484375 0.091406 0.097917
0 0.830469 0.507812 0.085938 0.084375
0 0.775391 0.454688 0.071094 0.069792
0 0.726562 0.475000 0.037500 0.064583
0 0.732031 0.495312 0.100000 0.053125
0 0.711719 0.511458 0.128125 0.039583
0 0.686719 0.535417 0.114062 0.031250
0 0.673438 0.325000 0.096875 0.045833
0 0.672266 0.364583 0.116406 0.041667
0 0.630469 0.383333 0.056250 0.022917
0 0.632031 0.401562 0.068750 0.026042
0 0.874219 0.161458 0.184375 0.125000
0 0.920703 0.074479 0.149219 0.140625
0 0.660937 0.092188 0.134375 0.055208
0 0.265234 0.102083 0.100781 0.060417
0 0.241406 0.105729 0.207813 0.205208
0 0.121484 0.257812 0.236719 0.059375
0 0.132812 0.201042 0.137500 0.079167
0 0.111719 0.148958 0.114062 0.079167
0 0.051562 0.048438 0.101562 0.086458
0 0.080859 0.446875 0.122656 0.072917
0 0.154688 0.473958 0.048438 0.056250
0 0.200391 0.492708 0.044531 0.060417
0 0.187500 0.761458 0.046875 0.056250
0 0.107031 0.795312 0.092188 0.078125
0 0.148047 0.771354 0.069531 0.048958
0 0.038281 0.835417 0.065625 0.072917
0 0.892188 0.866146 0.198437 0.101042
0 0.935156 0.904167 0.121875 0.100000
0 0.982422 0.946354 0.032031 0.053125
0 0.773438 0.802604 0.084375 0.059375
0 0.736328 0.778125 0.057031 0.039583
0 0.700391 0.769271 0.038281 0.046875
0 0.675000 0.753125 0.029687 0.045833
0 0.642188 0.732292 0.054688 0.050000
0 0.619531 0.546875 0.039062 0.041667
0 0.478906 0.675000 0.021875 0.014583
0 0.454688 0.680208 0.026562 0.022917
0 0.437109 0.677604 0.021094 0.015625
0 0.401953 0.694792 0.044531 0.018750
0 0.215234 0.742708 0.044531 0.052083
0 0.250391 0.728646 0.028906 0.042708
0 0.273047 0.719271 0.025781 0.036458
0 0.289062 0.710417 0.018750 0.031250
0 0.304297 0.705729 0.014844 0.038542
0 0.319531 0.695833 0.014063 0.031250
0 0.330469 0.694271 0.018750 0.019792
0 0.181250 0.590104 0.139063 0.042708
0 0.256641 0.589583 0.021094 0.039583
0 0.277734 0.590625 0.024219 0.033333
0 0.294531 0.597917 0.029687 0.039583
0 0.314453 0.598958 0.032031 0.027083
0 0.332422 0.604688 0.019531 0.028125
0 0.236328 0.433854 0.036719 0.061458
0 0.309766 0.493229 0.024219 0.044792
0 0.271875 0.460417 0.037500 0.047917
0 0.323437 0.497917 0.014063 0.029167
0 0.339062 0.394271 0.020313 0.028125
0 0.330469 0.413542 0.025000 0.016667
0 0.350000 0.403125 0.015625 0.025000
0 0.345703 0.426563 0.021094 0.030208
0 0.358203 0.419271 0.013281 0.034375
0 0.362891 0.442708 0.013281 0.027083
0 0.246875 0.286979 0.162500 0.084375
