0 0.533984 0.416667 0.532031 0.172917
0 0.355859 0.467708 0.319531 0.150000
0 0.195703 0.486979 0.032031 0.088542
0 0.157812 0.505208 0.051562 0.085417
0 0.119531 0.517708 0.040625 0.050000
0 0.164453 0.423958 0.111719 0.081250
0 0.195312 0.390625 0.125000 0.095833
0 0.343359 0.327083 0.352344 0.104167
0 0.393750 0.273438 0.376563 0.171875
0 0.334375 0.174479 0.170313 0.213542
0 0.681641 0.163542 0.622656 0.318750
0 0.882422 0.484375 0.216406 0.104167
0 0.267969 0.203125 0.246875 0.093750
0 0.182812 0.268750 0.126562 0.079167
0 0.350781 0.072917 0.323437 0.141667
0 0.181250 0.080729 0.135937 0.109375
0 0.260937 0.691146 0.256250 0.073958
0 0.121484 0.676562 0.053906 0.057292
0 0.142578 0.814583 0.066406 0.085417
0 0.226953 0.832812 0.124219 0.113542
0 0.263281 0.880729 0.114062 0.142708
0 0.390234 0.938542 0.230469 0.104167
