0 0.794141 0.250000 0.382031 0.277083
0 0.953906 0.154167 0.082812 0.187500
0 0.503906 0.111979 0.359375 0.196875
0 0.228125 0.298958 0.203125 0.106250
0 0.372656 0.182812 0.281250 0.180208
0 0.284375 0.239583 0.242188 0.118750
0 0.221484 0.122917 0.163281 0.110417
0 0.158203 0.185417 0.130469 0.083333
0 0.534375 0.243750 0.256250 0.168750
0 0.353906 0.317188 0.110937 0.138542
0 0.270313 0.369271 0.090625 0.094792
0 0.191016 0.418750 0.069531 0.079167
0 0.128125 0.444271 0.065625 0.065625
0 0.128906 0.527604 0.043750 0.059375
0 0.193359 0.518229 0.085156 0.065625
0 0.267578 0.507812 0.071094 0.071875
0 0.349609 0.488542 0.113281 0.102083
0 0.642578 0.464583 0.460156 0.147917
0 0.289844 0.716146 0.267188 0.061458
0 0.128125 0.674479 0.062500 0.061458
0 0.157422 0.826042 0.121094 0.075000
0 0.366797 0.835938 0.286719 0.094792
0 0.373828 0.890625 0.178906 0.133333
0 0.529687 0.936979 0.254688 0.119792
