0 0.861719 0.782870 0.111979 0.123148
0 0.961719 0.840741 0.074479 0.155556
0 0.784115 0.712500 0.075521 0.089815
0 0.730729 0.675926 0.052083 0.075926
0 0.692969 0.658796 0.044271 0.052778
0 0.645312 0.628704 0.020833 0.038889
0 0.621615 0.611111 0.023438 0.038889
0 0.606510 0.594444 0.018229 0.038889
0 0.944271 0.450926 0.102083 0.120370
0 0.852865 0.467130 0.110937 0.089815
0 0.771615 0.477315 0.058854 0.060185
0 0.723177 0.479167 0.043229 0.069444
0 0.682552 0.417593 0.046354 0.044444
0 0.656510 0.423148 0.018229 0.046296
0 0.788021 0.284722 0.180208 0.100926
0 0.802344 0.249074 0.131771 0.125926
0 0.874479 0.172685 0.165625 0.173148
0 0.940625 0.075000 0.112500 0.133333
0 0.109896 0.350926 0.217708 0.096296
0 0.246354 0.397222 0.088542 0.079630
0 0.303385 0.406481 0.038021 0.064815
0 0.327865 0.425463 0.019271 0.045370
0 0.347656 0.433796 0.028646 0.043519
0 0.336979 0.325926 0.054167 0.059259
0 0.307552 0.185185 0.104688 0.079630
0 0.356771 0.239352 0.044792 0.037963
0 0.389583 0.235648 0.036458 0.030556
0 0.393750 0.147685 0.037500 0.028704
0 0.380469 0.102778 0.028646 0.024074
0 0.657552 0.056019 0.094271 0.050926
0 0.659896 0.018056 0.052083 0.025000
0 0.704167 0.155093 0.089583 0.084259
0 0.689323 0.195370 0.100521 0.072222
0 0.640104 0.234722 0.042708 0.047222
0 0.615885 0.264352 0.021354 0.037963
0 0.601302 0.287037 0.022396 0.044444
0 0.633594 0.106481 0.049479 0.053704
0 0.578385 0.054167 0.039062 0.058333
0 0.582812 0.102778 0.030208 0.046296
0 0.579427 0.225926 0.021354 0.050000
0 0.613021 0.457870 0.032292 0.060185
0 0.110156 0.836111 0.213021 0.146296
0 0.063542 0.932870 0.119792 0.128704
0 0.205469 0.771296 0.099479 0.098148
0 0.269010 0.724074 0.058854 0.079630
0 0.299219 0.685185 0.058854 0.051852
0 0.327083 0.660648 0.041667 0.050926
0 0.344531 0.641204 0.033854 0.049074
0 0.362500 0.638426 0.026042 0.030556
0 0.373958 0.620833 0.026042 0.030556
0 0.314323 0.491204 0.100521 0.037963
0 0.377083 0.485185 0.018750 0.031481
