0 0.938672 0.411250 0.089844 0.052500
0 0.896484 0.418125 0.033594 0.041250
0 0.877734 0.397500 0.027344 0.052500
0 0.850781 0.405625 0.029687 0.056250
0 0.826172 0.427500 0.035156 0.060000
0 0.799609 0.445000 0.044531 0.065000
0 0.749219 0.476875 0.064062 0.066250
0 0.705078 0.500625 0.061719 0.101250
0 0.629687 0.532500 0.095312 0.102500
0 0.512891 0.596875 0.150781 0.176250
0 0.351172 0.691250 0.210156 0.177500
0 0.137109 0.811250 0.269531 0.255000
0 0.130469 0.275000 0.253125 0.167500
0 0.343359 0.262500 0.185156 0.140000
0 0.489453 0.260625 0.130469 0.096250
0 0.613281 0.260000 0.109375 0.077500
0 0.690234 0.265625 0.064844 0.076250
0 0.741797 0.264375 0.050781 0.066250
0 0.780859 0.256250 0.035156 0.050000
0 0.809375 0.259375 0.035937 0.048750
0 0.833984 0.260000 0.036719 0.035000
0 0.861719 0.269375 0.032813 0.051250
0 0.779687 0.127500 0.190625 0.055000
0 0.838672 0.111250 0.024219 0.050000
0 0.814844 0.100000 0.035937 0.075000
0 0.781250 0.092500 0.042188 0.087500
0 0.675391 0.083125 0.175781 0.123750
0 0.680078 0.040000 0.074219 0.070000
0 0.513672 0.065625 0.261719 0.121250
