0 0.008594 0.632292 0.017188 0.012500
0 0.007031 0.668750 0.014063 0.012500
0 0.006641 0.682813 0.013281 0.015625
0 0.006641 0.694792 0.013281 0.014583
0 0.006250 0.706250 0.012500 0.012500
0 0.005469 0.719271 0.010937 0.013542
0 0.005078 0.731771 0.010156 0.013542
0 0.007031 0.743229 0.012500 0.013542
0 0.006250 0.754687 0.012500 0.013542
0 0.007031 0.767708 0.012500 0.012500
0 0.007812 0.779167 0.014063 0.014583
0 0.005469 0.792708 0.009375 0.012500
0 0.005859 0.803125 0.010156 0.014583
0 0.005859 0.815104 0.011719 0.013542
0 0.005859 0.827083 0.011719 0.012500
0 0.006641 0.838021 0.011719 0.017708
0 0.006250 0.853125 0.012500 0.016667
0 0.005859 0.861979 0.010156 0.015625
0 0.005859 0.874479 0.011719 0.015625
0 0.007031 0.884896 0.012500 0.015625
0 0.009375 0.895312 0.014063 0.015625
0 0.064453 0.675521 0.055469 0.019792
0 0.062500 0.692187 0.056250 0.015625
0 0.063672 0.706250 0.057031 0.012500
0 0.062500 0.715625 0.054688 0.014583
0 0.064062 0.727083 0.054688 0.012500
0 0.060937 0.739062 0.057813 0.017708
0 0.064062 0.751563 0.054688 0.013542
0 0.062500 0.764062 0.057813 0.015625
0 0.064062 0.774479 0.056250 0.013542
0 0.062891 0.784896 0.058594 0.017708
0 0.065234 0.798958 0.057031 0.012500
0 0.060156 0.811458 0.056250 0.014583
0 0.060937 0.823438 0.057813 0.011458
0 0.060937 0.834375 0.060937 0.016667
0 0.059375 0.847396 0.059375 0.017708
0 0.061328 0.859896 0.058594 0.017708
0 0.060937 0.872396 0.057813 0.013542
0 0.061328 0.884896 0.057031 0.015625
0 0.061719 0.896354 0.060937 0.013542
0 0.180859 0.706250 0.052344 0.020833
0 0.234766 0.704688 0.046094 0.013542
0 0.430078 0.700521 0.033594 0.015625
0 0.181641 0.641146 0.044531 0.009375
0 0.237109 0.640104 0.042969 0.011458
0 0.280859 0.640104 0.039844 0.011458
