0 0.554688 0.573611 0.031250 0.013889
0 0.554167 0.585648 0.030208 0.013889
0 0.555208 0.595370 0.033333 0.012963
0 0.554688 0.605093 0.031250 0.010185
0 0.554427 0.612963 0.030729 0.009259
0 0.554688 0.622685 0.033333 0.010185
0 0.555208 0.632407 0.035417 0.012963
0 0.556250 0.642130 0.034375 0.013889
0 0.557813 0.696759 0.035417 0.010185
0 0.557031 0.669444 0.029687 0.011111
0 0.556771 0.679167 0.033333 0.010185
0 0.557292 0.687500 0.033333 0.010185
0 0.556771 0.706019 0.030208 0.010185
0 0.556510 0.717130 0.030729 0.010185
0 0.557552 0.726389 0.030729 0.010185
0 0.557292 0.734722 0.033333 0.010185
0 0.558594 0.741204 0.034896 0.013889
0 0.464323 0.737963 0.029687 0.011111
0 0.463021 0.746296 0.027083 0.011111
0 0.510938 0.541667 0.027083 0.016667
0 0.510677 0.551852 0.029687 0.012963
0 0.511719 0.561111 0.029687 0.012963
0 0.512760 0.570370 0.026562 0.009259
0 0.514583 0.578704 0.026042 0.009259
0 0.514062 0.587963 0.027083 0.012963
0 0.514062 0.599074 0.026042 0.014815
0 0.514323 0.607407 0.024479 0.011111
0 0.514844 0.617130 0.024479 0.012037
0 0.515365 0.626852 0.024479 0.012963
0 0.515365 0.634259 0.024479 0.011111
0 0.515885 0.643981 0.024479 0.012037
0 0.516667 0.674537 0.027083 0.010185
0 0.517188 0.682407 0.027083 0.007407
0 0.517969 0.691204 0.027604 0.012037
0 0.517969 0.702315 0.027604 0.010185
0 0.518229 0.711574 0.026042 0.008333
0 0.517708 0.720833 0.025000 0.006481
0 0.517708 0.730093 0.023958 0.006481
0 0.518490 0.736574 0.025521 0.008333
0 0.521094 0.742593 0.028646 0.009259
0 0.643229 0.318056 0.034375 0.015741
0 0.676823 0.316667 0.032813 0.018519
0 0.725781 0.316667 0.011979 0.009259
0 0.749740 0.314352 0.033854 0.017593
0 0.783333 0.310185 0.029167 0.014815
0 0.819271 0.307407 0.030208 0.016667
0 0.885417 0.304630 0.028125 0.018519
0 0.922917 0.391667 0.026042 0.014815
0 0.923177 0.440278 0.028646 0.015741
0 0.950781 0.435185 0.014063 0.011111
0 0.889062 0.412500 0.023958 0.012037
0 0.822396 0.363426 0.031250 0.013889
0 0.784115 0.367130 0.036979 0.017593
0 0.750521 0.368981 0.033333 0.013889
0 0.727344 0.368981 0.010937 0.012037
0 0.616667 0.374074 0.035417 0.012963
0 0.650521 0.373611 0.029167 0.012037
0 0.681250 0.370370 0.031250 0.012963
0 0.618229 0.432407 0.037500 0.011111
0 0.681771 0.427778 0.032292 0.012963
0 0.617708 0.485185 0.030208 0.011111
0 0.680469 0.483333 0.029687 0.014815
0 0.651823 0.429630 0.028646 0.014815
0 0.648958 0.488426 0.031250 0.015741
0 0.623177 0.598148 0.025521 0.014815
0 0.653125 0.594907 0.031250 0.015741
0 0.686198 0.592130 0.028646 0.015741
0 0.733073 0.647222 0.011979 0.014815
0 0.756771 0.645833 0.029167 0.019444
0 0.789323 0.641667 0.034896 0.018519
0 0.827344 0.640278 0.030729 0.012037
0 0.757292 0.686111 0.033333 0.014815
0 0.790625 0.683333 0.032292 0.012963
0 0.827604 0.685185 0.030208 0.016667
0 0.733594 0.688426 0.009896 0.013889
