0 0.385937 0.730556 0.056250 0.027778
0 0.484766 0.720833 0.058594 0.030556
0 0.562109 0.756250 0.017969 0.045833
0 0.578516 0.760417 0.019531 0.045833
0 0.597656 0.779167 0.031250 0.055556
0 0.175000 0.293750 0.115625 0.093056
0 0.203125 0.337500 0.125000 0.066667
0 0.097266 0.178472 0.185156 0.187500
0 0.075000 0.082639 0.146875 0.156944
0 0.192969 0.099306 0.140625 0.118056
0 0.188281 0.030556 0.081250 0.055556
0 0.276172 0.044444 0.083594 0.063889
0 0.262500 0.314583 0.067187 0.070833
0 0.290234 0.352083 0.055469 0.056944
0 0.230859 0.452778 0.096094 0.069444
0 0.288281 0.475000 0.018750 0.061111
0 0.304688 0.493750 0.023438 0.031944
0 0.318359 0.490972 0.016406 0.023611
0 0.301172 0.380556 0.064844 0.038889
0 0.305078 0.249306 0.052344 0.043056
0 0.296875 0.136111 0.073438 0.052778
0 0.293359 0.095833 0.077344 0.047222
0 0.316406 0.513194 0.015625 0.034722
0 0.328906 0.525000 0.010937 0.030556
0 0.336328 0.529861 0.010156 0.034722
0 0.346875 0.543056 0.015625 0.025000
0 0.978125 0.497222 0.042188 0.038889
0 0.936328 0.515278 0.035156 0.041667
0 0.907031 0.524306 0.026562 0.045833
0 0.908594 0.631250 0.026562 0.040278
0 0.938672 0.618056 0.038281 0.050000
0 0.978906 0.606250 0.035937 0.043056
0 0.975000 0.384722 0.039062 0.055556
0 0.932422 0.418056 0.036719 0.063889
0 0.895312 0.439583 0.035937 0.048611
0 0.863672 0.456250 0.036719 0.045833
0 0.874219 0.095833 0.192188 0.191667
0 0.760156 0.099306 0.178125 0.168056
0 0.730859 0.213889 0.232031 0.161111
0 0.680859 0.336111 0.186719 0.122222
0 0.641797 0.401389 0.147656 0.075000
0 0.612109 0.455556 0.122656 0.052778
0 0.601562 0.479861 0.125000 0.068056
0 0.622266 0.048611 0.121094 0.086111
0 0.604297 0.146528 0.116406 0.073611
0 0.545312 0.084028 0.054688 0.090278
0 0.548438 0.208333 0.084375 0.061111
