0 0.858594 0.446354 0.278125 0.192708
0 0.593750 0.494271 0.262500 0.128125
0 0.605859 0.947917 0.286719 0.095833
0 0.410547 0.913021 0.213281 0.134375
0 0.276172 0.871875 0.119531 0.118750
0 0.188672 0.808854 0.189844 0.128125
0 0.099219 0.767188 0.067187 0.076042
0 0.062891 0.741667 0.055469 0.054167
0 0.033594 0.738542 0.032813 0.060417
0 0.042188 0.469271 0.054688 0.061458
0 0.010547 0.480729 0.019531 0.067708
0 0.111328 0.556771 0.197656 0.053125
0 0.008203 0.555729 0.014844 0.055208
0 0.207422 0.496354 0.292969 0.080208
0 0.196094 0.431771 0.078125 0.101042
0 0.267188 0.400521 0.092188 0.101042
0 0.426172 0.370312 0.242969 0.167708
0 0.742578 0.104167 0.511719 0.193750
0 0.326562 0.041667 0.207813 0.068750
0 0.305078 0.090625 0.255469 0.166667
0 0.233203 0.166146 0.228906 0.094792
0 0.188281 0.212500 0.203125 0.062500
0 0.103516 0.239583 0.116406 0.081250
0 0.049219 0.138021 0.093750 0.105208
0 0.056641 0.032292 0.053906 0.060417
0 0.023828 0.081250 0.033594 0.056250
0 0.041016 0.248438 0.046094 0.053125
0 0.055859 0.351562 0.055469 0.073958
0 0.021875 0.379688 0.015625 0.078125
0 0.008203 0.387500 0.014844 0.058333
