0 0.484375 0.818981 0.144792 0.106481
0 0.168750 0.404630 0.152083 0.168519
0 0.063281 0.384259 0.115104 0.209259
0 0.138802 0.052315 0.271354 0.104630
0 0.243490 0.062963 0.273438 0.111111
0 0.860156 0.082407 0.226562 0.118519
0 0.892188 0.035648 0.168750 0.056481
0 0.990104 0.249537 0.017708 0.089815
0 0.936198 0.277778 0.098437 0.131481
0 0.862240 0.328704 0.089063 0.109259
0 0.799219 0.331019 0.058854 0.050926
0 0.796354 0.367593 0.060417 0.064815
0 0.748698 0.361574 0.056771 0.039815
0 0.735156 0.403241 0.061979 0.056481
0 0.650260 0.425926 0.064062 0.027778
0 0.653646 0.442593 0.053125 0.018519
0 0.702344 0.248148 0.074479 0.059259
0 0.663802 0.299074 0.086979 0.051852
0 0.894271 0.443519 0.040625 0.050000
0 0.712760 0.819444 0.100521 0.157407
0 0.683594 0.725463 0.067187 0.071296
0 0.614583 0.648611 0.071875 0.056481
0 0.592708 0.606944 0.032292 0.041667
0 0.566927 0.595370 0.035937 0.044444
0 0.708854 0.056944 0.094792 0.073148
0 0.658594 0.179167 0.078646 0.047222
0 0.638021 0.225926 0.080208 0.042593
0 0.644010 0.050463 0.073438 0.058333
0 0.608854 0.154630 0.056250 0.037037
0 0.984635 0.425926 0.019271 0.038889
0 0.819792 0.473148 0.028125 0.033333
0 0.783854 0.475926 0.037500 0.048148
0 0.722917 0.469907 0.076042 0.034259
0 0.377604 0.371296 0.168750 0.105556
