0 0.415885 0.718056 0.030729 0.015741
0 0.416927 0.730556 0.025521 0.012963
0 0.417969 0.739815 0.025521 0.012963
0 0.440365 0.733333 0.017188 0.012963
0 0.461979 0.544907 0.029167 0.010185
0 0.462240 0.555556 0.025521 0.011111
0 0.463021 0.562963 0.026042 0.009259
0 0.470833 0.571296 0.010417 0.007407
0 0.463281 0.580556 0.027604 0.009259
0 0.463021 0.589352 0.025000 0.010185
0 0.464323 0.607870 0.025521 0.008333
0 0.464844 0.615741 0.026562 0.009259
0 0.465625 0.623148 0.027083 0.009259
0 0.465365 0.633796 0.026562 0.008333
0 0.466146 0.643519 0.027083 0.011111
0 0.466667 0.652778 0.026042 0.009259
0 0.465885 0.661111 0.025521 0.007407
0 0.466146 0.669907 0.022917 0.012037
0 0.466927 0.677778 0.023438 0.011111
0 0.466667 0.687037 0.027083 0.011111
0 0.466927 0.694907 0.026562 0.008333
0 0.466406 0.703704 0.027604 0.009259
0 0.466406 0.712037 0.023438 0.009259
0 0.466927 0.721759 0.025521 0.008333
0 0.467969 0.730556 0.027604 0.011111
0 0.502604 0.566667 0.029167 0.014815
0 0.502865 0.577778 0.029687 0.011111
0 0.503646 0.586111 0.030208 0.009259
0 0.502604 0.607870 0.031250 0.012037
0 0.502865 0.612500 0.029687 0.010185
0 0.503385 0.622685 0.029687 0.010185
0 0.503906 0.631481 0.030729 0.012963
0 0.504427 0.640278 0.029687 0.010185
0 0.504948 0.649537 0.029687 0.010185
0 0.506250 0.658796 0.032292 0.010185
0 0.506250 0.666667 0.029167 0.011111
0 0.505469 0.675926 0.028646 0.009259
0 0.505729 0.684259 0.029167 0.011111
0 0.505990 0.693519 0.027604 0.007407
0 0.504687 0.703241 0.030208 0.010185
0 0.505990 0.712963 0.027604 0.007407
0 0.505990 0.720370 0.029687 0.007407
0 0.507031 0.726852 0.028646 0.007407
0 0.560156 0.384259 0.026562 0.014815
0 0.593750 0.379630 0.028125 0.016667
0 0.620313 0.380093 0.023958 0.017593
0 0.561979 0.433333 0.026042 0.014815
0 0.594531 0.431481 0.024479 0.016667
0 0.621354 0.430556 0.027083 0.012963
0 0.686198 0.376852 0.024479 0.014815
0 0.692187 0.325926 0.016667 0.009259
0 0.715104 0.324074 0.028125 0.007407
0 0.711458 0.375926 0.018750 0.007407
0 0.714323 0.428241 0.024479 0.010185
0 0.686458 0.430093 0.026042 0.008333
0 0.560937 0.485185 0.019792 0.012963
0 0.564063 0.537037 0.018750 0.012963
0 0.565625 0.645833 0.014583 0.010185
