0 0.889323 0.141667 0.208854 0.127778
0 0.935677 0.075926 0.120313 0.131481
0 0.834115 0.239815 0.219271 0.090741
0 0.811458 0.282407 0.253125 0.070370
0 0.673698 0.310185 0.032813 0.057407
0 0.647135 0.335648 0.023438 0.054630
0 0.627344 0.346759 0.020313 0.056481
0 0.609896 0.373611 0.018750 0.036111
0 0.595573 0.386111 0.017188 0.040741
0 0.584375 0.396296 0.010417 0.025926
0 0.647396 0.270370 0.097917 0.038889
0 0.695052 0.208333 0.130729 0.059259
0 0.686198 0.237037 0.138021 0.055556
0 0.661719 0.144444 0.138021 0.070370
0 0.691927 0.111574 0.173437 0.087963
0 0.681771 0.048611 0.115625 0.060185
0 0.727604 0.053704 0.144792 0.077778
0 0.625781 0.048611 0.073438 0.054630
0 0.611719 0.093519 0.090104 0.046296
0 0.587500 0.187963 0.077083 0.033333
0 0.583073 0.166667 0.061979 0.029630
0 0.609115 0.212500 0.047396 0.049074
0 0.601562 0.252315 0.053125 0.032407
0 0.589063 0.283796 0.080208 0.073148
0 0.206510 0.148148 0.169271 0.077778
0 0.210677 0.197685 0.158854 0.097222
0 0.278385 0.277778 0.115104 0.055556
0 0.297135 0.297222 0.109896 0.061111
0 0.355990 0.317130 0.024479 0.039815
0 0.308073 0.141667 0.116146 0.068519
0 0.290885 0.093056 0.107813 0.054630
0 0.333333 0.237037 0.107292 0.048148
0 0.334896 0.209259 0.100000 0.037037
0 0.326562 0.180556 0.088542 0.042593
