0 0.883984 0.788889 0.225781 0.172222
0 0.750391 0.761806 0.139844 0.126389
0 0.685937 0.731250 0.121875 0.090278
0 0.620703 0.712500 0.061719 0.080556
0 0.586719 0.713889 0.020313 0.052778
0 0.568359 0.710417 0.021094 0.034722
0 0.554688 0.706944 0.015625 0.038889
0 0.543750 0.704167 0.007812 0.033333
0 0.658984 0.460417 0.027344 0.051389
0 0.640625 0.472917 0.014063 0.043056
0 0.626953 0.488194 0.014844 0.040278
0 0.613281 0.505556 0.014063 0.033333
0 0.601172 0.521528 0.010156 0.034722
0 0.590234 0.533333 0.016406 0.033333
0 0.609375 0.442361 0.065625 0.065278
0 0.539844 0.410417 0.065625 0.043056
0 0.749609 0.231250 0.344531 0.370833
0 0.781641 0.416667 0.086719 0.086111
0 0.316797 0.272917 0.564844 0.287500
0 0.018359 0.451389 0.035156 0.077778
0 0.144922 0.411806 0.063281 0.068056
0 0.108984 0.289583 0.133594 0.095833
0 0.035156 0.083333 0.068750 0.127778
0 0.098828 0.086111 0.103906 0.122222
0 0.164062 0.175694 0.048438 0.104167
0 0.202344 0.241667 0.035937 0.080556
0 0.192188 0.347222 0.042188 0.080556
0 0.227734 0.486111 0.035156 0.052778
0 0.255078 0.507639 0.025781 0.045833
0 0.312109 0.559028 0.013281 0.026389
0 0.325781 0.566667 0.017188 0.033333
0 0.301563 0.544444 0.021875 0.041667
0 0.280469 0.527778 0.025000 0.038889
0 0.343750 0.579167 0.012500 0.025000
0 0.354687 0.588889 0.009375 0.022222
0 0.434766 0.697917 0.024219 0.018056
0 0.410938 0.697222 0.026562 0.016667
0 0.358203 0.722917 0.050781 0.034722
0 0.326562 0.734722 0.017188 0.025000
0 0.308594 0.737500 0.020313 0.027778
0 0.278516 0.759722 0.022656 0.038889
0 0.254297 0.761806 0.033594 0.037500
0 0.182422 0.786806 0.114844 0.068056
0 0.064844 0.828472 0.121875 0.084722
0 0.139844 0.797222 0.060937 0.066667
0 0.166797 0.090278 0.074219 0.097222
0 0.219922 0.065278 0.036719 0.091667
0 0.183203 0.018056 0.047656 0.033333
0 0.126562 0.018750 0.067187 0.031944
0 0.239453 0.053472 0.049219 0.068056
0 0.254688 0.119444 0.057813 0.080556
0 0.277344 0.095833 0.048438 0.052778
0 0.273828 0.041667 0.033594 0.066667
0 0.308594 0.052778 0.025000 0.052778
0 0.316016 0.137500 0.046094 0.052778
0 0.294141 0.190278 0.063281 0.061111
0 0.301953 0.156944 0.033594 0.052778
0 0.258594 0.230556 0.062500 0.050000
0 0.247656 0.191667 0.070312 0.052778
0 0.281250 0.277083 0.067187 0.045833
0 0.309375 0.310417 0.021875 0.043056
0 0.312109 0.347222 0.060156 0.072222
0 0.263672 0.323611 0.067969 0.055556
0 0.228906 0.334722 0.045312 0.083333
0 0.258594 0.367361 0.028125 0.062500
0 0.287500 0.403472 0.040625 0.059722
0 0.312500 0.427083 0.015625 0.040278
0 0.323047 0.442361 0.013281 0.043056
0 0.333203 0.465972 0.016406 0.026389
0 0.342969 0.481944 0.014063 0.022222
0 0.340234 0.384028 0.027344 0.037500
0 0.345313 0.237500 0.046875 0.036111
0 0.551953 0.554167 0.080469 0.041667
