0 0.847266 0.178472 0.196094 0.237500
0 0.760156 0.062500 0.073438 0.097222
0 0.712500 0.379167 0.093750 0.133333
0 0.667188 0.478472 0.140625 0.068056
0 0.588281 0.509028 0.025000 0.059722
0 0.577734 0.532639 0.017969 0.048611
0 0.564063 0.547917 0.014063 0.045833
0 0.555078 0.559722 0.014844 0.038889
0 0.575391 0.397917 0.069531 0.054167
0 0.558203 0.434028 0.058594 0.040278
0 0.584766 0.315972 0.050781 0.081944
0 0.644141 0.206944 0.128906 0.113889
0 0.655469 0.122222 0.107813 0.122222
0 0.565625 0.240278 0.070312 0.063889
0 0.507812 0.134028 0.025000 0.045833
0 0.202344 0.081250 0.162500 0.134722
0 0.250391 0.114583 0.085156 0.081944
0 0.292578 0.172222 0.049219 0.063889
0 0.259375 0.237500 0.056250 0.055556
0 0.225391 0.187500 0.102344 0.075000
0 0.276953 0.275000 0.057031 0.055556
0 0.305078 0.268056 0.033594 0.033333
0 0.313672 0.197917 0.042969 0.048611
0 0.318359 0.175000 0.041406 0.050000
0 0.328516 0.093750 0.038281 0.043056
0 0.332813 0.073611 0.021875 0.050000
0 0.285547 0.080556 0.067969 0.072222
0 0.273047 0.031250 0.085156 0.062500
0 0.441016 0.694444 0.030469 0.022222
0 0.192578 0.424306 0.132031 0.062500
0 0.200000 0.318056 0.112500 0.077778
0 0.267578 0.367361 0.036719 0.051389
0 0.291797 0.392361 0.030469 0.051389
0 0.314844 0.403472 0.034375 0.040278
0 0.340625 0.426389 0.012500 0.027778
0 0.323437 0.492361 0.017188 0.043056
0 0.309766 0.480556 0.027344 0.055556
0 0.341797 0.514583 0.021094 0.043056
0 0.370703 0.551389 0.017969 0.030556
0 0.297266 0.470833 0.021094 0.050000
0 0.236719 0.452083 0.110937 0.056944
0 0.332813 0.276389 0.045312 0.036111
