0 0.874740 0.101852 0.199479 0.177778
0 0.744792 0.189815 0.088542 0.118519
0 0.683333 0.245370 0.053125 0.083333
0 0.636979 0.271296 0.029167 0.074074
0 0.607552 0.312037 0.027604 0.046296
0 0.586198 0.329167 0.019271 0.049074
0 0.566667 0.350926 0.017708 0.051852
0 0.547135 0.376389 0.023438 0.052778
0 0.526823 0.391204 0.015104 0.034259
0 0.549219 0.265741 0.017188 0.059259
0 0.565104 0.236111 0.030208 0.061111
0 0.583594 0.182407 0.036979 0.066667
0 0.607292 0.137963 0.037500 0.075926
0 0.629687 0.077778 0.050000 0.088889
0 0.689323 0.064815 0.079687 0.114815
0 0.580469 0.074074 0.109896 0.070370
0 0.551562 0.175000 0.013542 0.068519
0 0.537240 0.191667 0.015104 0.050000
0 0.563542 0.130556 0.017708 0.053704
0 0.533594 0.162037 0.027604 0.042593
0 0.104167 0.156019 0.140625 0.091667
0 0.073698 0.063426 0.109896 0.106481
0 0.202344 0.281944 0.085938 0.058333
0 0.258854 0.301389 0.029167 0.062037
0 0.273177 0.328241 0.042188 0.067593
0 0.319010 0.392593 0.033854 0.051852
0 0.301302 0.289352 0.067187 0.047222
0 0.316146 0.227315 0.057292 0.037963
0 0.265365 0.157870 0.076563 0.026852
0 0.255208 0.108333 0.066667 0.064815
0 0.236198 0.042130 0.069271 0.062037
