0 0.637240 0.699074 0.077604 0.081481
0 0.633333 0.740741 0.078125 0.075926
0 0.603385 0.695370 0.024479 0.066667
0 0.588021 0.667593 0.034375 0.055556
0 0.563281 0.635185 0.054688 0.062963
0 0.663542 0.809722 0.065625 0.143519
0 0.756510 0.904167 0.123438 0.178704
0 0.838021 0.234259 0.320833 0.183333
0 0.614323 0.122222 0.126562 0.103704
0 0.595573 0.207407 0.109896 0.044444
0 0.588021 0.244907 0.119792 0.054630
0 0.586458 0.054167 0.122917 0.076852
0 0.656510 0.317593 0.049479 0.129630
0 0.664323 0.386111 0.170313 0.074074
0 0.570573 0.403704 0.019271 0.044444
0 0.556250 0.416667 0.013542 0.042593
0 0.678385 0.502315 0.038021 0.052778
0 0.752083 0.490278 0.082292 0.065741
0 0.839323 0.488426 0.097396 0.069444
0 0.957292 0.473148 0.082292 0.081481
0 0.016146 0.356944 0.030208 0.075000
0 0.068490 0.376389 0.074479 0.125000
0 0.138542 0.403241 0.067708 0.071296
0 0.212240 0.432870 0.086979 0.041667
0 0.190625 0.768056 0.038542 0.073148
0 0.219010 0.737500 0.041146 0.058333
0 0.250260 0.701852 0.030729 0.050000
0 0.276562 0.683333 0.025000 0.046296
0 0.185677 0.251852 0.197396 0.055556
0 0.138802 0.188889 0.224479 0.085185
0 0.191667 0.134722 0.045833 0.086111
0 0.090885 0.127315 0.166146 0.104630
0 0.066667 0.048611 0.103125 0.087963
