0 0.758594 0.739583 0.206250 0.109722
0 0.629687 0.717361 0.095312 0.095833
0 0.925000 0.704167 0.146875 0.127778
0 0.107813 0.779861 0.096875 0.090278
0 0.072656 0.811806 0.103125 0.095833
0 0.034766 0.856944 0.066406 0.088889
0 0.022266 0.588889 0.042969 0.102778
0 0.073438 0.580556 0.065625 0.088889
0 0.131641 0.601389 0.066406 0.069444
0 0.168750 0.759722 0.056250 0.063889
0 0.201953 0.733333 0.041406 0.052778
0 0.227344 0.713889 0.018750 0.038889
0 0.405469 0.675000 0.082812 0.069444
0 0.319922 0.683333 0.047656 0.041667
0 0.261328 0.536806 0.019531 0.034722
0 0.248438 0.535417 0.012500 0.045833
0 0.235937 0.516667 0.015625 0.055556
0 0.222266 0.501389 0.025781 0.047222
0 0.203516 0.487500 0.022656 0.055556
0 0.183203 0.470833 0.035156 0.077778
0 0.141797 0.428472 0.050781 0.079167
0 0.084375 0.360417 0.064062 0.118056
0 0.035937 0.311111 0.067187 0.122222
0 0.135156 0.307639 0.132812 0.079167
0 0.094531 0.203472 0.156250 0.095833
0 0.070703 0.120139 0.116406 0.131944
0 0.044922 0.040278 0.078906 0.075000
0 0.127734 0.046528 0.127344 0.087500
0 0.182812 0.046528 0.057813 0.090278
0 0.184766 0.104167 0.071094 0.072222
0 0.204297 0.162500 0.083594 0.063889
0 0.170313 0.163194 0.076563 0.093056
0 0.198437 0.268056 0.064062 0.061111
0 0.217578 0.313889 0.069531 0.055556
0 0.219141 0.381944 0.025781 0.052778
0 0.180078 0.361806 0.074219 0.051389
0 0.231250 0.409722 0.031250 0.055556
0 0.232813 0.419444 0.035937 0.061111
0 0.259766 0.456944 0.014844 0.025000
0 0.259375 0.370139 0.018750 0.023611
0 0.259375 0.293750 0.009375 0.020833
0 0.240234 0.235417 0.027344 0.054167
0 0.560156 0.488889 0.112500 0.066667
0 0.498047 0.508333 0.024219 0.044444
0 0.477344 0.520139 0.029687 0.043056
0 0.529687 0.692361 0.032813 0.056944
0 0.578125 0.709722 0.026562 0.050000
0 0.886719 0.477778 0.078125 0.050000
0 0.837891 0.494444 0.032031 0.030556
0 0.803906 0.502778 0.037500 0.030556
0 0.862109 0.388889 0.049219 0.038889
0 0.825391 0.400000 0.036719 0.033333
0 0.737891 0.449306 0.030469 0.048611
0 0.799609 0.415972 0.035156 0.031944
0 0.766016 0.438194 0.030469 0.040278
0 0.709375 0.463194 0.037500 0.037500
0 0.734375 0.344444 0.032813 0.036111
0 0.733984 0.358333 0.032031 0.033333
0 0.760938 0.339583 0.031250 0.040278
0 0.787500 0.316667 0.034375 0.041667
0 0.817187 0.292361 0.039062 0.048611
0 0.864453 0.276389 0.066406 0.066667
0 0.698828 0.391667 0.030469 0.038889
0 0.675000 0.381250 0.018750 0.031944
0 0.660547 0.400000 0.071094 0.016667
0 0.682031 0.275000 0.032813 0.038889
0 0.701562 0.262500 0.025000 0.033333
0 0.737891 0.236806 0.053906 0.045833
0 0.758984 0.247222 0.035156 0.055556
0 0.794531 0.220139 0.064062 0.065278
0 0.820312 0.200000 0.071875 0.069444
0 0.852734 0.164583 0.071094 0.062500
0 0.905859 0.179167 0.080469 0.061111
0 0.922266 0.289583 0.057031 0.031944
0 0.961328 0.342361 0.044531 0.012500
0 0.958984 0.447222 0.032031 0.041667
0 0.989062 0.590278 0.020313 0.033333
0 0.832031 0.055556 0.067187 0.052778
0 0.808984 0.098611 0.063281 0.044444
0 0.787500 0.122222 0.076563 0.050000
0 0.770312 0.149306 0.090625 0.054167
0 0.770703 0.042361 0.067969 0.062500
0 0.780859 0.020833 0.041406 0.033333
0 0.881250 0.071528 0.056250 0.076389
0 0.916797 0.102083 0.044531 0.051389
0 0.944141 0.186806 0.039844 0.040278
0 0.631641 0.065972 0.107031 0.073611
0 0.523438 0.027083 0.120313 0.040278
0 0.505469 0.057639 0.118750 0.056944
0 0.543750 0.102778 0.145313 0.083333
0 0.514844 0.181250 0.120313 0.087500
0 0.482422 0.245833 0.055469 0.066667
0 0.516016 0.361806 0.046094 0.084722
0 0.490625 0.383333 0.018750 0.061111
0 0.470703 0.413194 0.022656 0.048611
0 0.448047 0.261111 0.039844 0.058333
0 0.450781 0.105556 0.029687 0.041667
0 0.455469 0.358333 0.018750 0.027778
0 0.460938 0.490972 0.015625 0.029167
0 0.449219 0.502778 0.006250 0.030556
0 0.444531 0.510417 0.009375 0.029167
0 0.223438 0.056250 0.040625 0.081944
0 0.203516 0.018056 0.061719 0.027778
