0 0.943750 0.077083 0.106250 0.145833
0 0.891797 0.187500 0.186719 0.147222
0 0.838281 0.284722 0.234375 0.133333
0 0.767188 0.354167 0.185938 0.086111
0 0.714844 0.396528 0.154688 0.073611
0 0.650000 0.345833 0.103125 0.072222
0 0.591797 0.380556 0.025781 0.063889
0 0.569922 0.407639 0.025781 0.056944
0 0.552344 0.422917 0.017188 0.059722
0 0.537109 0.445139 0.011719 0.043056
0 0.597266 0.485417 0.080469 0.051389
0 0.633203 0.459722 0.107031 0.047222
0 0.673047 0.254167 0.163281 0.094444
0 0.622656 0.290278 0.100000 0.061111
0 0.578906 0.330556 0.046875 0.052778
0 0.690625 0.219444 0.134375 0.080556
0 0.729688 0.161806 0.162500 0.137500
0 0.780469 0.063194 0.157812 0.123611
0 0.625000 0.036806 0.095312 0.059722
0 0.573438 0.019444 0.042188 0.038889
0 0.619531 0.091667 0.078125 0.072222
0 0.613281 0.149306 0.096875 0.056944
0 0.581641 0.207639 0.069531 0.059722
0 0.564844 0.142361 0.037500 0.059722
0 0.631250 0.179167 0.081250 0.069444
0 0.598828 0.229861 0.064844 0.056944
0 0.585938 0.279861 0.064062 0.062500
0 0.553906 0.283333 0.023438 0.047222
0 0.538281 0.342361 0.040625 0.045833
0 0.538672 0.240278 0.055469 0.041667
0 0.554297 0.105556 0.078906 0.061111
0 0.146484 0.215278 0.135156 0.069444
0 0.175781 0.267361 0.123438 0.076389
0 0.277344 0.338889 0.098437 0.066667
0 0.331250 0.272917 0.031250 0.056944
0 0.287500 0.202083 0.087500 0.045833
0 0.331250 0.146528 0.062500 0.056944
0 0.322266 0.406250 0.050781 0.043056
0 0.250781 0.486111 0.117188 0.066667
0 0.270313 0.515972 0.104688 0.034722
0 0.325391 0.519444 0.030469 0.044444
0 0.341797 0.675694 0.010156 0.031944
0 0.333203 0.686111 0.011719 0.033333
0 0.323828 0.689583 0.013281 0.034722
0 0.310547 0.691667 0.017969 0.041667
0 0.292578 0.702083 0.022656 0.043056
0 0.267188 0.712500 0.032813 0.055556
0 0.241016 0.726389 0.038281 0.055556
0 0.193750 0.753472 0.064062 0.081944
0 0.110156 0.777778 0.123438 0.119444
0 0.044141 0.811806 0.080469 0.090278
0 0.070703 0.333333 0.063281 0.113889
0 0.025781 0.277778 0.048438 0.075000
0 0.898047 0.749306 0.110156 0.104167
0 0.973437 0.750694 0.048438 0.115278
0 0.803516 0.747222 0.105469 0.083333
0 0.736719 0.736111 0.064062 0.077778
0 0.692187 0.725000 0.065625 0.055556
0 0.641406 0.718750 0.042188 0.048611
0 0.614453 0.709028 0.036719 0.040278
0 0.588281 0.702083 0.031250 0.037500
0 0.560156 0.696528 0.025000 0.031944
0 0.537891 0.686806 0.019531 0.031944
0 0.524219 0.684722 0.015625 0.025000
0 0.512109 0.686111 0.013281 0.025000
0 0.540625 0.577778 0.028125 0.036111
0 0.547266 0.565972 0.022656 0.029167
0 0.587891 0.555556 0.071094 0.033333
0 0.525000 0.520833 0.059375 0.027778
0 0.517578 0.470139 0.030469 0.020833
