0 0.836979 0.108333 0.093750 0.140741
0 0.914583 0.033333 0.100000 0.059259
0 0.766146 0.187963 0.058333 0.098148
0 0.700521 0.282870 0.059375 0.075000
0 0.659375 0.312963 0.030208 0.057407
0 0.623177 0.248148 0.041146 0.046296
0 0.621875 0.280556 0.058333 0.025926
0 0.625521 0.364815 0.043750 0.037037
0 0.689323 0.076389 0.100521 0.069444
0 0.696875 0.033796 0.082292 0.054630
0 0.637240 0.039352 0.055729 0.065741
0 0.632292 0.085648 0.076042 0.071296
0 0.244271 0.217130 0.047917 0.093519
0 0.189583 0.150463 0.084375 0.152778
0 0.159115 0.153704 0.284896 0.305556
0 0.264844 0.111111 0.071354 0.088889
0 0.292708 0.167593 0.060417 0.068519
0 0.317708 0.217593 0.054167 0.040741
0 0.330208 0.099537 0.030208 0.075000
0 0.294792 0.035185 0.050000 0.064815
