0 0.715234 0.157812 0.569531 0.305208
0 0.523438 0.273438 0.409375 0.192708
0 0.393750 0.354167 0.312500 0.131250
0 0.349609 0.388542 0.353906 0.112500
0 0.269531 0.418229 0.270313 0.076042
0 0.198828 0.439063 0.197656 0.063542
0 0.087891 0.455208 0.027344 0.045833
0 0.130469 0.476562 0.156250 0.053125
0 0.051562 0.481250 0.025000 0.031250
0 0.060156 0.407292 0.076563 0.047917
0 0.036719 0.321875 0.025000 0.060417
0 0.136328 0.327083 0.194531 0.054167
0 0.155469 0.297396 0.203125 0.065625
0 0.162500 0.255729 0.179688 0.065625
0 0.257812 0.180729 0.318750 0.115625
0 0.294141 0.128125 0.333594 0.137500
0 0.322656 0.066667 0.318750 0.129167
0 0.094141 0.063542 0.069531 0.058333
0 0.119922 0.128646 0.091406 0.071875
0 0.086328 0.803125 0.027344 0.045833
0 0.071484 0.777083 0.017969 0.047917
0 0.053125 0.766146 0.034375 0.040625
0 0.125000 0.827083 0.046875 0.072917
0 0.180078 0.856771 0.075781 0.069792
0 0.283984 0.918229 0.253906 0.126042
0 0.344531 0.958854 0.193750 0.076042
