0 0.023828 0.129375 0.047656 0.048750
0 0.033594 0.235625 0.059375 0.048750
0 0.041016 0.333750 0.072656 0.065000
0 0.100000 0.248750 0.048438 0.042500
0 0.089453 0.165625 0.082031 0.043750
0 0.081641 0.080625 0.083594 0.048750
0 0.023438 0.026250 0.045312 0.042500
0 0.158594 0.081875 0.070312 0.053750
0 0.501953 0.073125 0.116406 0.066250
0 0.560547 0.080625 0.091406 0.071250
0 0.615625 0.086875 0.075000 0.078750
0 0.673047 0.083750 0.057031 0.050000
0 0.717187 0.085625 0.048438 0.058750
0 0.657422 0.601250 0.249219 0.132500
0 0.512109 0.603750 0.094531 0.062500
0 0.505469 0.460625 0.076563 0.051250
0 0.892188 0.554375 0.204687 0.081250
0 0.850391 0.229375 0.216406 0.093750
0 0.970313 0.207500 0.045312 0.050000
0 0.855078 0.060625 0.175781 0.113750
0 0.949219 0.053750 0.087500 0.095000
