0 0.308984 0.245833 0.149219 0.113889
0 0.255859 0.297917 0.107031 0.087500
0 0.395703 0.343056 0.199219 0.094444
0 0.306250 0.456944 0.146875 0.080556
0 0.227344 0.511111 0.109375 0.038889
0 0.161328 0.525694 0.019531 0.034722
0 0.142578 0.541667 0.017969 0.027778
0 0.129688 0.546528 0.010937 0.020833
0 0.144141 0.715972 0.016406 0.029167
0 0.164062 0.721528 0.023438 0.029167
0 0.133203 0.708333 0.014844 0.022222
0 0.235156 0.746528 0.032813 0.045833
0 0.268750 0.754861 0.032813 0.051389
0 0.308203 0.752083 0.052344 0.070833
0 0.366797 0.776389 0.064844 0.058333
0 0.227734 0.344444 0.089844 0.069444
0 0.216406 0.370833 0.109375 0.052778
0 0.180469 0.404167 0.065625 0.044444
0 0.162891 0.422917 0.060156 0.045833
0 0.169531 0.310417 0.070312 0.048611
0 0.188281 0.284722 0.078125 0.050000
0 0.204297 0.247222 0.085156 0.066667
0 0.220312 0.211806 0.073438 0.084722
0 0.148047 0.233333 0.036719 0.047222
0 0.185547 0.173611 0.057031 0.052778
0 0.203125 0.140972 0.075000 0.068056
0 0.221094 0.031250 0.078125 0.056944
0 0.296484 0.057639 0.108594 0.087500
0 0.273438 0.127778 0.095312 0.111111
0 0.392969 0.146528 0.156250 0.120833
0 0.129297 0.439583 0.013281 0.031944
0 0.118750 0.451389 0.010937 0.033333
0 0.114062 0.431944 0.015625 0.030556
0 0.127344 0.275000 0.028125 0.030556
0 0.143359 0.340278 0.047656 0.030556
0 0.154688 0.170833 0.051562 0.050000
0 0.782422 0.337500 0.058594 0.063889
0 0.782422 0.418750 0.042969 0.029167
