0 0.114844 0.833333 0.076563 0.063889
0 0.041406 0.846528 0.078125 0.090278
0 0.189453 0.797222 0.099219 0.069444
0 0.218359 0.574306 0.036719 0.056944
0 0.174609 0.554861 0.053906 0.065278
0 0.080078 0.527778 0.150781 0.091667
0 0.026172 0.043056 0.047656 0.069444
0 0.112500 0.053472 0.135937 0.101389
0 0.184766 0.177778 0.121094 0.088889
0 0.093750 0.266667 0.146875 0.133333
0 0.185547 0.313889 0.039844 0.086111
0 0.220312 0.349306 0.040625 0.068056
0 0.255078 0.168750 0.038281 0.073611
0 0.234375 0.110417 0.103125 0.056944
0 0.260156 0.082639 0.075000 0.054167
0 0.231641 0.029167 0.117969 0.055556
0 0.288672 0.021528 0.038281 0.037500
0 0.294141 0.061806 0.047656 0.054167
0 0.314453 0.047222 0.036719 0.052778
0 0.304297 0.013889 0.035156 0.016667
0 0.328125 0.125694 0.048438 0.031944
0 0.329688 0.083333 0.034375 0.052778
0 0.301953 0.112500 0.050781 0.055556
0 0.334766 0.158333 0.011719 0.036111
0 0.316406 0.172222 0.014063 0.041667
0 0.304297 0.143056 0.019531 0.055556
0 0.328125 0.205556 0.014063 0.047222
0 0.339062 0.245139 0.012500 0.043056
0 0.309375 0.276389 0.057813 0.050000
0 0.317578 0.237500 0.016406 0.044444
0 0.296094 0.215972 0.020313 0.054167
0 0.301563 0.261806 0.018750 0.054167
0 0.262109 0.228472 0.069531 0.062500
0 0.224609 0.261806 0.091406 0.068056
0 0.277344 0.306944 0.032813 0.061111
0 0.297656 0.340972 0.017188 0.034722
0 0.235156 0.331250 0.071875 0.062500
0 0.272656 0.370139 0.031250 0.056944
0 0.297266 0.397222 0.022656 0.041667
0 0.266797 0.448611 0.044531 0.033333
0 0.296484 0.463194 0.017969 0.048611
0 0.303125 0.447222 0.034375 0.027778
0 0.324219 0.447222 0.043750 0.100000
0 0.322266 0.359722 0.047656 0.025000
0 0.307422 0.325694 0.057031 0.048611
0 0.344141 0.304167 0.036719 0.030556
0 0.347266 0.281944 0.021094 0.027778
0 0.344141 0.200000 0.028906 0.050000
0 0.242969 0.506250 0.046875 0.056944
0 0.277344 0.524306 0.026562 0.045833
0 0.312891 0.556944 0.017969 0.025000
0 0.326562 0.564583 0.018750 0.037500
0 0.337500 0.574306 0.014063 0.026389
0 0.351172 0.582639 0.014844 0.020833
0 0.348047 0.477778 0.014844 0.030556
0 0.331641 0.381250 0.047656 0.034722
0 0.355078 0.352083 0.047656 0.031944
0 0.256641 0.779167 0.030469 0.033333
0 0.275391 0.767361 0.027344 0.034722
0 0.296094 0.759722 0.025000 0.027778
0 0.314844 0.750000 0.012500 0.019444
0 0.328125 0.744444 0.018750 0.025000
0 0.341797 0.740972 0.013281 0.020833
0 0.726562 0.679861 0.160938 0.087500
0 0.701172 0.756944 0.094531 0.091667
0 0.862500 0.777778 0.243750 0.194444
0 0.956641 0.776389 0.085156 0.191667
0 0.900391 0.098611 0.138281 0.172222
0 0.819531 0.240278 0.203125 0.241667
0 0.766797 0.378472 0.267969 0.145833
0 0.665625 0.326389 0.142187 0.108333
0 0.606641 0.436111 0.088281 0.055556
0 0.596094 0.478472 0.092188 0.034722
0 0.588672 0.503472 0.103906 0.034722
0 0.623047 0.725694 0.071094 0.056944
0 0.585547 0.713194 0.022656 0.045833
0 0.566016 0.711111 0.017969 0.033333
0 0.551562 0.700694 0.012500 0.031944
0 0.538281 0.695833 0.010937 0.036111
0 0.448828 0.700000 0.021094 0.013889
0 0.590625 0.192361 0.082812 0.084722
0 0.592969 0.253472 0.110937 0.068056
0 0.354297 0.402778 0.010156 0.019444
0 0.348828 0.496528 0.024219 0.026389
0 0.359375 0.588889 0.009375 0.022222
