0 0.120313 0.415278 0.057813 0.047222
0 0.117188 0.509028 0.064062 0.034722
0 0.049609 0.510417 0.028906 0.026389
0 0.055078 0.416667 0.039844 0.016667
0 0.016797 0.386806 0.032031 0.020833
0 0.016016 0.402778 0.027344 0.022222
0 0.017188 0.354861 0.025000 0.023611
0 0.021484 0.345833 0.036719 0.019444
0 0.019141 0.325694 0.032031 0.018056
0 0.020703 0.291667 0.035156 0.044444
0 0.070312 0.318056 0.065625 0.044444
0 0.136328 0.306944 0.061719 0.063889
0 0.087891 0.621528 0.035156 0.029167
0 0.141797 0.622917 0.072656 0.026389
0 0.056250 0.622222 0.034375 0.038889
0 0.029297 0.615278 0.035156 0.033333
0 0.013672 0.534028 0.025781 0.020833
0 0.013672 0.556944 0.025781 0.025000
0 0.142187 0.747917 0.078125 0.048611
0 0.087500 0.737500 0.040625 0.030556
0 0.061328 0.725000 0.032031 0.038889
0 0.122656 0.824306 0.060937 0.040278
0 0.223828 0.977778 0.071094 0.041667
