0 0.834766 0.490278 0.203906 0.200000
0 0.687109 0.553472 0.097656 0.126389
0 0.618359 0.578472 0.067969 0.112500
0 0.658203 0.786806 0.055469 0.065278
0 0.615625 0.765972 0.035937 0.065278
0 0.725391 0.872917 0.175781 0.165278
0 0.836328 0.892361 0.200781 0.209722
0 0.972656 0.427083 0.054688 0.215278
0 0.793359 0.111111 0.188281 0.219444
0 0.674609 0.254861 0.100781 0.181944
0 0.674609 0.355556 0.208594 0.119444
0 0.648047 0.425000 0.202344 0.097222
0 0.537891 0.476389 0.025781 0.044444
0 0.506250 0.504861 0.017188 0.023611
0 0.506641 0.479167 0.011719 0.041667
0 0.506641 0.453472 0.011719 0.023611
0 0.503906 0.419444 0.010937 0.027778
0 0.500391 0.400694 0.016406 0.043056
0 0.558203 0.330556 0.110156 0.058333
0 0.567578 0.275694 0.121094 0.084722
0 0.601953 0.198611 0.153906 0.113889
0 0.612891 0.069444 0.083594 0.136111
0 0.580469 0.041667 0.115625 0.080556
0 0.558984 0.118750 0.092969 0.087500
0 0.548438 0.185417 0.081250 0.079167
0 0.512109 0.062500 0.046094 0.113889
0 0.412500 0.654861 0.023438 0.009722
0 0.413281 0.661111 0.026562 0.013889
0 0.411328 0.645139 0.024219 0.012500
