0 0.779297 0.711111 0.099219 0.083333
0 0.770312 0.752083 0.167187 0.079167
0 0.675391 0.730556 0.080469 0.077778
0 0.623828 0.716667 0.066406 0.061111
0 0.430469 0.697917 0.037500 0.045833
0 0.273047 0.793056 0.138281 0.111111
0 0.183203 0.820139 0.071094 0.131944
0 0.075391 0.768056 0.124219 0.141667
0 0.072266 0.357639 0.102344 0.181944
0 0.076563 0.062500 0.151562 0.111111
0 0.904297 0.634722 0.144531 0.127778
0 0.973437 0.640972 0.050000 0.109722
0 0.914844 0.473611 0.031250 0.038889
0 0.881641 0.482639 0.032031 0.040278
0 0.853125 0.493056 0.025000 0.038889
0 0.875781 0.393750 0.032813 0.034722
0 0.908203 0.377778 0.035156 0.025000
0 0.850000 0.418056 0.028125 0.036111
0 0.837891 0.334028 0.028906 0.040278
0 0.866016 0.313194 0.035156 0.043056
0 0.899609 0.290278 0.042969 0.050000
0 0.888281 0.203472 0.028125 0.034722
0 0.858594 0.237500 0.029687 0.030556
0 0.833594 0.258333 0.017188 0.027778
0 0.783984 0.300000 0.021094 0.036111
0 0.761719 0.322222 0.025000 0.044444
0 0.736719 0.342361 0.020313 0.034722
0 0.762891 0.388194 0.025781 0.037500
0 0.788672 0.375694 0.027344 0.054167
0 0.745313 0.400000 0.025000 0.025000
0 0.705078 0.465972 0.019531 0.015278
0 0.705078 0.479861 0.017969 0.018056
0 0.723047 0.458333 0.021094 0.019444
0 0.727344 0.472222 0.010937 0.016667
0 0.707812 0.531944 0.023438 0.011111
0 0.710156 0.545139 0.020313 0.012500
0 0.709766 0.558333 0.019531 0.013889
0 0.778906 0.236806 0.039062 0.043056
0 0.769922 0.256944 0.052344 0.038889
0 0.757422 0.278472 0.064844 0.031944
0 0.749609 0.225694 0.060156 0.037500
0 0.759375 0.198611 0.060937 0.047222
0 0.777734 0.147222 0.060156 0.100000
0 0.771484 0.146528 0.091406 0.043056
0 0.934375 0.056250 0.031250 0.056944
0 0.896094 0.095833 0.042188 0.050000
0 0.859766 0.049306 0.017969 0.020833
0 0.906250 0.032639 0.073438 0.045833
0 0.825781 0.025000 0.053125 0.038889
0 0.542969 0.620833 0.020313 0.011111
0 0.543359 0.625694 0.024219 0.006944
0 0.541016 0.631944 0.028906 0.005556
0 0.541797 0.638194 0.030469 0.006944
0 0.545703 0.644444 0.022656 0.005556
0 0.551172 0.656250 0.033594 0.018056
0 0.381641 0.702778 0.072656 0.036111
0 0.287109 0.622222 0.028906 0.033333
