0 0.563281 0.361250 0.082812 0.047500
0 0.589453 0.253750 0.100781 0.030000
0 0.571875 0.135625 0.065625 0.071250
0 0.328906 0.044375 0.200000 0.081250
0 0.241406 0.086250 0.148438 0.100000
0 0.489063 0.016250 0.065625 0.030000
0 0.490625 0.030000 0.068750 0.027500
0 0.486719 0.051875 0.079687 0.036250
0 0.490234 0.063125 0.078906 0.026250
0 0.490234 0.083750 0.069531 0.040000
0 0.576953 0.027500 0.107031 0.052500
0 0.149219 0.291250 0.135937 0.080000
0 0.077734 0.316875 0.039844 0.061250
0 0.041797 0.330000 0.032031 0.055000
0 0.025000 0.357500 0.045312 0.060000
0 0.075000 0.184375 0.132812 0.053750
0 0.096094 0.155625 0.137500 0.053750
0 0.129297 0.121250 0.133594 0.050000
0 0.104297 0.040625 0.157031 0.058750
0 0.039453 0.075625 0.072656 0.071250
0 0.517188 0.841875 0.431250 0.301250
