0 0.793490 0.956481 0.076563 0.079630
0 0.735677 0.882407 0.111979 0.170370
0 0.689063 0.469444 0.148958 0.087037
0 0.620052 0.285185 0.029687 0.062963
0 0.658333 0.125000 0.134375 0.075926
0 0.810677 0.140278 0.100521 0.056481
0 0.030469 0.928241 0.057813 0.099074
0 0.039583 0.692593 0.078125 0.092593
0 0.034635 0.475000 0.066146 0.079630
0 0.038542 0.155093 0.073958 0.121296
0 0.089063 0.058796 0.138542 0.106481
0 0.123698 0.263889 0.069271 0.088889
0 0.127604 0.479167 0.085417 0.063889
0 0.088281 0.862037 0.157812 0.068519
0 0.190885 0.801389 0.067187 0.056481
0 0.240625 0.757870 0.044792 0.045370
0 0.197396 0.484722 0.047917 0.052778
0 0.238542 0.488426 0.042708 0.045370
0 0.183854 0.299074 0.048958 0.083333
0 0.232292 0.332407 0.043750 0.066667
0 0.186198 0.176852 0.115104 0.092593
0 0.202604 0.037037 0.092708 0.070370
0 0.268490 0.222685 0.024479 0.062037
0 0.265885 0.093519 0.027604 0.070370
0 0.294792 0.139352 0.016667 0.047222
0 0.293229 0.254630 0.021875 0.059259
0 0.315104 0.281944 0.016667 0.045370
0 0.283333 0.362963 0.048958 0.066667
0 0.316146 0.384722 0.018750 0.041667
0 0.271094 0.484722 0.022396 0.041667
0 0.302865 0.499537 0.026562 0.039815
0 0.321094 0.504167 0.016146 0.030556
0 0.985677 0.209259 0.027604 0.035185
0 0.985156 0.232870 0.022396 0.026852
0 0.956771 0.233796 0.038542 0.028704
0 0.956510 0.256481 0.028646 0.031481
0 0.983594 0.363426 0.023438 0.030556
0 0.960156 0.371296 0.031771 0.029630
0 0.981510 0.037500 0.031771 0.045370
0 0.962760 0.071759 0.054688 0.056481
0 0.484115 0.682870 0.071354 0.047222
