0 0.776172 0.584028 0.130469 0.140278
0 0.694922 0.615972 0.041406 0.079167
0 0.652344 0.626389 0.053125 0.063889
0 0.732422 0.809028 0.169531 0.115278
0 0.925000 0.793750 0.142187 0.162500
0 0.890625 0.095139 0.210938 0.187500
0 0.832031 0.293750 0.306250 0.181944
0 0.754297 0.426389 0.241406 0.130556
0 0.666406 0.293056 0.092188 0.133333
0 0.720313 0.129167 0.125000 0.202778
0 0.681250 0.072222 0.098437 0.138889
0 0.623828 0.040278 0.058594 0.069444
0 0.032031 0.751389 0.059375 0.066667
0 0.109375 0.739583 0.173437 0.095833
0 0.121094 0.495833 0.159375 0.097222
0 0.032031 0.397222 0.056250 0.102778
0 0.144531 0.238889 0.171875 0.144444
0 0.046484 0.075000 0.089844 0.141667
0 0.155078 0.059722 0.161719 0.116667
