0 0.258984 0.055000 0.305469 0.100000
0 0.250781 0.092500 0.285938 0.152500
0 0.255469 0.151250 0.301563 0.127500
0 0.258203 0.221250 0.307031 0.137500
0 0.263672 0.263750 0.302344 0.102500
0 0.259375 0.323750 0.314063 0.127500
0 0.271094 0.368125 0.298438 0.083750
0 0.260937 0.418750 0.314063 0.100000
0 0.257812 0.498125 0.300000 0.086250
0 0.257031 0.557500 0.298438 0.072500
0 0.262891 0.606875 0.289844 0.088750
0 0.262891 0.664375 0.296094 0.091250
0 0.267188 0.720000 0.301563 0.080000
0 0.266797 0.776875 0.303906 0.093750
0 0.269922 0.833125 0.289844 0.091250
0 0.277734 0.896250 0.277344 0.095000
0 0.281250 0.943125 0.295312 0.093750
0 0.164062 0.888125 0.154688 0.211250
0 0.664844 0.887500 0.312500 0.090000
0 0.621875 0.473750 0.178125 0.070000
0 0.719922 0.477500 0.032031 0.057500
0 0.750391 0.478750 0.042969 0.062500
0 0.778125 0.496250 0.032813 0.047500
0 0.801562 0.683125 0.070312 0.083750
0 0.610938 0.081250 0.154688 0.147500
0 0.651953 0.116250 0.139844 0.117500
0 0.682813 0.172500 0.165625 0.102500
0 0.464844 0.056250 0.160938 0.090000
0 0.463672 0.098125 0.153906 0.103750
0 0.461328 0.150000 0.163281 0.075000
0 0.457813 0.194375 0.156250 0.088750
0 0.457422 0.238125 0.158594 0.073750
0 0.465234 0.278750 0.152344 0.075000
0 0.462500 0.330000 0.160938 0.080000
0 0.464844 0.373125 0.165625 0.083750
0 0.463281 0.416250 0.151562 0.062500
0 0.467187 0.461250 0.160938 0.070000
0 0.461328 0.510625 0.163281 0.051250
0 0.465625 0.546250 0.167187 0.065000
0 0.464062 0.596250 0.154688 0.070000
0 0.464453 0.642500 0.174219 0.080000
0 0.470313 0.691875 0.154688 0.076250
0 0.463281 0.735000 0.140625 0.062500
0 0.469922 0.783750 0.138281 0.070000
0 0.462500 0.826250 0.129688 0.065000
0 0.453516 0.875000 0.150781 0.085000
0 0.967187 0.619375 0.045312 0.026250
0 0.796875 0.362500 0.050000 0.045000
