0 0.657813 0.665278 0.079687 0.044444
0 0.686719 0.651389 0.025000 0.019444
0 0.807813 0.808333 0.128125 0.133333
0 0.926172 0.839583 0.142969 0.112500
0 0.834766 0.150694 0.217969 0.204167
0 0.905078 0.090278 0.180469 0.166667
0 0.247656 0.747222 0.112500 0.063889
0 0.171875 0.736111 0.045312 0.044444
0 0.347266 0.750694 0.117969 0.051389
0 0.063281 0.878472 0.107813 0.120833
0 0.044531 0.729167 0.085938 0.066667
0 0.059766 0.276389 0.111719 0.172222
0 0.028125 0.140278 0.054688 0.150000
0 0.725391 0.645139 0.025781 0.018056
