0 0.836719 0.156250 0.310937 0.287500
0 0.510938 0.070312 0.614062 0.134375
0 0.221484 0.048958 0.217969 0.097917
0 0.196875 0.122396 0.240625 0.111458
0 0.327734 0.288542 0.288281 0.141667
0 0.258594 0.336458 0.217188 0.122917
0 0.207422 0.387500 0.186719 0.089583
0 0.169922 0.431771 0.182031 0.084375
0 0.152344 0.469271 0.212500 0.053125
0 0.337109 0.406771 0.178906 0.138542
0 0.596484 0.322917 0.366406 0.272917
0 0.673438 0.574479 0.070312 0.038542
0 0.619531 0.582812 0.054688 0.038542
0 0.564063 0.577604 0.039062 0.036458
0 0.505859 0.543229 0.055469 0.030208
0 0.557813 0.674479 0.057813 0.044792
0 0.618359 0.683854 0.044531 0.036458
0 0.673438 0.689583 0.070312 0.025000
0 0.487109 0.748958 0.091406 0.054167
0 0.075781 0.798438 0.037500 0.063542
0 0.103516 0.840625 0.046094 0.083333
