0 0.023958 0.896296 0.045833 0.101852
0 0.096094 0.835648 0.120313 0.121296
0 0.180469 0.762037 0.088021 0.081481
0 0.238281 0.715278 0.061979 0.069444
0 0.278906 0.693056 0.049479 0.071296
0 0.321875 0.700463 0.037500 0.062037
0 0.375781 0.683796 0.089063 0.056481
0 0.282552 0.512500 0.043229 0.052778
0 0.233854 0.509259 0.046875 0.061111
0 0.179427 0.518056 0.061979 0.078704
0 0.097656 0.519444 0.101562 0.075926
0 0.023438 0.522222 0.046875 0.081481
0 0.197135 0.119907 0.205729 0.117593
0 0.156250 0.067593 0.221875 0.090741
0 0.118490 0.018981 0.218229 0.037963
0 0.021875 0.150463 0.037500 0.100926
0 0.102083 0.214815 0.104167 0.155556
0 0.180729 0.273148 0.075000 0.111111
0 0.239063 0.301852 0.050000 0.109259
0 0.283594 0.335185 0.042188 0.064815
0 0.884896 0.068056 0.026042 0.043519
0 0.887500 0.142130 0.036458 0.041667
0 0.866927 0.166204 0.016146 0.034259
0 0.841406 0.183796 0.033854 0.034259
0 0.942969 0.082407 0.032813 0.059259
0 0.978906 0.054630 0.039062 0.050000
0 0.790625 0.059259 0.265625 0.111111
0 0.601562 0.637500 0.016667 0.034259
0 0.616927 0.652778 0.017188 0.046296
0 0.636719 0.681481 0.033854 0.074074
0 0.714063 0.718519 0.041667 0.081481
0 0.669792 0.661111 0.033333 0.053704
0 0.680729 0.684722 0.039583 0.071296
0 0.862760 0.790278 0.260937 0.145370
