0 0.881641 0.367188 0.233594 0.165625
0 0.662500 0.416667 0.214062 0.135417
0 0.792578 0.074479 0.410156 0.136458
0 0.534375 0.075521 0.223438 0.119792
0 0.518750 0.122396 0.146875 0.082292
0 0.521094 0.154167 0.073438 0.058333
0 0.508203 0.205208 0.071094 0.056250
0 0.501953 0.254167 0.057031 0.045833
0 0.517969 0.289062 0.054688 0.067708
0 0.483984 0.348958 0.119531 0.068750
0 0.514062 0.405729 0.137500 0.065625
0 0.517969 0.441667 0.121875 0.062500
0 0.499219 0.496354 0.120313 0.059375
0 0.638281 0.538542 0.382812 0.060417
0 0.624219 0.596354 0.367188 0.063542
0 0.602344 0.633854 0.323437 0.071875
0 0.616016 0.679167 0.335156 0.045833
0 0.566797 0.738021 0.236719 0.071875
0 0.523828 0.800000 0.147656 0.060417
0 0.514453 0.833854 0.125781 0.088542
0 0.514062 0.864583 0.107813 0.058333
0 0.494141 0.917708 0.088281 0.068750
0 0.407031 0.817187 0.096875 0.073958
0 0.325000 0.833854 0.151562 0.084375
0 0.433594 0.869792 0.110937 0.079167
0 0.412109 0.704167 0.152344 0.050000
0 0.407813 0.668750 0.151562 0.045833
0 0.433203 0.625521 0.160156 0.044792
0 0.423047 0.587500 0.171094 0.037500
0 0.400391 0.555208 0.125781 0.029167
0 0.402344 0.515104 0.121875 0.051042
0 0.421094 0.483333 0.159375 0.029167
0 0.422656 0.439583 0.162500 0.043750
0 0.423047 0.400521 0.161719 0.055208
0 0.411328 0.377083 0.147656 0.079167
0 0.406641 0.069792 0.094531 0.089583
0 0.414453 0.100000 0.147656 0.091667
0 0.414844 0.142708 0.126562 0.056250
0 0.048047 0.707292 0.088281 0.047917
