0 0.854297 0.125000 0.094531 0.055556
0 0.870313 0.081250 0.075000 0.068056
0 0.887500 0.046528 0.067187 0.073611
0 0.907422 0.010417 0.053906 0.015278
0 0.853516 0.024306 0.077344 0.045833
0 0.956250 0.043056 0.056250 0.061111
0 0.917578 0.079861 0.041406 0.068056
0 0.892578 0.131250 0.049219 0.076389
0 0.875391 0.159028 0.064844 0.062500
0 0.846875 0.186111 0.056250 0.047222
0 0.869141 0.271528 0.099219 0.051389
0 0.885938 0.242361 0.090625 0.065278
0 0.903516 0.206944 0.069531 0.055556
0 0.928125 0.168750 0.043750 0.056944
0 0.969922 0.124306 0.053906 0.065278
0 0.987891 0.083333 0.019531 0.052778
0 0.971875 0.011806 0.040625 0.018056
0 0.980469 0.229167 0.031250 0.050000
0 0.950391 0.271528 0.036719 0.065278
0 0.910937 0.301389 0.043750 0.066667
0 0.878125 0.327778 0.037500 0.058333
0 0.877344 0.345139 0.085938 0.048611
0 0.862500 0.430556 0.026562 0.036111
0 0.889453 0.409028 0.036719 0.045833
0 0.914453 0.384028 0.042969 0.059722
0 0.950000 0.363889 0.031250 0.050000
0 0.982031 0.343750 0.034375 0.059722
0 0.992188 0.461806 0.012500 0.048611
0 0.963672 0.479167 0.036719 0.058333
0 0.929297 0.498611 0.038281 0.050000
0 0.894922 0.509722 0.035156 0.041667
0 0.814453 0.408333 0.067969 0.030556
0 0.817578 0.425000 0.071094 0.033333
0 0.916797 0.909028 0.157031 0.170833
0 0.816016 0.893750 0.282031 0.173611
0 0.680859 0.840278 0.141406 0.077778
0 0.104297 0.723611 0.016406 0.033333
0 0.082422 0.724306 0.033594 0.043056
0 0.051562 0.718056 0.043750 0.063889
0 0.019531 0.720139 0.035937 0.040278
0 0.623437 0.680556 0.018750 0.019444
0 0.610547 0.682639 0.011719 0.020833
0 0.590234 0.687500 0.028906 0.016667
0 0.568359 0.686806 0.014844 0.012500
