0 0.655078 0.153125 0.675781 0.300000
0 0.846875 0.352083 0.304688 0.122917
0 0.955469 0.480208 0.087500 0.056250
0 0.723828 0.532813 0.300781 0.082292
0 0.430859 0.554688 0.086719 0.069792
0 0.350781 0.559896 0.073438 0.051042
0 0.285547 0.564063 0.063281 0.042708
0 0.227344 0.575521 0.046875 0.036458
0 0.179297 0.576042 0.032031 0.041667
0 0.154688 0.579688 0.015625 0.032292
0 0.141406 0.582292 0.020313 0.027083
0 0.099219 0.482812 0.185938 0.051042
0 0.240625 0.435417 0.026562 0.047917
0 0.297266 0.400521 0.060156 0.059375
0 0.351953 0.380208 0.063281 0.070833
0 0.433203 0.354687 0.102344 0.084375
0 0.114062 0.234375 0.209375 0.100000
0 0.182812 0.396354 0.332813 0.769792
0 0.043750 0.768750 0.031250 0.047917
0 0.071875 0.794792 0.039062 0.072917
0 0.115625 0.827083 0.050000 0.085417
0 0.167578 0.880729 0.067969 0.098958
0 0.405078 0.937500 0.402344 0.118750
