0 0.095833 0.698148 0.188542 0.109259
0 0.091927 0.769907 0.180729 0.125000
0 0.104948 0.836574 0.206771 0.115741
0 0.109635 0.914815 0.213021 0.131481
0 0.122917 0.953704 0.175000 0.077778
0 0.099740 0.612963 0.180729 0.131481
0 0.091146 0.531481 0.176042 0.120370
0 0.090104 0.456481 0.173958 0.098148
0 0.093750 0.370833 0.184375 0.082407
0 0.095833 0.300926 0.188542 0.085185
0 0.092188 0.224074 0.171875 0.124074
0 0.088802 0.134259 0.176563 0.138889
0 0.088281 0.056481 0.161979 0.087037
0 0.654427 0.113426 0.093229 0.069444
0 0.552344 0.064352 0.113021 0.071296
0 0.735938 0.157870 0.130208 0.091667
0 0.816927 0.201389 0.094271 0.062037
0 0.885156 0.239352 0.080729 0.062037
0 0.885677 0.046296 0.075521 0.051852
0 0.833594 0.439352 0.078646 0.063889
0 0.766146 0.438426 0.085417 0.086111
0 0.679948 0.440741 0.080729 0.077778
0 0.466667 0.439815 0.318750 0.151852
0 0.896354 0.443519 0.058333 0.048148
0 0.844792 0.619444 0.083333 0.075926
