0 0.610156 0.318750 0.100000 0.098611
0 0.685547 0.321528 0.077344 0.095833
0 0.703125 0.438194 0.075000 0.070833
0 0.616406 0.449306 0.104688 0.101389
0 0.634375 0.539583 0.029687 0.026389
0 0.669531 0.530556 0.043750 0.033333
0 0.632422 0.709722 0.080469 0.052778
0 0.698047 0.702778 0.075781 0.063889
0 0.764453 0.432639 0.061719 0.048611
0 0.811719 0.252778 0.221875 0.197222
0 0.800391 0.437500 0.080469 0.025000
0 0.856641 0.377083 0.060156 0.059722
0 0.770703 0.234722 0.321094 0.341667
0 0.675391 0.196528 0.085156 0.081944
0 0.655469 0.015278 0.065625 0.025000
0 0.076563 0.828472 0.148438 0.126389
0 0.027734 0.867361 0.050781 0.087500
0 0.412109 0.693056 0.060156 0.030556
0 0.441016 0.691667 0.027344 0.025000
0 0.376563 0.686806 0.045312 0.026389
0 0.352344 0.679861 0.026562 0.026389
0 0.337891 0.674306 0.022656 0.023611
0 0.320703 0.680556 0.021094 0.016667
0 0.299609 0.677083 0.019531 0.012500
0 0.298828 0.651389 0.022656 0.025000
0 0.323437 0.648611 0.018750 0.019444
0 0.340234 0.649306 0.021094 0.015278
0 0.340625 0.618056 0.021875 0.013889
0 0.319922 0.618750 0.021094 0.018056
0 0.298047 0.618750 0.022656 0.018056
0 0.278906 0.618056 0.015625 0.016667
0 0.274219 0.581250 0.020313 0.018056
0 0.250781 0.580556 0.025000 0.013889
0 0.233984 0.542361 0.010156 0.018056
0 0.249219 0.541667 0.017188 0.019444
0 0.271094 0.539583 0.026562 0.015278
0 0.339062 0.543056 0.020313 0.019444
0 0.317578 0.541667 0.022656 0.019444
0 0.294141 0.543750 0.019531 0.023611
0 0.297266 0.582639 0.022656 0.018056
0 0.318750 0.582639 0.020313 0.018056
0 0.340625 0.580556 0.023438 0.016667
0 0.364063 0.577778 0.023438 0.022222
0 0.385937 0.578472 0.020313 0.023611
0 0.405859 0.576389 0.019531 0.027778
0 0.438672 0.574306 0.032031 0.018056
0 0.438281 0.611111 0.023438 0.019444
0 0.408203 0.615278 0.032031 0.025000
0 0.383984 0.615278 0.016406 0.019444
0 0.362109 0.615278 0.027344 0.019444
0 0.364063 0.537500 0.025000 0.016667
0 0.389453 0.538889 0.025781 0.019444
0 0.412109 0.539583 0.019531 0.020833
0 0.437500 0.507639 0.031250 0.012500
0 0.434766 0.541667 0.025781 0.016667
0 0.407813 0.498611 0.025000 0.019444
0 0.385547 0.498611 0.019531 0.019444
0 0.364063 0.499306 0.021875 0.020833
0 0.341797 0.502083 0.022656 0.026389
0 0.319141 0.504861 0.022656 0.020833
0 0.296875 0.504861 0.021875 0.020833
0 0.274609 0.504861 0.022656 0.020833
0 0.251563 0.508333 0.023438 0.027778
0 0.232031 0.511806 0.015625 0.020833
0 0.236719 0.473611 0.021875 0.022222
0 0.255469 0.471528 0.015625 0.026389
0 0.272266 0.472222 0.017969 0.027778
0 0.292969 0.470139 0.023438 0.029167
0 0.319922 0.472222 0.017969 0.030556
0 0.339844 0.470833 0.021875 0.033333
0 0.383984 0.463194 0.019531 0.023611
0 0.407422 0.462500 0.025781 0.013889
0 0.360938 0.465278 0.023438 0.019444
0 0.433203 0.438194 0.022656 0.012500
0 0.431250 0.474306 0.026562 0.015278
0 0.456250 0.406944 0.028125 0.019444
0 0.453516 0.386806 0.022656 0.034722
0 0.432812 0.382639 0.020313 0.031944
0 0.431641 0.409722 0.022656 0.025000
0 0.409375 0.425694 0.021875 0.029167
0 0.387109 0.427778 0.022656 0.025000
0 0.364453 0.428472 0.022656 0.026389
0 0.340234 0.429167 0.027344 0.025000
0 0.315625 0.431944 0.025000 0.030556
0 0.296875 0.436111 0.014063 0.022222
0 0.273438 0.435417 0.023438 0.029167
0 0.251953 0.437500 0.019531 0.025000
0 0.233984 0.438194 0.022656 0.026389
0 0.257422 0.403472 0.024219 0.034722
0 0.273438 0.396528 0.028125 0.026389
0 0.296094 0.401389 0.025000 0.030556
0 0.320703 0.398611 0.033594 0.030556
0 0.338281 0.395833 0.023438 0.033333
0 0.361328 0.393750 0.022656 0.037500
0 0.385156 0.391667 0.021875 0.030556
0 0.407031 0.390972 0.021875 0.031944
0 0.519922 0.223611 0.061719 0.061111
0 0.958594 0.388194 0.043750 0.043056
0 0.992578 0.384028 0.013281 0.045833
