0 0.675260 0.418981 0.094271 0.056481
0 0.676042 0.277778 0.078125 0.048148
0 0.701562 0.185185 0.042708 0.051852
0 0.688802 0.660648 0.064062 0.032407
0 0.128646 0.893056 0.142708 0.089815
0 0.170833 0.832407 0.157292 0.075926
0 0.229687 0.796296 0.113542 0.079630
0 0.467708 0.342130 0.027083 0.019444
0 0.467448 0.381944 0.021354 0.010185
0 0.472135 0.428241 0.025521 0.021296
0 0.471354 0.464352 0.025000 0.010185
0 0.498698 0.487037 0.025521 0.046296
0 0.472396 0.504630 0.025000 0.016667
0 0.446875 0.507407 0.021875 0.020370
0 0.423698 0.508796 0.024479 0.017593
0 0.396094 0.509259 0.024479 0.016667
0 0.372656 0.511111 0.022396 0.016667
0 0.350000 0.512500 0.022917 0.017593
0 0.349740 0.541204 0.026562 0.013889
0 0.372396 0.542130 0.021875 0.013889
0 0.396354 0.540741 0.023958 0.011111
0 0.395052 0.572685 0.025521 0.013889
0 0.370573 0.573611 0.023438 0.010185
0 0.432552 0.584259 0.033854 0.014815
0 0.422396 0.467593 0.022917 0.018519
0 0.446094 0.464815 0.023438 0.018519
0 0.445833 0.425463 0.020833 0.013889
0 0.423177 0.428704 0.024479 0.020370
0 0.394271 0.430093 0.028125 0.023148
0 0.367188 0.432407 0.025000 0.024074
0 0.344271 0.431944 0.021875 0.025000
0 0.349479 0.472685 0.023958 0.013889
0 0.371094 0.471296 0.021354 0.016667
0 0.397656 0.468981 0.027604 0.015741
0 0.318490 0.472222 0.024479 0.016667
0 0.296354 0.474074 0.019792 0.012963
0 0.293490 0.429167 0.024479 0.021296
0 0.314844 0.431944 0.020313 0.015741
0 0.313802 0.388426 0.025521 0.019444
0 0.289844 0.388889 0.022396 0.020370
0 0.295052 0.346759 0.027604 0.019444
0 0.318750 0.348611 0.018750 0.015741
0 0.314323 0.308333 0.027604 0.031481
0 0.289323 0.308796 0.021354 0.030556
0 0.269531 0.306019 0.018229 0.025000
0 0.272917 0.348611 0.013542 0.015741
0 0.315104 0.271296 0.025000 0.031481
0 0.294792 0.270833 0.029167 0.028704
0 0.340104 0.267593 0.025000 0.029630
0 0.366667 0.266204 0.021875 0.026852
0 0.342187 0.326389 0.023958 0.054630
0 0.346875 0.385185 0.021875 0.018519
0 0.371094 0.385648 0.027604 0.008333
0 0.394792 0.385185 0.022917 0.012963
0 0.394531 0.345833 0.024479 0.021296
0 0.364844 0.344907 0.031771 0.023148
0 0.366667 0.304167 0.025000 0.015741
0 0.391146 0.306019 0.023958 0.012037
0 0.387240 0.270833 0.028646 0.032407
0 0.419271 0.267130 0.025000 0.023148
0 0.442708 0.264815 0.028125 0.025926
0 0.468229 0.263889 0.013542 0.027778
0 0.467708 0.305556 0.021875 0.024074
0 0.445052 0.306019 0.025521 0.025000
0 0.423177 0.305093 0.027604 0.013889
0 0.419792 0.343056 0.026042 0.013889
0 0.445052 0.342593 0.025521 0.011111
0 0.444271 0.384722 0.021875 0.015741
0 0.418229 0.385648 0.030208 0.013889
0 0.500000 0.393519 0.031250 0.014815
0 0.499740 0.427778 0.031771 0.022222
0 0.496615 0.360648 0.023438 0.013889
0 0.521094 0.358333 0.022396 0.016667
0 0.518490 0.325463 0.020313 0.019444
0 0.497396 0.321759 0.021875 0.026852
0 0.495312 0.290278 0.023958 0.012037
0 0.519531 0.287500 0.024479 0.017593
0 0.519531 0.256481 0.021354 0.022222
0 0.491927 0.258796 0.022396 0.036111
0 0.474740 0.600000 0.058854 0.042593
