0 0.713281 0.132870 0.125521 0.086111
0 0.702604 0.178241 0.135417 0.056481
0 0.694792 0.217130 0.151042 0.054630
0 0.616146 0.243056 0.017708 0.034259
0 0.713542 0.293519 0.114583 0.051852
0 0.649740 0.325463 0.021354 0.050926
0 0.632031 0.339352 0.018229 0.041667
0 0.617708 0.352778 0.023958 0.037037
0 0.821094 0.135648 0.109896 0.125000
0 0.894010 0.051852 0.124479 0.090741
0 0.123438 0.088426 0.094792 0.176852
0 0.039844 0.034722 0.078646 0.060185
0 0.224219 0.054630 0.110937 0.100000
0 0.199740 0.019444 0.068229 0.029630
0 0.203385 0.187037 0.060937 0.118519
0 0.259375 0.251852 0.048958 0.077778
0 0.297917 0.293056 0.034375 0.047222
0 0.322135 0.323611 0.021354 0.052778
0 0.341667 0.343056 0.023958 0.052778
0 0.360156 0.356944 0.020313 0.043519
0 0.377604 0.380093 0.007292 0.017593
0 0.348958 0.271759 0.059375 0.036111
0 0.362760 0.240741 0.022396 0.055556
0 0.311719 0.222685 0.090104 0.071296
0 0.294271 0.168519 0.075000 0.062963
0 0.295052 0.124537 0.038021 0.086111
0 0.301563 0.025463 0.063542 0.047222
0 0.337500 0.043056 0.051042 0.067593
0 0.349479 0.084259 0.047917 0.053704
0 0.338281 0.131019 0.033854 0.078704
0 0.365885 0.181481 0.026562 0.057407
0 0.642708 0.031944 0.060417 0.060185
0 0.628125 0.066204 0.052083 0.058333
