0 0.868750 0.496354 0.260937 0.126042
0 0.710156 0.509896 0.112500 0.121875
0 0.630469 0.089063 0.735938 0.171875
0 0.340625 0.282292 0.429688 0.208333
0 0.246484 0.350521 0.330469 0.128125
0 0.228125 0.399479 0.379688 0.119792
0 0.174219 0.427604 0.309375 0.059375
0 0.106641 0.113021 0.171094 0.113542
0 0.145313 0.040104 0.210938 0.073958
0 0.112891 0.771875 0.188281 0.072917
0 0.136328 0.834896 0.125781 0.107292
0 0.142187 0.915625 0.067187 0.160417
0 0.239453 0.910417 0.161719 0.164583
0 0.203516 0.958333 0.089844 0.072917
0 0.337109 0.545833 0.078906 0.066667
0 0.430078 0.529687 0.114844 0.078125
