0 0.905729 0.112500 0.175000 0.200926
0 0.855208 0.200463 0.227083 0.113889
0 0.805469 0.260648 0.210938 0.087963
0 0.680469 0.296296 0.036979 0.062963
0 0.649740 0.322222 0.025521 0.061111
0 0.632292 0.341204 0.017708 0.049074
0 0.617188 0.364352 0.025000 0.050926
0 0.598177 0.381944 0.015104 0.030556
0 0.583854 0.389352 0.012500 0.023148
0 0.657292 0.254630 0.112500 0.046296
0 0.689323 0.239352 0.156771 0.073148
0 0.708854 0.186111 0.154167 0.074074
0 0.679427 0.118981 0.165104 0.071296
0 0.693490 0.081019 0.163021 0.058333
0 0.713021 0.039352 0.159375 0.075000
0 0.633854 0.026852 0.064583 0.051852
0 0.611458 0.076389 0.068750 0.054630
0 0.608594 0.206944 0.040104 0.045370
0 0.599740 0.244907 0.053646 0.058333
0 0.181510 0.158796 0.186979 0.076852
0 0.184375 0.118981 0.187500 0.080556
0 0.265365 0.254630 0.118229 0.066667
0 0.331510 0.281019 0.019271 0.049074
0 0.348698 0.315278 0.014063 0.039815
0 0.304427 0.128241 0.099479 0.065741
0 0.284375 0.074537 0.121875 0.054630
0 0.367969 0.118981 0.047396 0.062037
