0 0.804688 0.540625 0.381250 0.127083
0 0.944531 0.200000 0.103125 0.168750
0 0.806641 0.098437 0.385156 0.186458
0 0.655469 0.158333 0.340625 0.210417
0 0.538281 0.216667 0.410938 0.187500
0 0.374609 0.291667 0.339844 0.125000
0 0.423047 0.099479 0.142969 0.096875
0 0.464453 0.355208 0.074219 0.062500
0 0.550781 0.353646 0.112500 0.084375
0 0.400000 0.392188 0.054688 0.076042
0 0.430859 0.562500 0.105469 0.064583
0 0.561328 0.539583 0.150781 0.079167
0 0.249219 0.521875 0.156250 0.066667
0 0.238672 0.410938 0.200781 0.076042
0 0.148828 0.439583 0.117969 0.056250
0 0.133203 0.738021 0.047656 0.053125
0 0.096484 0.733854 0.021094 0.030208
0 0.195703 0.752604 0.105469 0.051042
0 0.200391 0.842187 0.064844 0.076042
0 0.263672 0.860417 0.080469 0.089583
0 0.340625 0.888021 0.109375 0.076042
0 0.479687 0.950000 0.168750 0.079167
