0 0.957812 0.351250 0.045312 0.032500
0 0.915625 0.360625 0.045312 0.038750
0 0.885938 0.360000 0.029687 0.027500
0 0.855078 0.405625 0.013281 0.033750
0 0.842969 0.416875 0.015625 0.036250
0 0.829297 0.426250 0.014844 0.027500
0 0.761328 0.483125 0.057031 0.063750
0 0.717578 0.518125 0.038281 0.058750
0 0.694141 0.530625 0.027344 0.053750
0 0.643750 0.582500 0.064062 0.082500
0 0.571484 0.631875 0.089844 0.096250
0 0.501172 0.693750 0.110156 0.122500
0 0.327344 0.838750 0.201563 0.200000
0 0.141797 0.910000 0.271094 0.167500
0 0.383594 0.129375 0.287500 0.186250
0 0.513672 0.147500 0.175781 0.157500
0 0.629297 0.152500 0.061719 0.082500
0 0.679688 0.168125 0.053125 0.056250
0 0.716797 0.180000 0.042969 0.057500
0 0.753906 0.193750 0.048438 0.052500
0 0.783984 0.213125 0.024219 0.048750
0 0.800781 0.213125 0.029687 0.036250
0 0.800781 0.155625 0.084375 0.171250
0 0.826172 0.063750 0.028906 0.035000
0 0.809766 0.045000 0.030469 0.032500
0 0.788672 0.045625 0.033594 0.068750
0 0.696094 0.025625 0.150000 0.046250
