0 0.228516 0.170000 0.442969 0.325000
0 0.317188 0.269375 0.493750 0.278750
0 0.501172 0.306250 0.303906 0.145000
0 0.591016 0.125625 0.213281 0.166250
0 0.642188 0.196875 0.189062 0.111250
0 0.745313 0.255625 0.060937 0.048750
0 0.795703 0.121875 0.124219 0.098750
0 0.794141 0.358125 0.091406 0.068750
0 0.845313 0.515000 0.026562 0.047500
0 0.807422 0.497500 0.021094 0.047500
0 0.789453 0.488750 0.041406 0.062500
0 0.764453 0.486875 0.036719 0.051250
0 0.723828 0.472500 0.060156 0.070000
0 0.592969 0.465625 0.253125 0.126250
0 0.854297 0.647500 0.027344 0.037500
0 0.838672 0.659375 0.016406 0.031250
0 0.777344 0.679375 0.112500 0.048750
0 0.771094 0.710625 0.042188 0.071250
0 0.743750 0.737500 0.050000 0.085000
0 0.627734 0.758125 0.214844 0.101250
0 0.602344 0.826250 0.168750 0.120000
0 0.408203 0.896875 0.364844 0.146250
0 0.311328 0.943125 0.292969 0.103750
