0 0.774740 0.459722 0.149479 0.143519
0 0.911719 0.443981 0.163021 0.169444
0 0.788281 0.881944 0.127604 0.200926
0 0.903906 0.939352 0.161979 0.119444
0 0.715625 0.779167 0.117708 0.130556
0 0.656510 0.736574 0.095312 0.113889
0 0.623698 0.678241 0.095312 0.087963
0 0.015885 0.821759 0.025521 0.108333
0 0.058073 0.793519 0.080729 0.124074
0 0.117188 0.736111 0.086458 0.079630
0 0.010937 0.345370 0.017708 0.079630
0 0.056771 0.366204 0.073958 0.125000
0 0.118750 0.388889 0.063542 0.066667
0 0.102083 0.478241 0.178125 0.071296
0 0.199479 0.480093 0.046875 0.039815
0 0.232552 0.479630 0.027604 0.029630
0 0.266667 0.482407 0.025000 0.037037
0 0.234115 0.656944 0.027604 0.056481
0 0.211458 0.668056 0.030208 0.069444
0 0.169531 0.691204 0.064062 0.060185
0 0.239844 0.623148 0.083854 0.038889
0 0.688281 0.333796 0.110937 0.112037
0 0.618490 0.380093 0.038021 0.080556
0 0.589063 0.402315 0.045833 0.069444
0 0.553125 0.424074 0.035417 0.048148
0 0.786719 0.075463 0.177604 0.145370
0 0.622656 0.042593 0.063021 0.079630
0 0.576562 0.083333 0.041667 0.103704
0 0.099479 0.229167 0.180208 0.082407
0 0.138542 0.271296 0.146875 0.061111
0 0.213021 0.300000 0.053125 0.037037
0 0.275000 0.272685 0.076042 0.032407
0 0.262760 0.162037 0.085938 0.066667
0 0.264844 0.053704 0.081771 0.046296
