0 0.516146 0.555093 0.025000 0.008333
0 0.516667 0.562963 0.026042 0.007407
0 0.513281 0.574537 0.018229 0.013889
0 0.514583 0.542130 0.021875 0.010185
0 0.829427 0.397222 0.122396 0.129630
0 0.941406 0.369444 0.114062 0.111111
0 0.859635 0.068056 0.277604 0.136111
0 0.743490 0.136111 0.068229 0.137037
0 0.764583 0.280093 0.057292 0.063889
0 0.757292 0.247685 0.045833 0.047222
0 0.756510 0.202778 0.031771 0.061111
0 0.762760 0.321296 0.049479 0.068519
0 0.762500 0.362037 0.034375 0.064815
0 0.763021 0.395833 0.041667 0.050926
0 0.763281 0.447685 0.041146 0.050926
0 0.712240 0.393519 0.049479 0.050000
0 0.716406 0.358796 0.060937 0.054630
0 0.715625 0.426389 0.052083 0.049074
0 0.721615 0.467593 0.060937 0.070370
0 0.724219 0.517130 0.056771 0.028704
0 0.725781 0.608333 0.054688 0.053704
0 0.782292 0.613426 0.071875 0.087963
0 0.775781 0.735185 0.052604 0.070370
