0 0.714453 0.102604 0.561719 0.192708
0 0.476172 0.173437 0.388281 0.217708
0 0.362891 0.234896 0.310156 0.130208
0 0.307031 0.295312 0.329688 0.107292
0 0.227734 0.343229 0.269531 0.109375
0 0.183203 0.371354 0.247656 0.078125
0 0.102734 0.390104 0.157031 0.073958
0 0.080859 0.423438 0.158594 0.055208
0 0.048828 0.178646 0.085156 0.055208
0 0.028125 0.214583 0.053125 0.072917
0 0.086328 0.247917 0.119531 0.064583
0 0.122656 0.218750 0.150000 0.104167
0 0.199609 0.157292 0.224219 0.104167
0 0.120313 0.076563 0.171875 0.113542
0 0.169141 0.038021 0.221094 0.067708
0 0.351562 0.368750 0.700000 0.731250
0 0.650781 0.742708 0.098437 0.016667
0 0.656641 0.758333 0.114844 0.022917
0 0.658594 0.708333 0.110937 0.033333
0 0.657031 0.689583 0.139063 0.010417
0 0.668359 0.668750 0.161719 0.022917
0 0.653125 0.646354 0.121875 0.032292
