0 0.285547 0.734028 0.063281 0.034722
0 0.828906 0.703472 0.034375 0.029167
0 0.851172 0.682639 0.041406 0.029167
0 0.849219 0.628472 0.042188 0.020833
0 0.846484 0.592361 0.039844 0.037500
0 0.848047 0.561806 0.039844 0.034722
0 0.847656 0.542361 0.031250 0.037500
0 0.844531 0.521528 0.025000 0.029167
0 0.839844 0.502083 0.040625 0.037500
0 0.894141 0.395833 0.047656 0.102778
0 0.840625 0.474306 0.040625 0.054167
0 0.838281 0.452778 0.034375 0.047222
0 0.856641 0.395139 0.024219 0.056944
0 0.834766 0.423611 0.028906 0.041667
0 0.854297 0.339583 0.022656 0.045833
0 0.844531 0.293750 0.023438 0.045833
0 0.855078 0.311111 0.021094 0.038889
0 0.834766 0.232639 0.024219 0.068056
0 0.843750 0.262500 0.017188 0.058333
0 0.817578 0.226389 0.024219 0.047222
0 0.817578 0.259722 0.027344 0.047222
0 0.828516 0.386806 0.032031 0.045833
0 0.909375 0.173611 0.118750 0.116667
0 0.919922 0.060417 0.111719 0.112500
0 0.980859 0.236806 0.036719 0.159722
0 0.932422 0.335417 0.066406 0.151389
0 0.762500 0.702083 0.082812 0.056944
