0 0.785547 0.638125 0.053906 0.018750
0 0.898047 0.634375 0.055469 0.021250
0 0.951562 0.675625 0.037500 0.041250
0 0.976562 0.674375 0.042188 0.051250
0 0.989453 0.691250 0.016406 0.037500
0 0.430078 0.775625 0.142969 0.073750
0 0.310156 0.779375 0.098437 0.051250
0 0.235156 0.778125 0.104688 0.056250
0 0.140234 0.767500 0.075781 0.055000
0 0.171094 0.473125 0.175000 0.063750
0 0.155078 0.235000 0.155469 0.092500
0 0.294141 0.140625 0.103906 0.081250
0 0.435937 0.155625 0.164062 0.123750
0 0.624609 0.206875 0.094531 0.086250
0 0.567969 0.209375 0.087500 0.113750
0 0.626563 0.353125 0.081250 0.058750
0 0.435156 0.437500 0.182812 0.077500
0 0.294141 0.442500 0.103906 0.087500
