0 0.721875 0.457407 0.197917 0.079630
0 0.613542 0.467130 0.020833 0.052778
0 0.602604 0.473148 0.008333 0.038889
0 0.589583 0.471759 0.027083 0.041667
0 0.684896 0.766667 0.097917 0.070370
0 0.467969 0.710648 0.093229 0.050926
0 0.518750 0.659259 0.050000 0.051852
0 0.522917 0.634259 0.045833 0.031481
0 0.398958 0.646759 0.053125 0.043519
0 0.151302 0.467593 0.064062 0.074074
0 0.025521 0.450926 0.042708 0.092593
0 0.211979 0.473611 0.051042 0.054630
0 0.247135 0.465741 0.027604 0.066667
0 0.275260 0.481944 0.032813 0.049074
0 0.280729 0.348611 0.041667 0.043519
0 0.248177 0.338889 0.035937 0.062963
0 0.205990 0.307407 0.048438 0.079630
0 0.153385 0.267593 0.068229 0.087037
0 0.077604 0.201389 0.097917 0.113889
0 0.019531 0.177778 0.028646 0.088889
0 0.091927 0.084259 0.173437 0.140741
0 0.192708 0.144444 0.063542 0.098148
0 0.237500 0.190278 0.036458 0.071296
0 0.270313 0.231019 0.038542 0.065741
0 0.268490 0.098148 0.029687 0.070370
0 0.241146 0.047222 0.037500 0.051852
0 0.196875 0.017130 0.061458 0.032407
0 0.733854 0.916204 0.040625 0.104630
0 0.764323 0.963426 0.054688 0.065741
0 0.980990 0.468056 0.027604 0.045370
0 0.985938 0.575000 0.021875 0.055556
0 0.956771 0.580093 0.046875 0.034259
0 0.953906 0.480093 0.018229 0.032407
0 0.958333 0.360648 0.052083 0.043519
0 0.868229 0.081944 0.189583 0.121296
0 0.683854 0.104630 0.200000 0.155556
0 0.615625 0.048148 0.106250 0.074074
0 0.600000 0.224074 0.107292 0.070370
0 0.773177 0.363889 0.022396 0.029630
0 0.757812 0.365741 0.009375 0.025926
0 0.742188 0.381481 0.015625 0.037037
0 0.858594 0.278241 0.039062 0.041667
0 0.827865 0.285648 0.022396 0.045370
0 0.026042 0.946296 0.047917 0.096296
0 0.158854 0.821296 0.053125 0.088889
0 0.086979 0.881019 0.109375 0.121296
0 0.084375 0.455556 0.086458 0.083333
