0 0.914062 0.643056 0.128125 0.037963
0 0.075260 0.856019 0.127604 0.112037
0 0.247396 0.236574 0.035417 0.039815
0 0.207292 0.138889 0.036458 0.029630
0 0.210156 0.230093 0.034896 0.030556
0 0.050521 0.358796 0.046875 0.045370
0 0.100521 0.360648 0.050000 0.041667
0 0.035417 0.463426 0.067708 0.028704
0 0.091406 0.454630 0.041146 0.029630
0 0.027344 0.294444 0.050521 0.044444
0 0.027344 0.162037 0.040104 0.022222
0 0.101823 0.140278 0.093229 0.039815
0 0.073177 0.018519 0.074479 0.027778
0 0.033333 0.022222 0.066667 0.040741
