0 0.949219 0.743056 0.100000 0.088889
0 0.928516 0.510417 0.094531 0.101389
0 0.990234 0.490972 0.016406 0.079167
0 0.975000 0.197917 0.042188 0.123611
0 0.909375 0.270833 0.092188 0.105556
0 0.817969 0.349306 0.070312 0.095833
0 0.835547 0.645833 0.075781 0.252778
0 0.776563 0.726389 0.051562 0.058333
0 0.734766 0.713194 0.035156 0.059722
0 0.768359 0.570139 0.052344 0.070833
0 0.717187 0.581944 0.050000 0.052778
0 0.712500 0.450694 0.042188 0.065278
0 0.759375 0.408333 0.051562 0.055556
0 0.797266 0.133333 0.077344 0.130556
0 0.868750 0.047917 0.085938 0.084722
0 0.746875 0.216667 0.059375 0.086111
0 0.701562 0.283333 0.050000 0.069444
0 0.685156 0.126389 0.046875 0.072222
0 0.719141 0.057639 0.055469 0.070833
