0 0.361328 0.488542 0.150781 0.066667
0 0.482422 0.501563 0.108594 0.057292
0 0.586328 0.501563 0.099219 0.053125
0 0.483203 0.577083 0.053906 0.058333
0 0.400391 0.576042 0.111719 0.060417
0 0.269922 0.570312 0.150781 0.048958
0 0.357812 0.715104 0.148438 0.084375
0 0.487891 0.709896 0.102344 0.084375
0 0.106641 0.773958 0.141406 0.056250
0 0.220703 0.776042 0.132031 0.060417
0 0.332422 0.268229 0.200781 0.092708
0 0.491797 0.284375 0.136719 0.079167
0 0.462891 0.082292 0.122656 0.110417
0 0.362500 0.053125 0.176563 0.104167
0 0.190625 0.115104 0.093750 0.071875
0 0.188281 0.244792 0.096875 0.054167
0 0.839453 0.290625 0.307031 0.189583
0 0.842187 0.046354 0.309375 0.084375
0 0.063672 0.572396 0.053906 0.026042
0 0.017578 0.574479 0.033594 0.026042
0 0.112109 0.575000 0.042969 0.031250
0 0.180078 0.520833 0.050781 0.025000
0 0.181641 0.460417 0.053906 0.027083
0 0.180859 0.488542 0.061719 0.025000
0 0.118359 0.461458 0.061719 0.022917
0 0.109375 0.517188 0.048438 0.030208
0 0.058203 0.518229 0.053906 0.030208
0 0.016797 0.515625 0.028906 0.027083
0 0.017578 0.457292 0.033594 0.027083
0 0.017969 0.393750 0.032813 0.027083
0 0.060547 0.395313 0.052344 0.023958
0 0.123828 0.404167 0.066406 0.035417
0 0.124219 0.181250 0.065625 0.054167
0 0.070312 0.179167 0.068750 0.050000
0 0.021094 0.170833 0.039062 0.045833
0 0.019141 0.224479 0.032031 0.040625
0 0.068750 0.231771 0.051562 0.044792
0 0.120703 0.239583 0.052344 0.041667
0 0.116406 0.291667 0.046875 0.043750
0 0.069141 0.292708 0.060156 0.039583
0 0.020703 0.280729 0.035156 0.030208
0 0.022266 0.336458 0.035156 0.027083
0 0.067187 0.336979 0.059375 0.026042
0 0.123438 0.345833 0.062500 0.027083
