0 0.748437 0.835625 0.215625 0.108750
0 0.937891 0.861250 0.119531 0.070000
0 0.450000 0.492500 0.204687 0.072500
0 0.228125 0.509375 0.153125 0.068750
0 0.086328 0.535625 0.114844 0.046250
0 0.187109 0.405000 0.122656 0.075000
0 0.250781 0.315000 0.106250 0.070000
0 0.383984 0.305625 0.172656 0.131250
0 0.511328 0.282500 0.217969 0.130000
0 0.087891 0.297500 0.138281 0.095000
0 0.049609 0.314375 0.094531 0.098750
0 0.058203 0.094375 0.111719 0.136250
0 0.019531 0.018125 0.035937 0.026250
0 0.094922 0.037500 0.127344 0.067500
0 0.200781 0.136875 0.173437 0.138750
0 0.275781 0.103750 0.156250 0.142500
0 0.388281 0.066250 0.175000 0.132500
0 0.508984 0.042500 0.196094 0.082500
