0 0.615104 0.630093 0.019792 0.034259
0 0.632552 0.640278 0.032813 0.043519
0 0.665104 0.671759 0.057292 0.062037
0 0.664844 0.655093 0.036979 0.041667
0 0.697135 0.646296 0.036979 0.044444
0 0.729427 0.658796 0.044271 0.056481
0 0.770052 0.674537 0.044271 0.063889
0 0.870573 0.715741 0.161979 0.100000
0 0.983594 0.221296 0.028646 0.098148
0 0.936719 0.264815 0.079687 0.094444
0 0.869531 0.297222 0.063021 0.083333
0 0.820312 0.321759 0.041667 0.075000
0 0.804427 0.131481 0.205729 0.100000
0 0.827083 0.080093 0.188542 0.104630
0 0.871354 0.028241 0.185417 0.045370
0 0.140104 0.106944 0.223958 0.191667
0 0.081510 0.047222 0.157812 0.090741
0 0.196094 0.203241 0.211979 0.130556
0 0.248177 0.283796 0.171354 0.095370
0 0.271615 0.318519 0.173437 0.081481
0 0.301563 0.368981 0.164583 0.045370
0 0.365625 0.345833 0.018750 0.050926
0 0.429167 0.679630 0.084375 0.040741
0 0.496354 0.600463 0.028125 0.028704
0 0.468229 0.602315 0.054167 0.028704
0 0.610156 0.521296 0.014063 0.005556
0 0.609896 0.528241 0.016667 0.006481
0 0.609375 0.534259 0.017708 0.005556
0 0.094271 0.534722 0.175000 0.193519
0 0.212760 0.534259 0.089063 0.120370
0 0.271094 0.519444 0.050521 0.087037
0 0.313542 0.525000 0.038542 0.062963
0 0.332292 0.524074 0.030208 0.059259
0 0.358854 0.521759 0.030208 0.045370
0 0.377604 0.522685 0.008333 0.034259
0 0.380208 0.679630 0.020833 0.053704
0 0.354948 0.693981 0.040104 0.063889
0 0.338021 0.726389 0.045833 0.063889
0 0.312500 0.765741 0.058333 0.088889
0 0.254948 0.846296 0.099479 0.096296
0 0.202865 0.931944 0.115104 0.134259
0 0.335156 0.177778 0.100521 0.059259
0 0.329167 0.134722 0.085417 0.060185
0 0.315625 0.065278 0.087500 0.089815
0 0.284115 0.016667 0.089063 0.031481
0 0.857812 0.188889 0.044792 0.042593
0 0.814844 0.237963 0.061979 0.035185
0 0.833073 0.216667 0.049479 0.038889
0 0.797396 0.174537 0.036458 0.028704
0 0.800000 0.297685 0.026042 0.032407
0 0.792708 0.355556 0.023958 0.024074
0 0.814323 0.283333 0.014063 0.035185
0 0.827344 0.269444 0.017188 0.027778
0 0.863542 0.262963 0.043750 0.024074
0 0.940885 0.203241 0.031771 0.032407
0 0.965625 0.187500 0.036458 0.058333
