0 0.660156 0.152083 0.104688 0.129167
0 0.685547 0.048611 0.061719 0.088889
0 0.591016 0.076389 0.114844 0.094444
0 0.575000 0.150694 0.104688 0.081944
0 0.562500 0.215278 0.107813 0.061111
0 0.495312 0.138194 0.018750 0.029167
0 0.537109 0.385417 0.038281 0.056944
0 0.516406 0.418056 0.017188 0.033333
0 0.502344 0.438889 0.012500 0.033333
0 0.087891 0.116667 0.069531 0.130556
0 0.041797 0.036111 0.078906 0.058333
0 0.135937 0.200000 0.070312 0.125000
0 0.182031 0.280556 0.035937 0.080556
0 0.185547 0.335417 0.082031 0.065278
0 0.214062 0.373611 0.073438 0.055556
0 0.260156 0.409722 0.018750 0.036111
0 0.275781 0.440278 0.012500 0.027778
0 0.256250 0.335417 0.070312 0.051389
0 0.245703 0.307639 0.069531 0.037500
0 0.262891 0.270139 0.024219 0.051389
0 0.215625 0.259722 0.076563 0.063889
0 0.194141 0.205556 0.083594 0.075000
0 0.225000 0.150694 0.056250 0.056944
0 0.197656 0.082639 0.098437 0.076389
0 0.179297 0.022917 0.097656 0.040278
0 0.151953 0.019444 0.078906 0.036111
0 0.259375 0.148611 0.029687 0.055556
0 0.273047 0.198611 0.021094 0.044444
0 0.287891 0.243750 0.011719 0.034722
0 0.235547 0.029167 0.066406 0.055556
0 0.512891 0.291667 0.046094 0.044444
