0 0.414844 0.920625 0.221875 0.138750
0 0.540234 0.874375 0.155469 0.133750
0 0.624609 0.810000 0.133594 0.102500
0 0.682031 0.761250 0.096875 0.080000
0 0.744531 0.736250 0.039062 0.062500
0 0.762891 0.713125 0.061719 0.066250
0 0.779687 0.680000 0.093750 0.037500
0 0.834766 0.661875 0.032031 0.021250
0 0.845703 0.515000 0.024219 0.050000
0 0.813672 0.503125 0.030469 0.043750
0 0.793750 0.488125 0.023438 0.058750
0 0.773047 0.477500 0.032031 0.060000
0 0.738672 0.470625 0.046094 0.066250
0 0.604297 0.454375 0.250781 0.071250
0 0.398438 0.343125 0.553125 0.196250
0 0.341406 0.250000 0.501563 0.167500
0 0.255469 0.151250 0.493750 0.220000
0 0.126953 0.055625 0.249219 0.108750
0 0.612891 0.146250 0.180469 0.147500
0 0.675391 0.195000 0.133594 0.085000
0 0.710547 0.240625 0.119531 0.053750
0 0.810937 0.253125 0.095312 0.068750
0 0.802344 0.360625 0.087500 0.078750
0 0.787109 0.127500 0.105469 0.062500
0 0.774219 0.036875 0.148438 0.071250
