0 0.534766 0.683750 0.308594 0.172500
0 0.297656 0.762500 0.504687 0.247500
0 0.134375 0.848125 0.267188 0.283750
0 0.133984 0.194375 0.257031 0.368750
0 0.278125 0.243750 0.503125 0.375000
0 0.475000 0.339375 0.362500 0.211250
0 0.697656 0.373125 0.076563 0.128750
0 0.764453 0.411875 0.046094 0.093750
0 0.801953 0.422500 0.044531 0.077500
0 0.822656 0.426875 0.034375 0.071250
0 0.855469 0.455000 0.026562 0.062500
0 0.868750 0.465000 0.025000 0.042500
0 0.963281 0.670000 0.067187 0.037500
0 0.541406 0.958125 0.220312 0.083750
0 0.577734 0.104375 0.300781 0.176250
0 0.652344 0.155000 0.248438 0.157500
0 0.714063 0.219375 0.193750 0.113750
0 0.767188 0.260000 0.135937 0.072500
0 0.845313 0.296250 0.021875 0.060000
0 0.866797 0.325625 0.022656 0.056250
0 0.897656 0.267500 0.028125 0.065000
0 0.886328 0.226250 0.032031 0.052500
0 0.837891 0.195000 0.075781 0.052500
0 0.799219 0.145000 0.120313 0.057500
0 0.800000 0.103125 0.109375 0.088750
0 0.729297 0.032500 0.160156 0.055000
