0 0.616667 0.720370 0.093750 0.098148
0 0.392708 0.623611 0.050000 0.041667
0 0.332813 0.631481 0.067708 0.044444
0 0.429688 0.604167 0.023958 0.023148
0 0.159115 0.684722 0.088021 0.075000
0 0.080990 0.725000 0.079687 0.075926
0 0.294010 0.341667 0.075521 0.046296
0 0.241406 0.352315 0.039062 0.045370
0 0.216146 0.364815 0.013542 0.025926
0 0.197917 0.369907 0.018750 0.036111
0 0.177604 0.372222 0.014583 0.016667
0 0.178906 0.380093 0.018229 0.023148
0 0.166146 0.376389 0.015625 0.025000
0 0.166667 0.388426 0.017708 0.012037
0 0.152083 0.371759 0.013542 0.021296
0 0.152604 0.464352 0.011458 0.021296
0 0.171615 0.448611 0.023438 0.013889
0 0.172656 0.460185 0.021354 0.020370
0 0.193750 0.453241 0.021875 0.021296
0 0.213281 0.447685 0.020313 0.021296
0 0.232031 0.444907 0.021354 0.021296
0 0.249740 0.441667 0.022396 0.027778
0 0.273698 0.437500 0.033854 0.030556
0 0.300521 0.513889 0.070833 0.027778
0 0.249740 0.517593 0.026562 0.018519
0 0.230469 0.515741 0.015104 0.018519
0 0.213021 0.517593 0.017708 0.014815
0 0.200521 0.516204 0.011458 0.015741
0 0.185938 0.520833 0.015625 0.017593
0 0.167969 0.522222 0.019271 0.018519
0 0.220833 0.587963 0.020833 0.016667
0 0.235937 0.586111 0.017708 0.020370
0 0.252865 0.587500 0.021354 0.019444
0 0.272656 0.324074 0.088021 0.557407
0 0.252865 0.086111 0.076563 0.040741
0 0.292448 0.139352 0.073438 0.056481
0 0.273177 0.157870 0.080729 0.037963
0 0.249219 0.172685 0.063021 0.039815
0 0.232031 0.188889 0.079687 0.038889
0 0.201563 0.252778 0.028125 0.033333
0 0.181771 0.265741 0.015625 0.035185
0 0.167708 0.260648 0.018750 0.030556
0 0.168229 0.278241 0.013542 0.028704
0 0.151302 0.266204 0.020313 0.034259
0 0.102604 0.218056 0.026042 0.030556
0 0.042708 0.166204 0.084375 0.080556
0 0.289844 0.241204 0.069271 0.054630
0 0.274740 0.257407 0.077604 0.037037
0 0.261198 0.269907 0.095312 0.043519
0 0.207552 0.277778 0.018229 0.038889
0 0.364063 0.255556 0.067708 0.046296
0 0.366406 0.136574 0.068229 0.054630
0 0.463281 0.139815 0.055729 0.038889
0 0.447917 0.157870 0.060417 0.036111
0 0.429427 0.230093 0.021354 0.026852
0 0.467448 0.221296 0.058854 0.035185
0 0.500260 0.194907 0.056771 0.034259
0 0.467969 0.304167 0.055729 0.030556
0 0.430990 0.302778 0.020313 0.027778
0 0.410938 0.270833 0.019792 0.036111
0 0.387500 0.282407 0.027083 0.024074
0 0.371875 0.286111 0.023958 0.029630
0 0.366667 0.361111 0.063542 0.031481
0 0.418229 0.341204 0.042708 0.032407
0 0.431771 0.387037 0.023958 0.025926
0 0.463021 0.383796 0.043750 0.026852
0 0.505990 0.378241 0.047396 0.010185
0 0.521615 0.400000 0.041146 0.035185
0 0.490625 0.407407 0.022917 0.020370
0 0.465104 0.470833 0.034375 0.025000
0 0.488802 0.471759 0.016146 0.023148
0 0.508854 0.458333 0.034375 0.022222
0 0.415104 0.480556 0.028125 0.024074
0 0.459115 0.579167 0.018229 0.017593
0 0.479948 0.577778 0.022396 0.018519
0 0.501302 0.577778 0.028646 0.022222
0 0.437760 0.577315 0.034896 0.021296
0 0.614062 0.293981 0.030208 0.017593
0 0.598698 0.302778 0.022396 0.027778
0 0.604167 0.237500 0.025000 0.021296
0 0.626042 0.239352 0.026042 0.017593
0 0.720313 0.300000 0.016667 0.016667
0 0.699740 0.378704 0.018229 0.014815
0 0.721094 0.378241 0.026562 0.012037
0 0.635677 0.563426 0.022396 0.019444
