0 0.656641 0.454688 0.050781 0.046875
0 0.616406 0.458854 0.039062 0.040625
0 0.578516 0.469792 0.041406 0.029167
0 0.611719 0.380729 0.109375 0.034375
0 0.627734 0.369792 0.072656 0.039583
0 0.648047 0.351562 0.069531 0.048958
0 0.718359 0.332813 0.064844 0.051042
0 0.773828 0.314063 0.057031 0.036458
0 0.771094 0.438021 0.059375 0.042708
0 0.715234 0.447917 0.052344 0.033333
0 0.712891 0.556250 0.057031 0.041667
0 0.766016 0.550000 0.050781 0.047917
0 0.773047 0.643750 0.055469 0.045833
0 0.716797 0.639583 0.060156 0.043750
0 0.654687 0.561979 0.059375 0.036458
0 0.161328 0.837500 0.080469 0.062500
0 0.200000 0.866146 0.117188 0.105208
0 0.287891 0.913542 0.161719 0.116667
0 0.336328 0.975000 0.152344 0.043750
0 0.776563 0.206771 0.064062 0.055208
0 0.820703 0.166667 0.069531 0.043750
0 0.820312 0.183854 0.276562 0.165625
0 0.657422 0.242708 0.044531 0.054167
0 0.649219 0.268750 0.103125 0.050000
0 0.616797 0.290104 0.133594 0.055208
0 0.604688 0.126042 0.098437 0.058333
0 0.624219 0.093229 0.071875 0.048958
