0 0.803125 0.812963 0.167708 0.183333
0 0.909115 0.884722 0.178646 0.213889
0 0.919010 0.469444 0.048438 0.050000
0 0.959375 0.458796 0.043750 0.052778
0 0.987760 0.457407 0.021354 0.050000
0 0.989323 0.341204 0.017188 0.045370
0 0.961979 0.355093 0.040625 0.043519
0 0.916927 0.368056 0.043229 0.043519
0 0.912760 0.265278 0.035937 0.036111
0 0.949740 0.250926 0.043229 0.042593
0 0.981510 0.231944 0.031771 0.050926
0 0.977604 0.146759 0.039583 0.065741
0 0.943750 0.162037 0.027083 0.050000
0 0.905990 0.180093 0.029687 0.058333
0 0.945573 0.077315 0.092188 0.049074
0 0.977865 0.032407 0.043229 0.048148
0 0.875781 0.345833 0.050521 0.030556
0 0.872135 0.360185 0.031771 0.024074
0 0.869010 0.372685 0.022396 0.015741
0 0.834375 0.359259 0.038542 0.022222
0 0.837240 0.369907 0.035937 0.017593
0 0.841406 0.384259 0.027604 0.011111
0 0.873177 0.468056 0.026562 0.010185
0 0.871615 0.482870 0.030729 0.017593
0 0.872396 0.499074 0.032292 0.014815
0 0.875260 0.513889 0.026562 0.014815
0 0.872656 0.527778 0.025521 0.012963
0 0.830729 0.457870 0.028125 0.015741
0 0.589583 0.517593 0.023958 0.009259
0 0.590365 0.526389 0.025521 0.008333
0 0.591667 0.533796 0.022917 0.006481
0 0.590885 0.540741 0.021354 0.007407
0 0.591406 0.547685 0.020313 0.006481
0 0.590885 0.553704 0.019271 0.007407
0 0.458333 0.653704 0.056250 0.055556
0 0.297656 0.549074 0.102604 0.029630
