0 0.927604 0.088426 0.141667 0.176852
0 0.864062 0.179630 0.183333 0.135185
0 0.840104 0.245833 0.222917 0.089815
0 0.709375 0.281944 0.032292 0.071296
0 0.677865 0.314352 0.031771 0.067593
0 0.653125 0.333333 0.028125 0.050000
0 0.726562 0.134259 0.137500 0.081481
0 0.717969 0.180556 0.158854 0.062963
0 0.632292 0.158333 0.022917 0.066667
0 0.616146 0.192130 0.014583 0.069444
0 0.602865 0.225463 0.018229 0.039815
0 0.782292 0.078241 0.213542 0.139815
0 0.204167 0.208333 0.220833 0.083333
0 0.166146 0.132870 0.240625 0.091667
0 0.140625 0.062963 0.228125 0.101852
0 0.303646 0.069444 0.102083 0.059259
0 0.288281 0.022685 0.097396 0.037963
0 0.630729 0.361574 0.015625 0.045370
0 0.617448 0.375926 0.014063 0.038889
0 0.604688 0.387963 0.013542 0.035185
0 0.590365 0.400000 0.016146 0.038889
0 0.600260 0.313426 0.029687 0.036111
0 0.591406 0.330093 0.028646 0.026852
0 0.597917 0.343056 0.056250 0.032407
0 0.603906 0.253241 0.076563 0.034259
0 0.624219 0.232407 0.097396 0.038889
0 0.645312 0.125463 0.129167 0.234259
0 0.679167 0.020370 0.093750 0.037037
0 0.610417 0.131944 0.056250 0.039815
0 0.578906 0.104167 0.061979 0.036111
0 0.586979 0.056019 0.062500 0.034259
0 0.602604 0.025463 0.076042 0.043519
