0 0.751953 0.854861 0.166406 0.173611
0 0.880859 0.929167 0.230469 0.130556
0 0.082812 0.901389 0.165625 0.177778
0 0.142969 0.724306 0.017188 0.023611
0 0.119922 0.722222 0.024219 0.038889
0 0.085938 0.725000 0.046875 0.055556
0 0.667969 0.802083 0.139063 0.098611
0 0.602734 0.784722 0.064844 0.063889
0 0.833594 0.052778 0.062500 0.063889
0 0.806250 0.079167 0.050000 0.044444
0 0.829297 0.137500 0.075781 0.041667
0 0.805469 0.176389 0.068750 0.044444
0 0.822656 0.232639 0.089063 0.045833
0 0.839453 0.218056 0.083594 0.055556
0 0.846094 0.188194 0.048438 0.051389
0 0.862500 0.143750 0.031250 0.059722
0 0.892188 0.102083 0.029687 0.056944
0 0.920312 0.063194 0.032813 0.056944
0 0.902734 0.040278 0.082031 0.061111
0 0.846094 0.011111 0.053125 0.016667
0 0.956641 0.013194 0.052344 0.020833
0 0.842969 0.285417 0.065625 0.048611
0 0.827344 0.306944 0.076563 0.050000
0 0.833594 0.383333 0.076563 0.038889
0 0.846094 0.362500 0.059375 0.038889
0 0.866016 0.333333 0.053906 0.055556
0 0.844922 0.446528 0.035156 0.062500
0 0.816797 0.454167 0.025781 0.047222
0 0.852344 0.529861 0.039062 0.034722
0 0.817578 0.540278 0.027344 0.041667
0 0.771094 0.431250 0.043750 0.029167
0 0.765234 0.445833 0.035156 0.030556
0 0.763672 0.455556 0.030469 0.025000
0 0.762109 0.467361 0.027344 0.020833
0 0.764453 0.479861 0.025781 0.020833
0 0.787891 0.458333 0.024219 0.022222
0 0.784375 0.477778 0.017188 0.016667
0 0.789844 0.529861 0.025000 0.023611
0 0.792969 0.542361 0.026562 0.018056
0 0.796094 0.557639 0.020313 0.020833
0 0.766016 0.529167 0.030469 0.013889
0 0.765234 0.544444 0.027344 0.027778
0 0.766797 0.556250 0.027344 0.020833
0 0.768750 0.568750 0.029687 0.026389
0 0.771875 0.577083 0.039062 0.018056
0 0.773828 0.586806 0.035156 0.018056
0 0.769141 0.595139 0.025781 0.015278
0 0.767578 0.608333 0.032031 0.019444
0 0.571875 0.684722 0.020313 0.019444
0 0.559766 0.684028 0.010156 0.012500
