0 0.873828 0.933333 0.222656 0.125000
0 0.719531 0.918056 0.085938 0.130556
0 0.651172 0.840972 0.138281 0.084722
0 0.571875 0.798611 0.035937 0.072222
0 0.344922 0.785417 0.113281 0.068056
0 0.419531 0.742361 0.048438 0.043056
0 0.415234 0.718056 0.036719 0.016667
0 0.259766 0.741667 0.053906 0.036111
0 0.681250 0.357639 0.251563 0.154167
0 0.538672 0.429861 0.046094 0.081944
0 0.643750 0.094444 0.196875 0.150000
0 0.581250 0.191667 0.140625 0.105556
0 0.983203 0.175694 0.032031 0.068056
0 0.919922 0.374306 0.033594 0.043056
0 0.901172 0.331250 0.172656 0.098611
0 0.883594 0.398611 0.026562 0.027778
0 0.871875 0.268056 0.026562 0.038889
0 0.963281 0.056944 0.056250 0.075000
0 0.011328 0.416667 0.016406 0.069444
0 0.108203 0.492361 0.047656 0.070833
0 0.146875 0.513889 0.026562 0.050000
0 0.058594 0.460417 0.045312 0.081944
0 0.019531 0.206250 0.032813 0.098611
0 0.070312 0.275000 0.042188 0.102778
0 0.119531 0.339583 0.048438 0.090278
0 0.153906 0.380556 0.020313 0.050000
0 0.039844 0.040972 0.051562 0.081944
0 0.085938 0.120139 0.032813 0.101389
0 0.125000 0.195833 0.031250 0.077778
0 0.155078 0.249306 0.025781 0.070833
0 0.167578 0.133333 0.025781 0.061111
0 0.140625 0.065278 0.028125 0.069444
0 0.207813 0.341667 0.028125 0.041667
0 0.185938 0.307639 0.021875 0.048611
0 0.228125 0.372917 0.015625 0.029167
