0 0.639844 0.113125 0.192188 0.153750
0 0.701953 0.141875 0.132031 0.073750
0 0.720703 0.183125 0.161719 0.081250
0 0.685937 0.041250 0.200000 0.082500
0 0.311719 0.844375 0.125000 0.218750
0 0.202344 0.938125 0.145313 0.116250
0 0.728516 0.838125 0.291406 0.088750
0 0.398047 0.877500 0.246094 0.105000
0 0.392188 0.834375 0.246875 0.101250
0 0.400781 0.783125 0.250000 0.096250
0 0.387891 0.732500 0.266406 0.077500
0 0.384766 0.688125 0.253906 0.081250
0 0.386328 0.639375 0.257031 0.073750
0 0.386328 0.594375 0.250781 0.078750
0 0.380859 0.541875 0.260156 0.056250
0 0.379297 0.493125 0.257031 0.063750
0 0.386719 0.396875 0.260937 0.088750
0 0.387500 0.453750 0.265625 0.085000
0 0.383203 0.346250 0.257031 0.075000
0 0.381641 0.296250 0.252344 0.090000
0 0.387500 0.238125 0.246875 0.078750
0 0.380469 0.201250 0.259375 0.100000
0 0.375000 0.148750 0.243750 0.112500
0 0.374609 0.097500 0.238281 0.120000
0 0.363672 0.051250 0.247656 0.097500
0 0.372656 0.033125 0.243750 0.046250
0 0.548828 0.099375 0.121094 0.103750
0 0.550781 0.146250 0.117188 0.092500
0 0.550781 0.184375 0.114062 0.086250
0 0.552734 0.225625 0.103906 0.063750
0 0.553516 0.261250 0.099219 0.067500
0 0.560547 0.303750 0.094531 0.055000
0 0.561719 0.345625 0.103125 0.066250
0 0.565625 0.372500 0.085938 0.072500
0 0.564063 0.424375 0.089063 0.063750
0 0.562500 0.466875 0.089063 0.048750
0 0.557813 0.493125 0.090625 0.053750
0 0.562500 0.538750 0.090625 0.047500
0 0.563672 0.585000 0.091406 0.055000
0 0.566797 0.616250 0.088281 0.062500
0 0.567578 0.660000 0.089844 0.057500
0 0.569531 0.699375 0.089063 0.063750
0 0.570703 0.741875 0.086719 0.063750
0 0.575781 0.786875 0.093750 0.058750
0 0.685937 0.467500 0.139063 0.047500
0 0.761719 0.476250 0.032813 0.042500
0 0.788281 0.469375 0.043750 0.053750
0 0.818750 0.487500 0.021875 0.035000
0 0.835938 0.489375 0.018750 0.033750
0 0.668359 0.301250 0.144531 0.107500
0 0.800391 0.078750 0.030469 0.065000
0 0.876563 0.505625 0.021875 0.046250
0 0.848437 0.371250 0.032813 0.047500
