0 0.375000 0.469375 0.393750 0.143750
0 0.576172 0.483750 0.078906 0.110000
0 0.639062 0.512500 0.043750 0.060000
0 0.621094 0.386250 0.128125 0.097500
0 0.693359 0.413750 0.024219 0.052500
0 0.594922 0.853125 0.142969 0.138750
0 0.401562 0.945000 0.293750 0.102500
0 0.674219 0.785000 0.039062 0.067500
0 0.713672 0.736875 0.019531 0.036250
0 0.735938 0.702500 0.021875 0.050000
0 0.385937 0.076250 0.357812 0.122500
0 0.077734 0.045000 0.153906 0.075000
0 0.458594 0.125625 0.314063 0.141250
0 0.536719 0.180625 0.228125 0.133750
0 0.621484 0.116250 0.122656 0.115000
0 0.687500 0.181250 0.028125 0.065000
0 0.710156 0.227500 0.021875 0.062500
0 0.567969 0.254375 0.248438 0.103750
0 0.714063 0.329375 0.029687 0.068750
0 0.686328 0.305625 0.021094 0.058750
0 0.617969 0.041875 0.104688 0.066250
0 0.680469 0.086250 0.032813 0.077500
0 0.702734 0.140625 0.032031 0.051250
0 0.728516 0.376875 0.055469 0.186250
0 0.744531 0.461875 0.018750 0.061250
