0 0.941406 0.439815 0.114062 0.120370
0 0.832552 0.460185 0.125521 0.081481
0 0.745052 0.462963 0.063021 0.064815
0 0.692187 0.473148 0.045833 0.064815
0 0.655469 0.475463 0.040104 0.045370
0 0.623437 0.478241 0.025000 0.039815
0 0.605208 0.481019 0.023958 0.041667
0 0.585417 0.483333 0.018750 0.038889
0 0.573438 0.485185 0.012500 0.033333
0 0.563542 0.486574 0.014583 0.034259
0 0.550781 0.487500 0.009896 0.028704
0 0.544010 0.488426 0.011979 0.028704
0 0.533594 0.487037 0.011979 0.025926
0 0.524219 0.457407 0.014063 0.020370
0 0.035677 0.947222 0.068229 0.098148
0 0.077604 0.878241 0.152083 0.165741
0 0.171094 0.805093 0.074479 0.123148
0 0.223698 0.744444 0.046354 0.087037
0 0.289844 0.638426 0.082812 0.054630
0 0.338802 0.611574 0.017188 0.037963
0 0.348438 0.601389 0.015625 0.030556
0 0.358594 0.587500 0.014063 0.021296
0 0.122917 0.033796 0.241667 0.063889
0 0.144010 0.103241 0.244271 0.099074
0 0.211979 0.143519 0.148958 0.072222
0 0.231510 0.180093 0.146354 0.060185
0 0.259896 0.224074 0.112500 0.040741
0 0.287500 0.247685 0.083333 0.049074
0 0.302865 0.266667 0.070312 0.037037
0 0.307031 0.296296 0.091146 0.027778
0 0.358594 0.261111 0.049479 0.031481
0 0.346354 0.453241 0.022917 0.021296
0 0.364063 0.460648 0.023958 0.032407
0 0.307292 0.441667 0.054167 0.022222
0 0.321615 0.038889 0.078646 0.055556
0 0.335938 0.099074 0.083333 0.074074
0 0.543750 0.083333 0.087500 0.044444
0 0.572396 0.029630 0.071875 0.055556
0 0.570312 0.025926 0.045833 0.050000
0 0.531250 0.247685 0.023958 0.030556
0 0.526042 0.269444 0.034375 0.025926
0 0.516927 0.289352 0.036979 0.041667
0 0.496094 0.230556 0.029687 0.037037
0 0.534375 0.345833 0.027083 0.026852
0 0.516667 0.358333 0.014583 0.033333
0 0.507031 0.373148 0.009896 0.027778
0 0.585156 0.227315 0.080729 0.045370
0 0.591146 0.174074 0.055208 0.066667
0 0.595052 0.150926 0.026562 0.038889
0 0.617188 0.120370 0.035417 0.074074
0 0.643490 0.053704 0.041146 0.064815
0 0.713542 0.036111 0.113542 0.062963
0 0.686458 0.099074 0.096875 0.079630
0 0.628125 0.143056 0.035417 0.060185
0 0.598958 0.181481 0.025000 0.042593
0 0.602083 0.318519 0.029167 0.035185
0 0.931250 0.084259 0.135417 0.164815
0 0.832552 0.147222 0.102604 0.151852
0 0.741406 0.220370 0.071354 0.111111
0 0.684375 0.268519 0.040625 0.087037
0 0.647396 0.306481 0.038542 0.083333
0 0.621094 0.327778 0.019271 0.061111
0 0.599740 0.352778 0.020313 0.050000
0 0.585938 0.365278 0.020833 0.045370
0 0.568490 0.381019 0.015104 0.032407
0 0.559375 0.388426 0.013542 0.028704
0 0.551823 0.394444 0.008854 0.025926
0 0.541667 0.404630 0.012500 0.033333
0 0.532813 0.410185 0.010417 0.024074
0 0.511979 0.552778 0.015625 0.022222
0 0.524219 0.560648 0.015104 0.028704
0 0.534896 0.567593 0.007292 0.018519
0 0.542188 0.571296 0.009375 0.031481
0 0.549219 0.578704 0.011979 0.027778
0 0.563802 0.588889 0.014063 0.033333
0 0.572656 0.594444 0.017188 0.031481
0 0.587500 0.600463 0.016667 0.039815
0 0.605729 0.615741 0.023958 0.046296
0 0.631250 0.628704 0.033333 0.053704
0 0.662760 0.652315 0.039062 0.056481
0 0.703646 0.680556 0.057292 0.083333
0 0.769010 0.721759 0.095312 0.102778
0 0.845573 0.782407 0.108854 0.129630
0 0.941406 0.842593 0.108854 0.172222
