0 0.922656 0.368056 0.144271 0.134259
0 0.796615 0.420370 0.127604 0.138889
0 0.706510 0.436111 0.057813 0.092593
0 0.658594 0.450926 0.043229 0.077778
0 0.616406 0.460185 0.038021 0.061111
0 0.589844 0.469444 0.029687 0.051852
0 0.570052 0.475926 0.015104 0.040741
0 0.555208 0.478704 0.019792 0.035185
0 0.544010 0.480556 0.011979 0.031481
0 0.533073 0.483796 0.015104 0.032407
0 0.520573 0.488426 0.019271 0.028704
0 0.532031 0.558333 0.013021 0.029630
0 0.543490 0.557870 0.014063 0.036111
0 0.553646 0.562963 0.020833 0.037037
0 0.569792 0.574537 0.021875 0.050926
0 0.613021 0.581944 0.061458 0.060185
0 0.656250 0.590741 0.112500 0.061111
0 0.629167 0.721296 0.023958 0.064815
0 0.614323 0.695833 0.041146 0.052778
0 0.593229 0.681481 0.046875 0.050000
0 0.567187 0.662037 0.028125 0.037037
0 0.547917 0.651852 0.019792 0.033333
0 0.657292 0.790741 0.050000 0.094444
0 0.710156 0.841204 0.070312 0.115741
0 0.843229 0.920833 0.193750 0.137963
0 0.917969 0.074074 0.156771 0.133333
0 0.808333 0.136574 0.167708 0.160185
0 0.699219 0.217130 0.063021 0.130556
0 0.647135 0.274074 0.044271 0.109259
0 0.686979 0.087037 0.145833 0.155556
0 0.617188 0.108333 0.048958 0.112963
0 0.585156 0.154630 0.031771 0.077778
0 0.609375 0.203241 0.121875 0.050926
0 0.549479 0.235648 0.020833 0.047222
0 0.635417 0.283796 0.084375 0.082407
0 0.584375 0.310648 0.020833 0.060185
0 0.568750 0.339352 0.022917 0.058333
0 0.549740 0.359259 0.015104 0.031481
0 0.536979 0.370833 0.014583 0.047222
0 0.535937 0.286111 0.034375 0.066667
0 0.513802 0.202315 0.015104 0.043519
0 0.529948 0.178241 0.027604 0.037963
0 0.541927 0.131481 0.031771 0.057407
0 0.590104 0.044444 0.079167 0.081481
0 0.509635 0.060648 0.020313 0.052778
0 0.242188 0.729630 0.066667 0.075926
0 0.208854 0.803704 0.083333 0.135185
0 0.133333 0.814815 0.088542 0.081481
0 0.153385 0.857870 0.045312 0.102778
0 0.113281 0.894907 0.047396 0.100926
0 0.039323 0.495833 0.069271 0.145370
0 0.038802 0.136574 0.073438 0.162037
0 0.427344 0.541204 0.021354 0.004630
0 0.428385 0.549537 0.020313 0.012037
