0 0.690625 0.313542 0.379688 0.291667
0 0.428516 0.394792 0.252344 0.293750
0 0.266797 0.449479 0.135156 0.169792
0 0.156641 0.476042 0.071094 0.112500
0 0.098437 0.498437 0.070312 0.078125
0 0.045703 0.514062 0.030469 0.088542
0 0.019922 0.526042 0.030469 0.066667
0 0.015234 0.673438 0.028906 0.059375
0 0.051562 0.674479 0.048438 0.069792
0 0.115625 0.685937 0.104688 0.080208
0 0.215234 0.715625 0.211719 0.097917
0 0.199219 0.914583 0.107813 0.100000
0 0.154688 0.882292 0.142187 0.116667
0 0.099219 0.872396 0.151562 0.109375
0 0.052734 0.820312 0.092969 0.073958
0 0.275781 0.210938 0.407813 0.203125
0 0.194531 0.305729 0.325000 0.101042
0 0.144922 0.344271 0.277344 0.092708
0 0.382422 0.119271 0.361719 0.194792
0 0.500391 0.053125 0.432031 0.097917
0 0.161328 0.080729 0.257031 0.121875
0 0.076172 0.163021 0.114844 0.103125
