0 0.702865 0.599074 0.056771 0.029630
0 0.653646 0.593981 0.053125 0.015741
0 0.739323 0.605556 0.027604 0.040741
0 0.415625 0.671759 0.110417 0.058333
0 0.307812 0.680556 0.119792 0.066667
0 0.235677 0.676389 0.073438 0.049074
0 0.207031 0.881481 0.081771 0.129630
0 0.040104 0.703241 0.075000 0.052778
0 0.098698 0.322685 0.192188 0.136111
0 0.215885 0.356481 0.068229 0.087037
0 0.956250 0.156481 0.082292 0.168519
0 0.873177 0.229630 0.111979 0.137037
0 0.779167 0.301852 0.094792 0.109259
0 0.847396 0.047222 0.235417 0.081481
0 0.886198 0.902315 0.123438 0.178704
0 0.967448 0.950000 0.061979 0.090741
