0 0.690625 0.618056 0.094792 0.041667
0 0.425521 0.682870 0.058333 0.052778
0 0.458854 0.643981 0.037500 0.047222
0 0.320573 0.462037 0.067187 0.068519
0 0.371875 0.477315 0.041667 0.049074
0 0.357292 0.327778 0.106250 0.070370
0 0.373177 0.305093 0.026562 0.045370
0 0.337500 0.251389 0.070833 0.115741
0 0.292448 0.294444 0.056771 0.053704
0 0.194271 0.445370 0.201042 0.098148
0 0.072135 0.415278 0.136979 0.115741
0 0.339323 0.130093 0.123438 0.067593
0 0.321875 0.081481 0.129167 0.077778
0 0.303385 0.032407 0.123438 0.055556
0 0.835938 0.116204 0.237500 0.104630
