0 0.253516 0.248125 0.341406 0.211250
0 0.149219 0.154375 0.271875 0.273750
0 0.047266 0.043750 0.085156 0.070000
0 0.454688 0.276875 0.106250 0.168750
0 0.528516 0.310000 0.110156 0.102500
0 0.501563 0.065625 0.345313 0.123750
0 0.185547 0.473750 0.213281 0.135000
0 0.043750 0.471875 0.081250 0.116250
0 0.360938 0.499375 0.140625 0.113750
0 0.474609 0.508125 0.083594 0.093750
0 0.790625 0.200000 0.187500 0.155000
0 0.778906 0.406250 0.175000 0.095000
0 0.726562 0.825000 0.121875 0.140000
0 0.784375 0.770625 0.067187 0.108750
0 0.821094 0.720625 0.067187 0.068750
0 0.844141 0.709375 0.028906 0.048750
0 0.861719 0.693125 0.040625 0.048750
0 0.647656 0.906875 0.181250 0.173750
0 0.864062 0.521875 0.103125 0.038750
0 0.892578 0.435000 0.022656 0.057500
0 0.821875 0.427500 0.128125 0.040000
0 0.647266 0.451875 0.057031 0.053750
