0 0.141016 0.315104 0.271094 0.144792
0 0.167578 0.577604 0.316406 0.086458
0 0.034375 0.852604 0.059375 0.080208
0 0.474609 0.145833 0.239844 0.135417
0 0.560156 0.418750 0.406250 0.202083
0 0.758203 0.405729 0.069531 0.038542
0 0.845313 0.401562 0.096875 0.046875
0 0.691797 0.167187 0.124219 0.084375
0 0.512500 0.547917 0.064062 0.041667
0 0.439063 0.563542 0.059375 0.039583
0 0.359766 0.563542 0.053906 0.058333
0 0.822266 0.464062 0.058594 0.030208
0 0.768750 0.459375 0.051562 0.039583
0 0.726172 0.473958 0.039844 0.033333
0 0.845703 0.163021 0.136719 0.094792
0 0.675391 0.048438 0.153906 0.094792
0 0.173047 0.044271 0.335156 0.086458
