0 0.957552 0.262963 0.081771 0.120370
0 0.876823 0.307870 0.082812 0.100926
0 0.801042 0.337500 0.090625 0.100926
0 0.745573 0.368056 0.056771 0.078704
0 0.695833 0.387037 0.043750 0.072222
0 0.659375 0.401852 0.027083 0.048148
0 0.639062 0.415741 0.016667 0.042593
0 0.619271 0.424537 0.018750 0.047222
0 0.653906 0.300463 0.100521 0.049074
0 0.685677 0.278704 0.142187 0.055556
0 0.707031 0.248148 0.142187 0.072222
0 0.757292 0.177778 0.175000 0.092593
0 0.760677 0.134722 0.118229 0.100926
0 0.837500 0.070370 0.191667 0.131481
0 0.931250 0.847685 0.131250 0.145370
0 0.985417 0.903241 0.019792 0.067593
0 0.841406 0.779630 0.182812 0.125926
0 0.790885 0.731944 0.114062 0.087963
0 0.732031 0.698148 0.075521 0.064815
0 0.685677 0.679630 0.047396 0.062963
0 0.656250 0.656019 0.029167 0.047222
0 0.636198 0.647222 0.028646 0.042593
0 0.614583 0.629167 0.033333 0.037963
0 0.594271 0.623148 0.018750 0.042593
0 0.583073 0.617130 0.016146 0.025000
0 0.567708 0.605093 0.018750 0.030556
0 0.548958 0.584722 0.013542 0.028704
0 0.535937 0.581481 0.019792 0.027778
0 0.550781 0.495833 0.007812 0.028704
0 0.601562 0.497685 0.091667 0.037963
0 0.574740 0.437037 0.019271 0.033333
0 0.601562 0.437500 0.038542 0.028704
0 0.127344 0.865278 0.246354 0.200926
0 0.190625 0.924537 0.104167 0.141667
0 0.255990 0.823611 0.067187 0.121296
0 0.292969 0.745833 0.049479 0.082407
0 0.315885 0.713889 0.042188 0.055556
0 0.330990 0.675463 0.034896 0.058333
0 0.350521 0.650463 0.016667 0.037963
0 0.358594 0.637037 0.016146 0.033333
0 0.364844 0.626852 0.020313 0.035185
0 0.144792 0.338426 0.280208 0.093519
0 0.076302 0.148611 0.150521 0.236111
0 0.292187 0.366667 0.043750 0.083333
0 0.031771 0.530556 0.059375 0.077778
0 0.074219 0.511574 0.072396 0.043519
0 0.126562 0.514352 0.042708 0.049074
0 0.155469 0.508796 0.025521 0.049074
0 0.179948 0.507870 0.029687 0.050926
0 0.210677 0.519907 0.029687 0.049074
0 0.348698 0.316204 0.079687 0.050926
0 0.353385 0.228704 0.079687 0.033333
0 0.346354 0.185185 0.081250 0.031481
0 0.352865 0.096296 0.079687 0.050000
0 0.701823 0.033333 0.119271 0.062963
0 0.692969 0.073611 0.143229 0.073148
0 0.646875 0.036111 0.091667 0.057407
0 0.639583 0.009259 0.056250 0.014815
0 0.619271 0.020370 0.072917 0.038889
0 0.614323 0.043519 0.089063 0.037037
0 0.581771 0.047222 0.061458 0.031481
0 0.570573 0.082870 0.059896 0.041667
0 0.672917 0.125463 0.067708 0.065741
0 0.625260 0.156019 0.077604 0.050926
0 0.611979 0.189815 0.077083 0.042593
0 0.599219 0.206481 0.073438 0.033333
0 0.586979 0.159722 0.051042 0.050926
0 0.608854 0.095833 0.055208 0.060185
0 0.629948 0.240278 0.081771 0.049074
0 0.589323 0.251852 0.029687 0.044444
0 0.576302 0.281481 0.020313 0.035185
0 0.561979 0.268981 0.018750 0.030556
0 0.560677 0.243519 0.013021 0.012963
0 0.606250 0.294907 0.031250 0.047222
0 0.584635 0.306019 0.017188 0.034259
0 0.573958 0.317593 0.014583 0.033333
0 0.620833 0.362963 0.056250 0.031481
0 0.587500 0.375000 0.015625 0.027778
0 0.575781 0.381944 0.014063 0.030556
0 0.564063 0.384259 0.009375 0.022222
0 0.588542 0.369444 0.079167 0.068519
