0 0.917578 0.445833 0.158594 0.158333
0 0.781641 0.480208 0.122656 0.112500
0 0.689844 0.515104 0.084375 0.094792
0 0.628906 0.533854 0.068750 0.084375
0 0.573828 0.550000 0.053906 0.058333
0 0.603516 0.896354 0.041406 0.076042
0 0.668359 0.947396 0.086719 0.092708
0 0.583594 0.835938 0.048438 0.057292
0 0.767578 0.188021 0.130469 0.184375
0 0.686328 0.283854 0.077344 0.119792
0 0.720703 0.333333 0.253906 0.087500
0 0.919531 0.072396 0.143750 0.132292
0 0.719531 0.130208 0.203125 0.150000
0 0.584766 0.176563 0.085156 0.136458
