0 0.861328 0.450521 0.274219 0.205208
0 0.544141 0.508333 0.227344 0.133333
0 0.370703 0.538542 0.121094 0.106250
0 0.267969 0.546875 0.101562 0.100000
0 0.180469 0.557813 0.090625 0.069792
0 0.121484 0.572917 0.050781 0.075000
0 0.077734 0.574479 0.046094 0.057292
0 0.045312 0.503125 0.051562 0.056250
0 0.172266 0.390625 0.219531 0.085417
0 0.233594 0.364583 0.257812 0.095833
0 0.300781 0.313542 0.312500 0.122917
0 0.387891 0.271875 0.333594 0.137500
0 0.488672 0.198437 0.377344 0.209375
0 0.695703 0.128125 0.505469 0.254167
0 0.173437 0.100000 0.207813 0.125000
0 0.108203 0.049479 0.116406 0.082292
0 0.061328 0.096875 0.091406 0.085417
0 0.046875 0.143229 0.079687 0.067708
0 0.092969 0.258854 0.125000 0.067708
0 0.067187 0.299479 0.104688 0.078125
0 0.016016 0.320312 0.028906 0.055208
0 0.487891 0.372396 0.041406 0.040625
0 0.557422 0.354167 0.046094 0.064583
0 0.640234 0.354687 0.096094 0.053125
0 0.623437 0.408333 0.082812 0.050000
0 0.041406 0.755208 0.031250 0.056250
0 0.081641 0.779687 0.063281 0.067708
0 0.115234 0.795833 0.063281 0.068750
0 0.173437 0.825000 0.089063 0.068750
0 0.280859 0.880729 0.144531 0.132292
0 0.387109 0.932292 0.146094 0.129167
0 0.525000 0.954167 0.201563 0.072917
0 0.961719 0.676562 0.057813 0.030208
