0 0.761328 0.360417 0.116406 0.101389
0 0.862109 0.286111 0.147656 0.172222
0 0.948047 0.200694 0.096094 0.162500
0 0.964453 0.763194 0.066406 0.087500
0 0.780469 0.710417 0.101562 0.112500
0 0.596484 0.850000 0.272656 0.188889
0 0.338672 0.752083 0.107031 0.087500
0 0.146094 0.376389 0.057813 0.111111
0 0.076953 0.281944 0.102344 0.183333
0 0.027344 0.230556 0.043750 0.130556
0 0.075000 0.059722 0.140625 0.108333
0 0.110156 0.143056 0.157812 0.158333
0 0.217188 0.175694 0.070312 0.087500
0 0.217969 0.234028 0.100000 0.068056
0 0.851953 0.577083 0.036719 0.026389
0 0.807422 0.585417 0.033594 0.020833
0 0.803516 0.509722 0.030469 0.027778
0 0.780469 0.512500 0.023438 0.027778
0 0.848047 0.493056 0.035156 0.033333
0 0.802344 0.432639 0.035937 0.029167
0 0.777734 0.443056 0.024219 0.033333
0 0.753516 0.456944 0.022656 0.027778
0 0.734375 0.495139 0.025000 0.023611
0 0.700781 0.310417 0.131250 0.098611
0 0.677344 0.355556 0.145313 0.069444
0 0.639844 0.393750 0.129688 0.059722
0 0.615234 0.434028 0.135156 0.045833
0 0.580469 0.444444 0.100000 0.030556
0 0.533984 0.468056 0.046094 0.030556
0 0.792578 0.115972 0.241406 0.162500
0 0.813672 0.044444 0.119531 0.086111
0 0.670703 0.053472 0.139844 0.084722
0 0.654297 0.135417 0.144531 0.079167
0 0.601562 0.161806 0.217188 0.095833
0 0.588281 0.237500 0.128125 0.052778
0 0.517578 0.361111 0.053906 0.047222
0 0.497656 0.411111 0.067187 0.044444
0 0.481641 0.334722 0.055469 0.047222
0 0.424609 0.655556 0.014844 0.025000
0 0.443750 0.680556 0.034375 0.030556
