0 0.609115 0.341204 0.045312 0.036111
0 0.652604 0.333333 0.044792 0.031481
0 0.696875 0.335648 0.043750 0.026852
0 0.690365 0.396759 0.032813 0.034259
0 0.655990 0.400463 0.038021 0.032407
0 0.619531 0.402315 0.034896 0.036111
0 0.618229 0.480556 0.045833 0.029630
0 0.662240 0.479167 0.041146 0.032407
0 0.606250 0.258796 0.045833 0.030556
0 0.610938 0.201389 0.040625 0.056481
0 0.655469 0.201852 0.036979 0.048148
0 0.693490 0.200000 0.057813 0.055556
0 0.686458 0.267130 0.047917 0.036111
0 0.736198 0.274074 0.052604 0.037037
0 0.784635 0.273148 0.033854 0.044444
0 0.641667 0.068056 0.047917 0.063889
0 0.606771 0.130093 0.050000 0.073148
0 0.647917 0.136111 0.043750 0.055556
0 0.689323 0.136111 0.035937 0.072222
0 0.686198 0.061111 0.045312 0.072222
0 0.727083 0.063889 0.047917 0.050000
0 0.769271 0.058333 0.045833 0.033333
0 0.775000 0.127778 0.041667 0.038889
0 0.732292 0.128704 0.043750 0.037037
0 0.735156 0.194444 0.039062 0.038889
0 0.773958 0.199537 0.036458 0.028704
0 0.475781 0.393981 0.038021 0.012037
0 0.476302 0.406944 0.039062 0.013889
0 0.475260 0.420370 0.041146 0.011111
0 0.476042 0.432407 0.042708 0.012963
0 0.477604 0.443519 0.038542 0.009259
0 0.476823 0.454630 0.036979 0.012963
0 0.477865 0.468519 0.033854 0.014815
0 0.478646 0.494444 0.036458 0.011111
0 0.478906 0.514815 0.033854 0.012963
0 0.480990 0.528241 0.039062 0.010185
0 0.481510 0.541204 0.040104 0.013889
0 0.538281 0.540741 0.038021 0.014815
0 0.538281 0.556481 0.036979 0.016667
0 0.537760 0.573611 0.035937 0.017593
0 0.541146 0.594444 0.040625 0.016667
0 0.540625 0.587037 0.046875 0.009259
0 0.538021 0.528704 0.042708 0.011111
0 0.538542 0.518519 0.042708 0.009259
0 0.537500 0.506944 0.040625 0.015741
0 0.536719 0.494907 0.042188 0.010185
0 0.535417 0.483796 0.039583 0.012037
0 0.534115 0.469907 0.042188 0.015741
0 0.533854 0.456481 0.041667 0.011111
0 0.534115 0.444444 0.041146 0.012963
0 0.534375 0.431481 0.041667 0.012963
0 0.534896 0.418519 0.038542 0.012963
0 0.534896 0.406481 0.038542 0.011111
0 0.533854 0.397222 0.040625 0.007407
0 0.530729 0.387037 0.034375 0.012963
