0 0.766016 0.848611 0.158594 0.116667
0 0.759375 0.792361 0.115625 0.118056
0 0.910547 0.726389 0.174219 0.213889
0 0.709766 0.777778 0.124219 0.136111
0 0.653125 0.753472 0.062500 0.104167
0 0.622656 0.761806 0.045312 0.059722
0 0.229687 0.829861 0.159375 0.115278
0 0.101562 0.841667 0.126562 0.119444
0 0.895312 0.117361 0.096875 0.098611
0 0.888672 0.177083 0.025781 0.054167
0 0.860547 0.212500 0.021094 0.041667
0 0.841016 0.239583 0.019531 0.051389
0 0.821094 0.254167 0.020313 0.036111
0 0.814453 0.189583 0.032031 0.031944
0 0.831250 0.165972 0.015625 0.034722
0 0.844531 0.137500 0.012500 0.025000
0 0.930469 0.219444 0.029687 0.072222
0 0.898828 0.256944 0.025781 0.058333
0 0.873437 0.284028 0.028125 0.056944
0 0.850000 0.310417 0.017188 0.045833
0 0.825781 0.327083 0.029687 0.045833
0 0.852734 0.379167 0.033594 0.036111
0 0.877344 0.359722 0.032813 0.038889
0 0.905078 0.341667 0.030469 0.047222
0 0.931641 0.309028 0.027344 0.048611
0 0.939844 0.406944 0.029687 0.047222
0 0.916016 0.422222 0.033594 0.044444
0 0.897266 0.434722 0.027344 0.052778
0 0.866797 0.535417 0.019531 0.040278
0 0.894141 0.523611 0.035156 0.055556
0 0.921875 0.510417 0.029687 0.043056
0 0.949219 0.503472 0.032813 0.034722
0 0.030859 0.093056 0.055469 0.141667
