0 0.645703 0.065625 0.294531 0.122917
0 0.357422 0.048438 0.325781 0.092708
0 0.265234 0.097396 0.264844 0.140625
0 0.110937 0.116667 0.210938 0.106250
0 0.108984 0.252083 0.160156 0.095833
0 0.090234 0.313542 0.177344 0.072917
0 0.370312 0.413542 0.340625 0.108333
0 0.294141 0.444271 0.339844 0.080208
0 0.179688 0.486458 0.243750 0.077083
0 0.104297 0.511458 0.163281 0.068750
0 0.031641 0.515625 0.042969 0.050000
0 0.037500 0.744271 0.051562 0.061458
0 0.056250 0.771875 0.037500 0.070833
0 0.103906 0.755729 0.078125 0.065625
0 0.088672 0.789583 0.078906 0.056250
0 0.136328 0.804167 0.067969 0.077083
0 0.227734 0.855729 0.103906 0.111458
0 0.330078 0.906771 0.094531 0.113542
0 0.493750 0.940104 0.229687 0.107292
0 0.880078 0.553125 0.228906 0.097917
0 0.875000 0.264583 0.207813 0.170833
0 0.698438 0.311458 0.134375 0.150000
0 0.571094 0.346354 0.129688 0.103125
0 0.691406 0.571354 0.151562 0.065625
0 0.573047 0.587500 0.125781 0.093750
0 0.476953 0.588542 0.103906 0.068750
0 0.385547 0.598437 0.082031 0.038542
0 0.328125 0.593229 0.039062 0.055208
0 0.284766 0.595313 0.050781 0.055208
