0 0.800000 0.723611 0.206250 0.119444
0 0.734375 0.709722 0.165625 0.091667
0 0.645312 0.706250 0.042188 0.068056
0 0.848047 0.889583 0.172656 0.201389
0 0.956250 0.950000 0.085938 0.080556
0 0.208203 0.734722 0.055469 0.075000
0 0.155078 0.742361 0.066406 0.073611
0 0.076172 0.740278 0.085156 0.108333
0 0.019922 0.749306 0.025781 0.106944
0 0.068750 0.475000 0.101562 0.150000
0 0.023828 0.422222 0.046094 0.086111
0 0.130078 0.516667 0.110156 0.102778
0 0.198828 0.531250 0.055469 0.079167
0 0.040625 0.040972 0.071875 0.073611
0 0.698047 0.088194 0.127344 0.170833
0 0.855078 0.155556 0.250781 0.266667
0 0.679297 0.261806 0.164844 0.109722
