0 0.556510 0.676389 0.075521 0.063889
0 0.476302 0.629630 0.075521 0.046296
0 0.580729 0.635185 0.039583 0.046296
0 0.773958 0.462037 0.158333 0.042593
0 0.686719 0.469444 0.031771 0.059259
0 0.666146 0.475000 0.018750 0.048148
0 0.649219 0.478241 0.021354 0.050926
0 0.640625 0.426852 0.034375 0.048148
0 0.621354 0.432870 0.007292 0.034259
0 0.609896 0.434722 0.012500 0.032407
0 0.721354 0.290741 0.066667 0.074074
0 0.678646 0.324537 0.030208 0.086111
0 0.644271 0.360648 0.041667 0.060185
0 0.715625 0.138426 0.130208 0.110185
0 0.752344 0.185648 0.180729 0.095370
0 0.670573 0.239352 0.113021 0.097222
0 0.057813 0.413889 0.106250 0.175926
0 0.148177 0.424537 0.117188 0.136111
0 0.240365 0.449074 0.071354 0.098148
0 0.296354 0.469907 0.046875 0.095370
0 0.327083 0.467593 0.028125 0.062963
0 0.345833 0.476852 0.027083 0.055556
0 0.366146 0.476852 0.020833 0.050000
0 0.205208 0.681481 0.178125 0.122222
0 0.117708 0.752315 0.209375 0.150926
0 0.057813 0.819907 0.110417 0.167593
0 0.192448 0.898148 0.135937 0.105556
0 0.158073 0.976852 0.092188 0.042593
0 0.103906 0.082407 0.201563 0.161111
0 0.145052 0.168056 0.263021 0.149074
0 0.194792 0.255556 0.236458 0.127778
0 0.325260 0.300000 0.026562 0.083333
0 0.347396 0.335648 0.023958 0.065741
0 0.358854 0.348611 0.025000 0.067593
0 0.374219 0.362963 0.018229 0.042593
0 0.395833 0.393981 0.007292 0.015741
0 0.360156 0.287500 0.074479 0.058333
0 0.380990 0.251852 0.023438 0.055556
0 0.366927 0.227315 0.016146 0.069444
0 0.305469 0.171759 0.113021 0.097222
0 0.253906 0.066204 0.141146 0.108333
0 0.314583 0.037963 0.082292 0.066667
0 0.325521 0.095833 0.087500 0.084259
0 0.383594 0.171296 0.018229 0.040741
0 0.738281 0.719907 0.067187 0.100926
0 0.696875 0.678241 0.039583 0.039815
0 0.784375 0.755093 0.038542 0.076852
0 0.855469 0.829167 0.122396 0.158333
0 0.955990 0.918981 0.085938 0.134259
0 0.983073 0.472685 0.030729 0.036111
0 0.948177 0.475463 0.035937 0.041667
0 0.953646 0.368519 0.052083 0.027778
0 0.947396 0.384259 0.038542 0.033333
0 0.978125 0.374537 0.039583 0.047222
0 0.913021 0.397685 0.034375 0.030556
0 0.793229 0.373148 0.025000 0.027778
0 0.763281 0.384722 0.035937 0.032407
0 0.884635 0.148148 0.121354 0.075926
0 0.864844 0.196296 0.126562 0.066667
0 0.946875 0.093981 0.037500 0.056481
0 0.941927 0.116204 0.045312 0.049074
0 0.979167 0.085185 0.031250 0.057407
0 0.919792 0.109722 0.030208 0.032407
0 0.710156 0.061111 0.135937 0.085185
0 0.681510 0.099074 0.105729 0.074074
0 0.626823 0.091667 0.020313 0.057407
0 0.602865 0.129630 0.027604 0.046296
0 0.608854 0.156019 0.028125 0.041667
0 0.593490 0.224537 0.043229 0.032407
0 0.607031 0.295370 0.016146 0.029630
0 0.621875 0.320370 0.070833 0.038889
0 0.595833 0.260185 0.063542 0.038889
0 0.608854 0.050000 0.053125 0.040741
0 0.593490 0.438889 0.007812 0.012963
0 0.585677 0.447685 0.016146 0.025000
0 0.599219 0.449074 0.016146 0.024074
