0 0.779167 0.296759 0.244792 0.167593
0 0.646094 0.331481 0.053646 0.109259
0 0.713281 0.496759 0.254688 0.078704
0 0.585677 0.495833 0.023438 0.054630
0 0.565104 0.498148 0.014583 0.048148
0 0.608854 0.761574 0.045833 0.095370
0 0.655729 0.842593 0.070833 0.138889
0 0.739323 0.899537 0.096354 0.158333
0 0.066406 0.806481 0.094271 0.142593
0 0.017708 0.830556 0.031250 0.077778
0 0.098698 0.737963 0.146354 0.100000
0 0.189062 0.701389 0.046875 0.073148
0 0.228646 0.625926 0.069792 0.038889
0 0.229167 0.650000 0.071875 0.042593
0 0.271094 0.638426 0.018229 0.028704
0 0.277865 0.624537 0.034896 0.047222
0 0.298958 0.612500 0.020833 0.028704
0 0.311979 0.602315 0.012500 0.023148
0 0.321615 0.595370 0.016146 0.031481
0 0.325781 0.502315 0.009896 0.028704
0 0.313802 0.501389 0.014063 0.030556
0 0.302083 0.502315 0.012500 0.028704
0 0.288542 0.498611 0.014583 0.036111
0 0.270833 0.501852 0.020833 0.038889
0 0.199740 0.501389 0.121354 0.039815
0 0.196615 0.421296 0.080729 0.051852
0 0.085677 0.375926 0.168229 0.122222
0 0.047917 0.499074 0.085417 0.053704
0 0.208854 0.266667 0.094792 0.051852
0 0.245573 0.283796 0.079687 0.037963
0 0.164062 0.154167 0.147917 0.067593
0 0.078646 0.061111 0.155208 0.116667
0 0.940104 0.098148 0.115625 0.179630
0 0.812760 0.026852 0.183854 0.051852
0 0.774479 0.088426 0.215625 0.143519
0 0.664323 0.035185 0.108854 0.064815
0 0.616927 0.075463 0.133854 0.078704
0 0.627604 0.205093 0.093750 0.080556
0 0.630469 0.262037 0.125521 0.072222
0 0.601302 0.294444 0.115104 0.062963
0 0.538542 0.301389 0.029167 0.034259
0 0.578646 0.331019 0.106250 0.047222
0 0.536458 0.649537 0.014583 0.039815
0 0.545573 0.658333 0.015104 0.040741
0 0.566667 0.675463 0.031250 0.041667
0 0.532552 0.378241 0.029687 0.034259
