0 0.665625 0.234028 0.117188 0.115278
0 0.769531 0.329167 0.242188 0.133333
0 0.703906 0.845139 0.081250 0.131944
0 0.818359 0.878472 0.172656 0.151389
0 0.916797 0.924306 0.161719 0.129167
0 0.726562 0.695833 0.159375 0.125000
0 0.659375 0.695139 0.117188 0.059722
0 0.630859 0.361111 0.091406 0.097222
0 0.266016 0.559722 0.044531 0.055556
0 0.227734 0.540278 0.041406 0.052778
0 0.180078 0.527083 0.058594 0.084722
0 0.108203 0.480556 0.080469 0.088889
0 0.039844 0.438889 0.075000 0.105556
0 0.038672 0.760417 0.072656 0.101389
0 0.092969 0.750694 0.106250 0.104167
0 0.170703 0.737500 0.074219 0.072222
0 0.211719 0.729861 0.067187 0.076389
0 0.268359 0.717361 0.047656 0.051389
0 0.078125 0.072917 0.153125 0.140278
0 0.046094 0.322917 0.085938 0.109722
