0 0.739844 0.267361 0.140625 0.204167
0 0.608984 0.422917 0.072656 0.084722
0 0.905078 0.103472 0.183594 0.193056
0 0.486328 0.179167 0.022656 0.069444
0 0.481250 0.266667 0.051562 0.055556
0 0.627734 0.090972 0.133594 0.173611
0 0.503516 0.599306 0.052344 0.043056
0 0.492969 0.622222 0.026562 0.022222
0 0.500781 0.666667 0.043750 0.025000
0 0.516016 0.684028 0.053906 0.026389
0 0.507812 0.709722 0.070312 0.027778
0 0.707812 0.812500 0.104688 0.136111
0 0.783594 0.833333 0.098437 0.113889
0 0.473438 0.089583 0.043750 0.051389
0 0.459375 0.018056 0.017188 0.033333
0 0.185156 0.034028 0.114062 0.062500
0 0.156641 0.144444 0.111719 0.097222
0 0.269531 0.106944 0.032813 0.052778
0 0.214453 0.247222 0.049219 0.058333
0 0.104297 0.320833 0.166406 0.108333
0 0.186719 0.393750 0.059375 0.068056
0 0.233203 0.450000 0.041406 0.044444
0 0.261328 0.491667 0.019531 0.038889
0 0.277734 0.505556 0.019531 0.036111
0 0.339062 0.712500 0.053125 0.030556
0 0.347266 0.694444 0.158594 0.036111
