0 0.278125 0.213021 0.351562 0.105208
0 0.305078 0.309896 0.533594 0.163542
0 0.714844 0.167187 0.542188 0.303125
0 0.599219 0.028125 0.278125 0.052083
0 0.648047 0.601562 0.080469 0.067708
0 0.733984 0.609896 0.091406 0.059375
0 0.744141 0.414583 0.278906 0.104167
0 0.441797 0.452083 0.289844 0.079167
0 0.336328 0.420312 0.169531 0.088542
0 0.188281 0.468229 0.232813 0.121875
0 0.230078 0.545833 0.061719 0.041667
0 0.187109 0.553646 0.049219 0.038542
0 0.150000 0.552604 0.037500 0.032292
0 0.280859 0.568750 0.022656 0.033333
0 0.327344 0.564583 0.060937 0.035417
0 0.700000 0.515625 0.057813 0.035417
0 0.620313 0.320312 0.120313 0.059375
0 0.885547 0.515625 0.050781 0.041667
