0 0.916927 0.331481 0.160938 0.240741
0 0.792448 0.393981 0.124479 0.180556
0 0.699219 0.420370 0.076563 0.131481
0 0.646875 0.436111 0.048958 0.079630
0 0.612240 0.450926 0.028646 0.085185
0 0.592448 0.474537 0.019271 0.056481
0 0.572917 0.467130 0.029167 0.041667
0 0.607031 0.607870 0.034896 0.062037
0 0.679948 0.624537 0.129688 0.121296
0 0.676823 0.816667 0.053646 0.088889
0 0.647917 0.762500 0.055208 0.099074
0 0.610417 0.732407 0.052083 0.079630
0 0.701823 0.924537 0.101562 0.137963
0 0.151042 0.798611 0.094792 0.143519
0 0.077344 0.889352 0.154688 0.189815
0 0.788281 0.065741 0.154688 0.127778
0 0.690885 0.146296 0.068229 0.179630
0 0.632812 0.210185 0.051042 0.138889
0 0.640365 0.048611 0.089063 0.075000
0 0.604167 0.112963 0.098958 0.094444
0 0.592969 0.288889 0.044271 0.100000
