0 0.674219 0.160417 0.120313 0.109722
0 0.617578 0.252778 0.074219 0.086111
0 0.583984 0.311806 0.064844 0.062500
0 0.566406 0.145833 0.073438 0.063889
0 0.554297 0.094444 0.053906 0.036111
0 0.540234 0.206250 0.047656 0.048611
0 0.539453 0.239583 0.067969 0.051389
0 0.498437 0.191667 0.015625 0.038889
0 0.074609 0.086111 0.103906 0.158333
0 0.035156 0.026389 0.064062 0.044444
0 0.159766 0.034722 0.055469 0.058333
0 0.192969 0.081250 0.051562 0.104167
0 0.213672 0.170139 0.039844 0.098611
0 0.241797 0.174306 0.035156 0.068056
0 0.252734 0.105556 0.053906 0.050000
0 0.256250 0.049306 0.023438 0.065278
0 0.229687 0.032639 0.029687 0.062500
0 0.273828 0.025000 0.024219 0.044444
0 0.560547 0.074306 0.035156 0.073611
0 0.138281 0.194444 0.050000 0.108333
0 0.177734 0.284028 0.047656 0.098611
0 0.213281 0.330556 0.028125 0.080556
0 0.236719 0.375000 0.032813 0.063889
0 0.238281 0.271528 0.032813 0.062500
0 0.260547 0.305556 0.021094 0.050000
0 0.271484 0.345833 0.019531 0.047222
0 0.276172 0.259722 0.011719 0.050000
0 0.262891 0.226389 0.013281 0.066667
0 0.275000 0.159028 0.020313 0.051389
0 0.301953 0.177778 0.032031 0.036111
0 0.283984 0.142361 0.049219 0.043056
0 0.285547 0.110417 0.022656 0.040278
0 0.277734 0.070833 0.035156 0.055556
0 0.541797 0.375694 0.033594 0.045833
0 0.532422 0.415278 0.050781 0.050000
0 0.496484 0.381944 0.030469 0.027778
0 0.496484 0.468056 0.024219 0.027778
0 0.496875 0.231250 0.025000 0.029167
0 0.257031 0.407639 0.020313 0.051389
0 0.273047 0.433333 0.021094 0.030556
0 0.285547 0.260417 0.016406 0.054167
