0 0.494531 0.556481 0.023438 0.011111
0 0.495312 0.562963 0.023958 0.005556
0 0.494792 0.571296 0.025000 0.009259
0 0.495833 0.578704 0.026042 0.003704
0 0.496615 0.585185 0.025521 0.009259
0 0.495052 0.593981 0.022396 0.008333
0 0.496875 0.603704 0.019792 0.011111
0 0.497917 0.612963 0.021875 0.007407
0 0.496094 0.623611 0.023438 0.012037
0 0.498177 0.634722 0.026562 0.010185
0 0.496615 0.644444 0.027604 0.009259
0 0.495573 0.652778 0.025521 0.005556
0 0.496354 0.660648 0.025000 0.010185
0 0.497656 0.669907 0.027604 0.008333
0 0.498177 0.679630 0.027604 0.011111
0 0.526302 0.676389 0.013021 0.008333
0 0.526302 0.669907 0.011979 0.008333
0 0.525000 0.662037 0.009375 0.007407
0 0.524740 0.655093 0.009896 0.006481
0 0.524219 0.648611 0.008854 0.006481
0 0.522917 0.641204 0.011458 0.008333
0 0.525521 0.633333 0.016667 0.007407
0 0.526823 0.625926 0.014063 0.007407
0 0.525260 0.617130 0.010937 0.010185
0 0.523958 0.608796 0.013542 0.006481
0 0.522656 0.603241 0.010937 0.004630
0 0.524219 0.597222 0.007812 0.007407
0 0.525260 0.590278 0.009896 0.006481
0 0.522917 0.583796 0.014583 0.006481
0 0.523177 0.578241 0.015104 0.004630
0 0.523438 0.570370 0.013542 0.009259
0 0.521875 0.561574 0.010417 0.008333
0 0.492708 0.543981 0.025000 0.010185
0 0.497135 0.533796 0.031771 0.008333
