0 0.057422 0.340625 0.113281 0.136250
0 0.266406 0.394375 0.196875 0.136250
0 0.428125 0.433125 0.125000 0.088750
0 0.536719 0.457500 0.078125 0.065000
0 0.463281 0.237500 0.229687 0.100000
0 0.376953 0.181875 0.227344 0.181250
0 0.209375 0.101250 0.300000 0.200000
0 0.492578 0.033750 0.139844 0.065000
0 0.566406 0.105625 0.156250 0.068750
0 0.608984 0.165625 0.153906 0.108750
0 0.648438 0.191875 0.139063 0.066250
0 0.707031 0.275625 0.129688 0.043750
0 0.737109 0.286250 0.111719 0.052500
0 0.818750 0.784375 0.106250 0.053750
