0 0.718750 0.328704 0.057292 0.092593
0 0.785156 0.283333 0.073438 0.092593
0 0.875260 0.227315 0.119271 0.139815
0 0.958594 0.167130 0.072396 0.117593
0 0.827865 0.046296 0.203646 0.088889
0 0.801042 0.100463 0.230208 0.106481
0 0.801823 0.841204 0.086979 0.147222
0 0.903125 0.905556 0.134375 0.170370
0 0.232031 0.822222 0.060937 0.109259
0 0.188542 0.905556 0.052083 0.105556
0 0.137240 0.953704 0.081771 0.081481
0 0.055729 0.685648 0.093750 0.041667
0 0.284375 0.672685 0.147917 0.067593
0 0.668490 0.600463 0.029687 0.037963
0 0.641927 0.590278 0.031771 0.021296
0 0.111719 0.360185 0.220312 0.094444
0 0.235677 0.400000 0.068229 0.098148
0 0.137500 0.043519 0.236458 0.079630
