0 0.427734 0.570000 0.271094 0.140000
0 0.401172 0.626875 0.322656 0.143750
0 0.598437 0.565000 0.076563 0.140000
0 0.677344 0.516250 0.081250 0.112500
0 0.723437 0.480625 0.079687 0.073750
0 0.768359 0.462500 0.047656 0.080000
0 0.813672 0.442500 0.042969 0.062500
0 0.805859 0.266250 0.032031 0.052500
0 0.769531 0.264375 0.040625 0.056250
0 0.721484 0.267500 0.055469 0.062500
0 0.658984 0.255000 0.069531 0.087500
0 0.576953 0.261250 0.097656 0.095000
0 0.357812 0.280000 0.351562 0.177500
0 0.105469 0.318750 0.201563 0.150000
0 0.082031 0.870000 0.160938 0.197500
0 0.389062 0.069375 0.096875 0.106250
0 0.187500 0.103750 0.339062 0.197500
0 0.493359 0.064375 0.078906 0.083750
0 0.498047 0.114375 0.167969 0.123750
