0 0.914323 0.864352 0.170313 0.208333
0 0.973437 0.955556 0.041667 0.079630
0 0.801302 0.779167 0.145313 0.117593
0 0.467187 0.651389 0.058333 0.065741
0 0.293490 0.666667 0.052604 0.066667
0 0.287240 0.550463 0.060937 0.045370
0 0.975000 0.045370 0.042708 0.070370
0 0.942708 0.173611 0.081250 0.054630
0 0.968750 0.151389 0.059375 0.065741
0 0.950000 0.079167 0.088542 0.065741
0 0.988542 0.233796 0.017708 0.050926
0 0.967187 0.257870 0.042708 0.047222
0 0.937240 0.267130 0.063021 0.041667
0 0.932552 0.361574 0.048438 0.045370
0 0.964844 0.349537 0.045312 0.047222
0 0.992969 0.340741 0.010937 0.053704
0 0.971094 0.454630 0.041146 0.029630
0 0.996615 0.457870 0.005729 0.041667
0 0.923958 0.459259 0.038542 0.031481
