0 0.421875 0.720833 0.089063 0.052778
0 0.313281 0.688889 0.057813 0.022222
0 0.158203 0.781250 0.042969 0.073611
0 0.107031 0.801389 0.067187 0.125000
0 0.040234 0.852778 0.077344 0.177778
0 0.036719 0.304861 0.067187 0.151389
0 0.088672 0.377083 0.060156 0.098611
0 0.135547 0.421528 0.050781 0.084722
0 0.172656 0.451389 0.040625 0.088889
0 0.203516 0.484028 0.025781 0.065278
0 0.226562 0.505556 0.018750 0.033333
0 0.224609 0.379861 0.014844 0.062500
0 0.180469 0.350694 0.070312 0.054167
0 0.149609 0.306250 0.102344 0.070833
0 0.101953 0.236806 0.149219 0.093056
0 0.078516 0.141667 0.138281 0.133333
0 0.049609 0.053472 0.094531 0.104167
0 0.141016 0.075694 0.091406 0.134722
0 0.171094 0.163889 0.078125 0.097222
0 0.203516 0.266667 0.067969 0.080556
0 0.235547 0.354167 0.041406 0.052778
0 0.225391 0.164583 0.042969 0.076389
0 0.205469 0.097222 0.046875 0.052778
0 0.180078 0.031250 0.063281 0.051389
0 0.685937 0.411111 0.192188 0.094444
0 0.580859 0.445139 0.039844 0.079167
0 0.550781 0.477083 0.031250 0.065278
0 0.522266 0.490278 0.027344 0.044444
0 0.591797 0.698611 0.041406 0.058333
0 0.636719 0.723611 0.050000 0.058333
0 0.712891 0.737500 0.078906 0.075000
0 0.778125 0.752083 0.075000 0.101389
0 0.899609 0.784028 0.183594 0.151389
0 0.967969 0.205556 0.057813 0.080556
0 0.940234 0.231250 0.089844 0.065278
0 0.893359 0.239583 0.050781 0.076389
0 0.846875 0.284028 0.034375 0.056944
0 0.812500 0.280556 0.046875 0.033333
0 0.815625 0.301389 0.034375 0.041667
0 0.778906 0.311806 0.037500 0.040278
0 0.782813 0.325000 0.028125 0.025000
0 0.759766 0.326389 0.027344 0.036111
0 0.758203 0.343750 0.022656 0.026389
0 0.733984 0.330556 0.027344 0.033333
0 0.712109 0.364583 0.064844 0.034722
0 0.658594 0.207639 0.159375 0.120833
0 0.629687 0.262500 0.165625 0.102778
0 0.595313 0.321528 0.140625 0.081944
0 0.566797 0.347917 0.138281 0.059722
0 0.526563 0.441667 0.076563 0.052778
0 0.484766 0.463194 0.016406 0.043056
0 0.468750 0.481250 0.014063 0.051389
0 0.459766 0.497917 0.017969 0.043056
0 0.445312 0.513889 0.017188 0.038889
0 0.584766 0.075694 0.124219 0.112500
0 0.610938 0.122917 0.165625 0.109722
0 0.521484 0.264583 0.096094 0.059722
0 0.504297 0.325694 0.102344 0.073611
0 0.524219 0.122917 0.076563 0.109722
0 0.543359 0.040972 0.092969 0.081944
0 0.481250 0.136806 0.026562 0.076389
0 0.478125 0.184028 0.059375 0.045833
0 0.477344 0.043750 0.042188 0.070833
0 0.444922 0.280556 0.032031 0.041667
0 0.425391 0.388889 0.032031 0.027778
0 0.419922 0.404861 0.038281 0.018056
0 0.975781 0.322222 0.045312 0.058333
0 0.937500 0.349306 0.040625 0.062500
0 0.897266 0.357639 0.047656 0.065278
0 0.861719 0.380556 0.035937 0.052778
0 0.826562 0.401389 0.031250 0.061111
0 0.837500 0.477778 0.023438 0.041667
0 0.863672 0.475000 0.044531 0.027778
0 0.977734 0.434028 0.042969 0.076389
0 0.946875 0.075694 0.065625 0.079167
0 0.910937 0.104861 0.078125 0.076389
0 0.891016 0.139583 0.086719 0.079167
0 0.851562 0.161806 0.062500 0.051389
0 0.843750 0.068750 0.070312 0.070833
0 0.877344 0.024306 0.087500 0.045833
