0 0.214583 0.815741 0.070833 0.112963
0 0.149479 0.876389 0.085417 0.130556
0 0.096094 0.956481 0.089063 0.083333
0 0.067448 0.328704 0.130729 0.131481
0 0.056250 0.251389 0.091667 0.076852
0 0.174479 0.358796 0.133333 0.095370
0 0.252344 0.392593 0.044271 0.037037
0 0.284375 0.408333 0.042708 0.046296
0 0.312500 0.418056 0.036458 0.043519
0 0.336458 0.372685 0.063542 0.071296
0 0.285417 0.497685 0.108333 0.034259
0 0.340365 0.501389 0.024479 0.030556
0 0.357552 0.494907 0.016146 0.025000
0 0.372396 0.496759 0.017708 0.023148
0 0.386198 0.610648 0.020313 0.025000
0 0.586198 0.621296 0.027604 0.027778
0 0.565625 0.617130 0.016667 0.026852
0 0.559115 0.591667 0.018229 0.022222
0 0.542969 0.588889 0.018229 0.016667
0 0.610156 0.474074 0.022396 0.033333
0 0.592448 0.472222 0.010937 0.033333
0 0.580990 0.474537 0.010937 0.034259
0 0.571094 0.478704 0.008854 0.025926
0 0.560937 0.480093 0.011458 0.028704
0 0.630208 0.362500 0.073958 0.041667
0 0.591667 0.375926 0.013542 0.038889
0 0.580990 0.387500 0.010937 0.030556
0 0.726562 0.135648 0.164583 0.089815
0 0.696875 0.169444 0.172917 0.072222
0 0.682552 0.213889 0.153646 0.055556
0 0.634896 0.256944 0.079167 0.050926
0 0.588021 0.276852 0.014583 0.040741
0 0.602604 0.298148 0.062500 0.033333
0 0.583333 0.317130 0.040625 0.037963
0 0.597656 0.180556 0.040104 0.057407
0 0.602083 0.140278 0.029167 0.058333
0 0.577344 0.209722 0.021354 0.037963
0 0.612760 0.070833 0.092188 0.062037
0 0.629948 0.022685 0.072396 0.039815
0 0.305990 0.089352 0.054688 0.065741
0 0.323958 0.135185 0.045833 0.050000
0 0.215365 0.099074 0.122396 0.072222
0 0.158333 0.041667 0.167708 0.077778
0 0.264062 0.200000 0.113542 0.062963
0 0.311719 0.265278 0.091146 0.054630
