0 0.451042 0.571296 0.047917 0.016667
0 0.383854 0.580556 0.047917 0.025926
0 0.050000 0.105556 0.094792 0.175926
0 0.083594 0.206019 0.155729 0.104630
0 0.105990 0.263889 0.204687 0.094444
0 0.162240 0.305556 0.161979 0.061111
0 0.182552 0.138889 0.169271 0.083333
0 0.226042 0.194907 0.122917 0.054630
0 0.253646 0.331944 0.043750 0.071296
0 0.278125 0.356019 0.030208 0.045370
0 0.528646 0.154630 0.635417 0.194444
0 0.746615 0.156481 0.207813 0.081481
0 0.581510 0.275926 0.049479 0.024074
0 0.611458 0.299074 0.102083 0.040741
0 0.573438 0.318519 0.069792 0.029630
0 0.593490 0.341204 0.104688 0.028704
0 0.527083 0.356481 0.014583 0.022222
0 0.517188 0.356944 0.013542 0.019444
0 0.508073 0.366667 0.013021 0.022222
0 0.528646 0.262500 0.051042 0.026852
0 0.546354 0.237500 0.066667 0.032407
0 0.557552 0.189815 0.057813 0.059259
0 0.624740 0.146296 0.144271 0.100000
0 0.558333 0.082407 0.088542 0.059259
0 0.577604 0.027315 0.098958 0.054630
0 0.265365 0.068056 0.068229 0.062037
0 0.251563 0.021759 0.078125 0.043519
0 0.282552 0.116667 0.048438 0.051852
0 0.291406 0.151852 0.043229 0.037037
0 0.305729 0.179167 0.039583 0.036111
0 0.310937 0.058333 0.043750 0.044444
