0 0.858203 0.209896 0.277344 0.251042
0 0.697266 0.327083 0.380469 0.172917
0 0.623047 0.370312 0.457031 0.119792
0 0.525000 0.449479 0.437500 0.155208
0 0.343359 0.305729 0.208594 0.111458
0 0.229687 0.329688 0.070312 0.080208
0 0.187891 0.369792 0.066406 0.072917
0 0.135547 0.382292 0.042969 0.070833
0 0.168750 0.408333 0.159375 0.058333
0 0.089453 0.417187 0.069531 0.044792
0 0.071094 0.597396 0.032813 0.040625
0 0.094141 0.589583 0.035156 0.056250
0 0.221094 0.589583 0.226562 0.066667
0 0.159766 0.478125 0.066406 0.060417
0 0.242188 0.457813 0.125000 0.086458
0 0.014453 0.744792 0.022656 0.041667
0 0.035547 0.749479 0.017969 0.032292
0 0.060156 0.761979 0.054688 0.034375
0 0.107422 0.797396 0.067969 0.055208
0 0.169531 0.820312 0.078125 0.067708
0 0.219141 0.840625 0.078906 0.075000
0 0.291797 0.870313 0.133594 0.082292
0 0.391406 0.927604 0.157812 0.086458
0 0.475391 0.956771 0.128906 0.082292
0 0.464062 0.174479 0.306250 0.180208
0 0.580078 0.085417 0.385156 0.158333
0 0.388672 0.189583 0.302344 0.185417
0 0.350391 0.210417 0.300781 0.066667
0 0.221094 0.252083 0.137500 0.068750
0 0.125391 0.248958 0.116406 0.077083
0 0.130469 0.172917 0.064062 0.083333
0 0.178906 0.155729 0.082812 0.065625
0 0.221484 0.099479 0.069531 0.098958
0 0.344141 0.046875 0.202344 0.085417
0 0.232422 0.042708 0.149219 0.081250
0 0.136328 0.075000 0.136719 0.070833
0 0.030859 0.419271 0.038281 0.034375
0 0.010547 0.480208 0.016406 0.031250
