0 0.810547 0.282292 0.338281 0.250000
0 0.955859 0.188542 0.085156 0.195833
0 0.645312 0.376042 0.328125 0.160417
0 0.556250 0.413021 0.371875 0.132292
0 0.348047 0.459375 0.242969 0.081250
0 0.213281 0.473958 0.078125 0.056250
0 0.259375 0.355208 0.170313 0.089583
0 0.261719 0.311458 0.064062 0.081250
0 0.453906 0.293750 0.343750 0.120833
0 0.535547 0.108333 0.336719 0.189583
0 0.716797 0.056250 0.505469 0.108333
0 0.359766 0.027604 0.146094 0.051042
0 0.358984 0.077083 0.255469 0.100000
0 0.254297 0.143229 0.135156 0.107292
0 0.427344 0.139583 0.267188 0.141667
0 0.354687 0.182812 0.239063 0.115625
0 0.282031 0.234896 0.193750 0.094792
0 0.201172 0.150521 0.116406 0.092708
0 0.241016 0.027083 0.105469 0.041667
0 0.149219 0.233854 0.109375 0.088542
0 0.150000 0.047917 0.121875 0.083333
0 0.164453 0.365625 0.041406 0.079167
0 0.131250 0.389583 0.039062 0.062500
0 0.102734 0.404687 0.046094 0.059375
0 0.064453 0.417187 0.055469 0.028125
0 0.080469 0.485417 0.126562 0.039583
0 0.038281 0.748437 0.026562 0.030208
0 0.053906 0.757812 0.029687 0.032292
0 0.085547 0.770312 0.049219 0.057292
0 0.141406 0.818750 0.053125 0.075000
0 0.207031 0.834896 0.078125 0.088542
0 0.271094 0.873437 0.070312 0.084375
0 0.350000 0.913542 0.120313 0.100000
0 0.230078 0.593229 0.213281 0.053125
0 0.106250 0.591146 0.042188 0.048958
0 0.060937 0.566146 0.054688 0.036458
0 0.027734 0.710417 0.028906 0.037500
0 0.478125 0.950521 0.173437 0.086458
0 0.592969 0.978646 0.159375 0.030208
