0 0.941927 0.431944 0.105729 0.084259
0 0.947917 0.837500 0.100000 0.147222
0 0.748698 0.906481 0.268229 0.179630
0 0.488021 0.733333 0.122917 0.075926
0 0.305208 0.459259 0.040625 0.107407
0 0.242188 0.427315 0.095833 0.112037
0 0.120833 0.392130 0.172917 0.167593
0 0.099219 0.062500 0.195312 0.123148
0 0.147135 0.109259 0.260937 0.170370
0 0.209896 0.196759 0.240625 0.123148
0 0.379948 0.199074 0.043229 0.068519
0 0.363802 0.138426 0.059896 0.056481
0 0.327604 0.075000 0.107292 0.098148
0 0.701042 0.043981 0.107292 0.073148
0 0.803906 0.112500 0.172396 0.123148
0 0.836458 0.056944 0.168750 0.093519
0 0.926042 0.130556 0.125000 0.131481
0 0.909375 0.328241 0.176042 0.076852
0 0.793750 0.348611 0.055208 0.076852
0 0.754687 0.374074 0.040625 0.068519
0 0.722917 0.375926 0.029167 0.024074
0 0.721354 0.406019 0.030208 0.045370
0 0.698958 0.392593 0.038542 0.035185
0 0.690104 0.418981 0.040625 0.037963
0 0.634896 0.437500 0.051042 0.019444
0 0.626563 0.450926 0.036458 0.027778
0 0.605208 0.458333 0.009375 0.012963
0 0.579167 0.641204 0.030208 0.025000
0 0.613021 0.693981 0.020833 0.047222
0 0.624479 0.712037 0.022917 0.057407
0 0.573958 0.606019 0.021875 0.034259
0 0.555469 0.586111 0.021354 0.029630
0 0.814323 0.474537 0.017188 0.019444
0 0.798958 0.477315 0.015625 0.017593
0 0.788021 0.476852 0.014583 0.024074
0 0.771354 0.478704 0.014583 0.018519
0 0.755729 0.483333 0.013542 0.027778
0 0.663021 0.289815 0.041667 0.035185
0 0.643229 0.324537 0.059375 0.043519
0 0.637500 0.219444 0.068750 0.035185
0 0.623958 0.249074 0.060417 0.031481
0 0.595313 0.190741 0.036458 0.038889
0 0.677604 0.127778 0.075000 0.046296
0 0.622917 0.106944 0.058333 0.041667
