0 0.532031 0.519792 0.340625 0.110417
0 0.342187 0.539062 0.082812 0.094792
0 0.278906 0.546354 0.031250 0.069792
0 0.233203 0.557813 0.060156 0.065625
0 0.249609 0.484896 0.149219 0.069792
0 0.173437 0.493229 0.037500 0.065625
0 0.148047 0.513021 0.036719 0.053125
0 0.121875 0.528646 0.023438 0.034375
0 0.093750 0.538542 0.032813 0.043750
0 0.301953 0.368229 0.224219 0.096875
0 0.357031 0.346354 0.232813 0.090625
0 0.413672 0.297396 0.246094 0.132292
0 0.508203 0.250000 0.300781 0.172917
0 0.726562 0.345313 0.084375 0.042708
0 0.745313 0.367708 0.068750 0.047917
0 0.646875 0.364063 0.071875 0.048958
0 0.576172 0.395313 0.071094 0.061458
0 0.515625 0.403125 0.045312 0.056250
0 0.904687 0.147917 0.112500 0.095833
0 0.962891 0.114062 0.064844 0.119792
0 0.415625 0.950521 0.110937 0.090625
0 0.346484 0.898438 0.083594 0.078125
0 0.056641 0.895312 0.107031 0.071875
0 0.083594 0.822917 0.060937 0.085417
0 0.271094 0.231771 0.192188 0.096875
0 0.209375 0.306250 0.187500 0.075000
0 0.432422 0.107292 0.313281 0.156250
0 0.438281 0.054167 0.315625 0.079167
0 0.656250 0.121875 0.203125 0.122917
0 0.966016 0.455729 0.061719 0.057292
0 0.964844 0.275000 0.064062 0.081250
