0 0.792188 0.388889 0.151042 0.133333
0 0.705208 0.420370 0.071875 0.109259
0 0.651302 0.438889 0.049479 0.085185
0 0.623437 0.449537 0.022917 0.075000
0 0.604948 0.463889 0.024479 0.048148
0 0.588021 0.468519 0.013542 0.048148
0 0.575000 0.470833 0.010417 0.043519
0 0.564063 0.470833 0.011458 0.028704
0 0.604167 0.589352 0.017708 0.047222
0 0.625260 0.608333 0.029687 0.072222
0 0.653646 0.622222 0.051042 0.087037
0 0.746875 0.663426 0.153125 0.121296
0 0.842708 0.717130 0.221875 0.158333
0 0.921875 0.822222 0.146875 0.194444
0 0.924479 0.337037 0.143750 0.229630
0 0.815625 0.955556 0.107292 0.079630
0 0.753906 0.897222 0.148438 0.188889
0 0.702604 0.821296 0.101042 0.144444
0 0.646615 0.764815 0.074479 0.090741
0 0.833333 0.053704 0.240625 0.094444
0 0.684635 0.125926 0.050521 0.162963
0 0.674479 0.207407 0.108333 0.098148
0 0.629427 0.270833 0.069271 0.104630
0 0.588802 0.318981 0.028646 0.062037
0 0.564583 0.330093 0.022917 0.071296
0 0.583594 0.212037 0.059896 0.079630
0 0.585156 0.165741 0.045312 0.087037
0 0.612240 0.126389 0.057813 0.132407
0 0.640104 0.060185 0.076042 0.100000
0 0.581771 0.028241 0.032292 0.049074
