0 0.804297 0.297917 0.260156 0.215278
0 0.632422 0.429861 0.163281 0.106944
0 0.557813 0.488889 0.104688 0.055556
0 0.525391 0.524306 0.111719 0.040278
0 0.469531 0.541667 0.012500 0.044444
0 0.457422 0.551389 0.008594 0.038889
0 0.449219 0.559722 0.017188 0.030556
0 0.436719 0.567361 0.018750 0.031944
0 0.189062 0.465972 0.078125 0.065278
0 0.244922 0.501389 0.011719 0.030556
0 0.232813 0.484028 0.015625 0.029167
0 0.181250 0.380556 0.093750 0.041667
0 0.205859 0.411806 0.066406 0.037500
0 0.183984 0.267361 0.099219 0.054167
0 0.191406 0.313889 0.089063 0.038889
0 0.258984 0.317361 0.049219 0.048611
0 0.193359 0.175694 0.086719 0.054167
0 0.171484 0.111806 0.121094 0.073611
0 0.194141 0.054861 0.066406 0.087500
0 0.538281 0.033333 0.093750 0.055556
0 0.536719 0.103472 0.118750 0.084722
0 0.521484 0.156944 0.117969 0.061111
0 0.510156 0.290278 0.050000 0.052778
0 0.528125 0.240278 0.070312 0.063889
0 0.508594 0.327778 0.081250 0.044444
0 0.480469 0.393056 0.068750 0.055556
0 0.454297 0.316667 0.057031 0.055556
0 0.449219 0.174306 0.056250 0.051389
0 0.221094 0.255556 0.071875 0.033333
0 0.207031 0.212500 0.101562 0.058333
0 0.260156 0.242361 0.025000 0.034722
0 0.257812 0.151389 0.029687 0.050000
0 0.236328 0.166667 0.047656 0.044444
0 0.236328 0.036806 0.052344 0.051389
0 0.341797 0.677778 0.024219 0.016667
