0 0.431641 0.155000 0.539844 0.282500
0 0.519531 0.233750 0.517188 0.165000
0 0.776172 0.160000 0.066406 0.122500
0 0.817187 0.234375 0.037500 0.111250
0 0.849609 0.280000 0.032031 0.082500
0 0.867188 0.311250 0.039062 0.062500
0 0.677344 0.476250 0.303125 0.120000
0 0.834375 0.490000 0.037500 0.070000
0 0.860156 0.490000 0.026562 0.045000
0 0.742578 0.780625 0.188281 0.063750
0 0.839063 0.741250 0.057813 0.070000
0 0.718750 0.865625 0.159375 0.138750
0 0.868750 0.700625 0.039062 0.043750
0 0.898828 0.676875 0.022656 0.056250
0 0.841797 0.136250 0.110156 0.047500
0 0.810156 0.046875 0.157812 0.083750
0 0.017578 0.480000 0.033594 0.040000
0 0.059766 0.488125 0.064844 0.046250
0 0.188672 0.505625 0.055469 0.046250
0 0.242969 0.496875 0.065625 0.046250
0 0.306641 0.500625 0.049219 0.046250
0 0.354297 0.511250 0.053906 0.050000
