0 0.471484 0.826250 0.341406 0.117500
0 0.709766 0.746250 0.042969 0.077500
0 0.739453 0.716250 0.061719 0.080000
0 0.765234 0.698750 0.028906 0.047500
0 0.789844 0.682500 0.025000 0.045000
0 0.807422 0.671875 0.016406 0.038750
0 0.821094 0.655625 0.015625 0.026250
0 0.836719 0.645625 0.017188 0.033750
0 0.828906 0.463125 0.023438 0.038750
0 0.741016 0.450625 0.158594 0.038750
0 0.705859 0.429375 0.207031 0.041250
0 0.661719 0.394375 0.196875 0.048750
0 0.545703 0.346875 0.286719 0.093750
0 0.326953 0.101250 0.039844 0.047500
0 0.365234 0.131875 0.041406 0.048750
0 0.131641 0.236250 0.246094 0.167500
0 0.626563 0.084375 0.278125 0.113750
0 0.586719 0.019375 0.292187 0.036250
0 0.789844 0.258125 0.140625 0.076250
0 0.801953 0.454375 0.122656 0.183750
