0 0.604688 0.918750 0.385937 0.135417
0 0.879297 0.710417 0.049219 0.050000
0 0.327734 0.284375 0.046094 0.031250
0 0.371094 0.295833 0.057813 0.041667
0 0.385937 0.218229 0.046875 0.036458
0 0.325000 0.428125 0.053125 0.033333
0 0.323437 0.499479 0.043750 0.021875
0 0.276562 0.496875 0.059375 0.039583
0 0.272266 0.416146 0.050781 0.032292
0 0.276172 0.344792 0.057031 0.029167
0 0.191406 0.261458 0.059375 0.025000
0 0.240234 0.267708 0.044531 0.035417
0 0.280469 0.278125 0.046875 0.022917
0 0.503906 0.300521 0.043750 0.034375
0 0.465234 0.281250 0.039844 0.029167
0 0.543750 0.305729 0.042188 0.021875
0 0.541406 0.362500 0.040625 0.033333
0 0.507422 0.349479 0.047656 0.042708
0 0.501953 0.399479 0.036719 0.032292
0 0.393750 0.185938 0.096875 0.059375
0 0.364063 0.172396 0.068750 0.067708
0 0.316016 0.144271 0.080469 0.048958
0 0.328125 0.219792 0.062500 0.050000
0 0.283203 0.204167 0.060156 0.054167
0 0.208203 0.193229 0.082031 0.046875
0 0.210938 0.126562 0.085938 0.051042
0 0.086719 0.089063 0.070312 0.057292
0 0.030078 0.066667 0.050781 0.079167
0 0.028516 0.142187 0.046094 0.040625
0 0.087500 0.142708 0.060937 0.039583
0 0.093359 0.231250 0.055469 0.062500
0 0.033594 0.227083 0.057813 0.066667
0 0.032813 0.304167 0.062500 0.035417
0 0.086719 0.311979 0.062500 0.034375
0 0.029687 0.385937 0.054688 0.036458
0 0.028516 0.475000 0.053906 0.029167
0 0.508984 0.191667 0.057031 0.058333
0 0.454688 0.180208 0.057813 0.062500
0 0.460938 0.236979 0.054688 0.032292
0 0.537109 0.251563 0.050781 0.038542
0 0.581641 0.259896 0.046094 0.028125
0 0.637500 0.327604 0.032813 0.028125
0 0.616016 0.420312 0.033594 0.032292
0 0.774609 0.288021 0.113281 0.059375
0 0.783594 0.167187 0.079687 0.055208
0 0.695312 0.194792 0.073438 0.043750
0 0.692969 0.277604 0.062500 0.042708
0 0.691016 0.340625 0.075781 0.041667
