0 0.766406 0.632639 0.025000 0.020833
0 0.744531 0.633333 0.018750 0.019444
0 0.711328 0.669444 0.052344 0.033333
0 0.635547 0.682639 0.094531 0.031944
0 0.414844 0.765972 0.128125 0.056944
0 0.512109 0.745139 0.060156 0.048611
0 0.293750 0.768750 0.103125 0.048611
0 0.150391 0.709722 0.044531 0.025000
0 0.015625 0.713889 0.018750 0.025000
0 0.028516 0.713194 0.011719 0.015278
0 0.250391 0.570139 0.074219 0.031944
0 0.330469 0.384028 0.071875 0.037500
0 0.338672 0.211806 0.067969 0.048611
0 0.260937 0.161111 0.070312 0.055556
0 0.554688 0.183333 0.056250 0.052778
0 0.561328 0.281250 0.063281 0.048611
0 0.568750 0.386111 0.067187 0.036111
0 0.620703 0.181944 0.057031 0.055556
0 0.633984 0.284722 0.057031 0.052778
0 0.643750 0.402083 0.056250 0.048611
0 0.696875 0.206944 0.037500 0.041667
0 0.701953 0.284028 0.044531 0.037500
0 0.707812 0.354861 0.043750 0.037500
0 0.716797 0.446528 0.049219 0.029167
0 0.523047 0.398611 0.022656 0.033333
0 0.517969 0.295833 0.023438 0.036111
0 0.534375 0.335417 0.062500 0.301389
0 0.581641 0.559028 0.077344 0.020833
0 0.559375 0.650000 0.028125 0.025000
0 0.521094 0.495139 0.023438 0.029167
0 0.499609 0.411111 0.021094 0.025000
0 0.500781 0.320139 0.034375 0.029167
0 0.503906 0.234722 0.039062 0.027778
0 0.489063 0.254167 0.048438 0.025000
0 0.478125 0.334722 0.018750 0.025000
0 0.478516 0.427778 0.016406 0.019444
0 0.500391 0.511806 0.019531 0.015278
0 0.478906 0.511806 0.017188 0.020833
0 0.257812 0.254861 0.067187 0.054167
0 0.252734 0.363194 0.064844 0.043056
