0 0.794922 0.258333 0.392969 0.333333
0 0.483203 0.386979 0.227344 0.203125
0 0.308594 0.456250 0.126562 0.143750
0 0.277344 0.317188 0.214062 0.119792
0 0.188672 0.402083 0.205469 0.093750
0 0.157812 0.445312 0.175000 0.071875
0 0.064453 0.461979 0.055469 0.038542
0 0.257031 0.044271 0.309375 0.086458
0 0.165234 0.124479 0.188281 0.098958
0 0.056641 0.059375 0.094531 0.052083
0 0.048047 0.104688 0.092969 0.055208
0 0.057031 0.208333 0.112500 0.039583
0 0.042969 0.374479 0.079687 0.046875
0 0.339844 0.902604 0.203125 0.167708
0 0.326172 0.944792 0.172656 0.104167
0 0.205078 0.829688 0.182031 0.084375
0 0.109766 0.798438 0.038281 0.071875
0 0.100000 0.769792 0.081250 0.054167
0 0.081641 0.742188 0.083594 0.046875
