0 0.904167 0.112037 0.183333 0.187037
0 0.785677 0.175926 0.074479 0.129630
0 0.794271 0.228704 0.203125 0.079630
0 0.704167 0.306481 0.088542 0.051852
0 0.646875 0.337037 0.034375 0.066667
0 0.622656 0.354167 0.020313 0.062037
0 0.632292 0.260648 0.046875 0.052778
0 0.671354 0.189815 0.089583 0.105556
0 0.119792 0.428241 0.114583 0.125000
0 0.030990 0.409259 0.057813 0.100000
0 0.241927 0.461574 0.043229 0.052778
0 0.268750 0.466667 0.045833 0.044444
0 0.295573 0.464815 0.042188 0.048148
0 0.134375 0.087037 0.227083 0.114815
0 0.260937 0.225926 0.108333 0.070370
0 0.288281 0.092130 0.085938 0.050926
0 0.322656 0.470370 0.029687 0.053704
0 0.685937 0.066667 0.128125 0.083333
0 0.690625 0.023611 0.090625 0.037963
0 0.629948 0.115278 0.051562 0.067593
