0 0.948698 0.297685 0.094271 0.126852
0 0.870573 0.328241 0.079687 0.097222
0 0.801042 0.357870 0.067708 0.062037
0 0.954948 0.753241 0.083854 0.125000
0 0.908854 0.698611 0.133333 0.095370
0 0.821354 0.664352 0.086458 0.067593
0 0.767708 0.637963 0.042708 0.051852
0 0.742708 0.618519 0.042708 0.051852
0 0.709896 0.609722 0.033333 0.047222
0 0.673438 0.592130 0.028125 0.039815
0 0.681510 0.418056 0.031771 0.049074
0 0.745052 0.394907 0.073438 0.058333
0 0.771615 0.474074 0.013021 0.020370
0 0.785937 0.469444 0.016667 0.022222
0 0.869531 0.456944 0.019271 0.025000
0 0.890885 0.457870 0.033854 0.028704
0 0.917969 0.453704 0.041146 0.037037
0 0.238542 0.873148 0.181250 0.179630
0 0.319792 0.726852 0.116667 0.083333
0 0.319010 0.786111 0.065104 0.107407
0 0.363021 0.693056 0.065625 0.073148
0 0.382812 0.683333 0.052083 0.098148
0 0.413021 0.640741 0.021875 0.035185
0 0.408854 0.669907 0.022917 0.047222
0 0.423438 0.632870 0.013542 0.047222
0 0.319531 0.509259 0.151562 0.066667
0 0.400781 0.500463 0.031771 0.037963
0 0.361979 0.387500 0.046875 0.071296
0 0.319531 0.361111 0.051562 0.098148
0 0.176563 0.320833 0.276042 0.134259
0 0.769271 0.149537 0.122917 0.080556
0 0.741146 0.197222 0.129167 0.068519
0 0.730208 0.227778 0.130208 0.046296
0 0.700260 0.246296 0.092188 0.033333
0 0.685156 0.265741 0.089063 0.040741
0 0.675781 0.287963 0.094271 0.035185
0 0.663802 0.106944 0.050521 0.043519
0 0.648177 0.140741 0.033854 0.048148
0 0.629948 0.163426 0.027604 0.032407
0 0.623698 0.192593 0.022396 0.025926
0 0.636719 0.026389 0.046354 0.045370
0 0.617708 0.069444 0.022917 0.027778
0 0.346615 0.123148 0.116146 0.062963
0 0.385937 0.166204 0.076042 0.041667
0 0.367448 0.297222 0.042188 0.081481
0 0.396354 0.330093 0.010417 0.054630
0 0.408594 0.353241 0.014063 0.045370
0 0.423698 0.373148 0.019271 0.057407
0 0.310937 0.049074 0.131250 0.098148
0 0.480729 0.576852 0.036458 0.027778
0 0.592969 0.571296 0.007812 0.016667
0 0.600781 0.554167 0.005729 0.015741
0 0.609115 0.558333 0.011979 0.020370
0 0.622396 0.563889 0.016667 0.022222
0 0.523438 0.550463 0.018750 0.015741
