0 0.684896 0.493981 0.030208 0.030556
0 0.765104 0.309259 0.247917 0.166667
0 0.820312 0.180093 0.273958 0.173148
0 0.631250 0.114352 0.148958 0.104630
0 0.623177 0.196296 0.151562 0.070370
0 0.590625 0.231481 0.117708 0.062963
0 0.653906 0.388426 0.132812 0.112037
0 0.584635 0.402315 0.023438 0.062037
0 0.566667 0.411111 0.026042 0.050000
0 0.548958 0.426389 0.026042 0.039815
0 0.554948 0.632407 0.020313 0.044444
0 0.585417 0.644444 0.063542 0.046296
0 0.603385 0.673611 0.057813 0.065741
0 0.602083 0.708333 0.028125 0.064815
0 0.649740 0.726852 0.071354 0.101852
0 0.637240 0.766667 0.047396 0.087037
0 0.690104 0.835648 0.076042 0.143519
0 0.815885 0.938426 0.164062 0.121296
0 0.118490 0.394444 0.077604 0.077778
0 0.045052 0.368981 0.088021 0.106481
0 0.199219 0.425463 0.084896 0.060185
0 0.167708 0.781019 0.058333 0.089815
0 0.208073 0.745833 0.048438 0.056481
0 0.238021 0.715741 0.033333 0.048148
0 0.266927 0.694907 0.033854 0.043519
0 0.197917 0.249074 0.197917 0.051852
0 0.165885 0.181019 0.194271 0.071296
0 0.184115 0.117130 0.050521 0.123148
0 0.123698 0.096296 0.065104 0.133333
0 0.045312 0.055556 0.089583 0.100000
0 0.418750 0.595370 0.043750 0.029630
0 0.379167 0.601389 0.043750 0.028704
