0 0.899219 0.106944 0.154688 0.195370
0 0.964844 0.044444 0.066146 0.070370
0 0.786198 0.181944 0.063021 0.115741
0 0.727083 0.253241 0.053125 0.112037
0 0.683333 0.281944 0.035417 0.069444
0 0.650521 0.312500 0.030208 0.082407
0 0.627083 0.338889 0.022917 0.053704
0 0.609896 0.349074 0.016667 0.057407
0 0.595052 0.368981 0.014063 0.030556
0 0.599219 0.293981 0.063021 0.041667
0 0.597135 0.306944 0.061979 0.025000
0 0.578125 0.327315 0.055208 0.037963
0 0.751302 0.075926 0.196354 0.087037
0 0.746094 0.026852 0.122396 0.042593
0 0.709896 0.143519 0.160417 0.070370
0 0.621615 0.119907 0.026562 0.050926
0 0.665885 0.158796 0.135937 0.041667
0 0.660937 0.192593 0.148958 0.066667
0 0.578906 0.180556 0.011979 0.050000
0 0.573177 0.200000 0.019271 0.042593
0 0.603646 0.097685 0.073958 0.050926
0 0.601823 0.134722 0.077604 0.052778
0 0.555469 0.071759 0.057813 0.047222
0 0.559896 0.025000 0.032292 0.035185
0 0.627604 0.022222 0.093750 0.044444
0 0.146354 0.150463 0.267708 0.134259
0 0.117448 0.061574 0.227604 0.121296
0 0.291146 0.303704 0.115625 0.031481
0 0.282552 0.165741 0.127604 0.255556
0 0.316406 0.193056 0.121354 0.128704
0 0.341146 0.363889 0.079167 0.027778
0 0.330990 0.342130 0.075521 0.034259
0 0.324219 0.026852 0.063021 0.048148
0 0.579427 0.384722 0.013021 0.028704
0 0.572656 0.391667 0.006771 0.025926
0 0.563021 0.400926 0.014583 0.022222
