0 0.521354 0.585185 0.038542 0.033333
0 0.475781 0.575463 0.028646 0.032407
0 0.244792 0.861574 0.237500 0.141667
0 0.030208 0.926852 0.052083 0.103704
0 0.025781 0.883333 0.048438 0.085185
0 0.026302 0.842593 0.035937 0.090741
0 0.024740 0.796296 0.041146 0.062963
0 0.101302 0.822222 0.118229 0.087037
0 0.104948 0.785185 0.117188 0.077778
0 0.097656 0.748148 0.127604 0.098148
0 0.095052 0.704630 0.109896 0.079630
0 0.100781 0.663889 0.108854 0.074074
0 0.025260 0.737500 0.042188 0.073148
0 0.022917 0.687963 0.040625 0.081481
0 0.024479 0.630556 0.043750 0.072222
0 0.019271 0.594444 0.035417 0.072222
0 0.021354 0.543519 0.037500 0.061111
0 0.022135 0.487500 0.035937 0.050926
0 0.025260 0.435648 0.042188 0.052778
0 0.022917 0.387037 0.040625 0.062963
0 0.025260 0.332870 0.042188 0.063889
0 0.021094 0.281019 0.033854 0.062037
0 0.017188 0.235648 0.033333 0.062037
0 0.022135 0.186111 0.033854 0.051852
0 0.021615 0.127315 0.030729 0.069444
0 0.018490 0.072685 0.028646 0.058333
0 0.017969 0.030093 0.027604 0.056481
0 0.095052 0.118056 0.126562 0.126852
0 0.092969 0.152778 0.120313 0.090741
0 0.094010 0.188889 0.120313 0.079630
0 0.091927 0.244907 0.122396 0.069444
0 0.095052 0.281019 0.122396 0.069444
0 0.092448 0.316204 0.113021 0.052778
0 0.097656 0.362500 0.119271 0.050926
0 0.089323 0.401389 0.110937 0.052778
0 0.097656 0.443056 0.119271 0.052778
0 0.094010 0.494907 0.120313 0.058333
0 0.094531 0.529167 0.113021 0.047222
0 0.101562 0.569907 0.101042 0.060185
0 0.098177 0.618981 0.111979 0.060185
0 0.866667 0.582407 0.078125 0.012963
0 0.929427 0.581019 0.060937 0.037963
0 0.730208 0.603241 0.047917 0.039815
0 0.665365 0.617130 0.077604 0.060185
0 0.599740 0.486574 0.064062 0.030556
0 0.648177 0.231944 0.067187 0.050926
0 0.588542 0.204167 0.058333 0.052778
0 0.650781 0.127315 0.066146 0.050926
0 0.585677 0.131019 0.064062 0.054630
0 0.847135 0.149537 0.066146 0.052778
0 0.916146 0.121759 0.091667 0.047222
0 0.924740 0.210648 0.072396 0.036111
0 0.929427 0.321759 0.065104 0.049074
0 0.850260 0.340278 0.064062 0.049074
0 0.846875 0.234722 0.057292 0.056481
0 0.809115 0.257870 0.018229 0.043519
0 0.794271 0.263889 0.013542 0.035185
0 0.780469 0.281019 0.016146 0.028704
0 0.855208 0.478704 0.068750 0.046296
0 0.814323 0.485648 0.009896 0.026852
0 0.804948 0.482407 0.014063 0.029630
0 0.846875 0.412037 0.055208 0.029630
0 0.801562 0.418519 0.026042 0.025926
0 0.783594 0.426389 0.011979 0.026852
0 0.808854 0.337963 0.017708 0.031481
0 0.797135 0.342130 0.014063 0.034259
0 0.823438 0.544444 0.031250 0.031481
0 0.799740 0.546759 0.016146 0.026852
0 0.198958 0.113889 0.154167 0.112963
0 0.232552 0.187500 0.159896 0.049074
0 0.254948 0.218056 0.143229 0.049074
0 0.326302 0.246759 0.033854 0.060185
0 0.357292 0.267130 0.036458 0.041667
0 0.211979 0.481481 0.137500 0.046296
0 0.288281 0.487500 0.026562 0.045370
0 0.321615 0.481481 0.034896 0.037037
0 0.349740 0.484259 0.021354 0.024074
0 0.371875 0.568056 0.008333 0.028704
0 0.355469 0.574537 0.020313 0.039815
0 0.364063 0.489815 0.020833 0.025926
0 0.216146 0.069444 0.223958 0.087037
0 0.336979 0.133333 0.020833 0.050000
0 0.350781 0.160648 0.024479 0.049074
0 0.370052 0.193056 0.017188 0.045370
0 0.990885 0.287963 0.014063 0.035185
0 0.973177 0.300463 0.014063 0.026852
0 0.990625 0.220833 0.017708 0.037963
0 0.973177 0.229630 0.017188 0.033333
0 0.953385 0.235648 0.024479 0.043519
0 0.972135 0.370370 0.025521 0.029630
0 0.975521 0.439352 0.015625 0.023148
0 0.991146 0.437500 0.016667 0.025000
0 0.795052 0.489352 0.015104 0.026852
0 0.783333 0.490278 0.011458 0.019444
0 0.772396 0.486574 0.012500 0.019444
0 0.761719 0.481944 0.011979 0.023148
0 0.751823 0.485185 0.009896 0.022222
0 0.769010 0.431019 0.014063 0.025000
0 0.753125 0.427315 0.016667 0.015741
0 0.753906 0.435648 0.014063 0.015741
0 0.737500 0.439352 0.013542 0.019444
0 0.740625 0.362500 0.012500 0.021296
0 0.725260 0.373148 0.014063 0.024074
0 0.769531 0.353704 0.013021 0.020370
0 0.758854 0.360648 0.011458 0.017593
0 0.746875 0.366204 0.012500 0.015741
0 0.748177 0.375926 0.011979 0.020370
0 0.758333 0.367130 0.016667 0.015741
0 0.770052 0.364815 0.016146 0.018519
0 0.780990 0.356481 0.024479 0.020370
0 0.770833 0.263889 0.019792 0.029630
0 0.756771 0.274074 0.009375 0.033333
0 0.746354 0.275463 0.013542 0.019444
0 0.748958 0.281944 0.009375 0.023148
0 0.741667 0.274537 0.013542 0.026852
0 0.730729 0.275463 0.009375 0.017593
0 0.722917 0.285185 0.009375 0.018519
0 0.728906 0.289352 0.007812 0.013889
0 0.720833 0.295370 0.010417 0.018519
0 0.723437 0.222222 0.028125 0.025926
0 0.716667 0.238426 0.030208 0.025000
0 0.699479 0.364352 0.019792 0.019444
0 0.717708 0.448148 0.008333 0.020370
0 0.710677 0.444444 0.009896 0.018519
0 0.702865 0.449537 0.007812 0.019444
0 0.725521 0.487963 0.011458 0.009259
0 0.735156 0.481481 0.009896 0.014815
0 0.717969 0.487037 0.004687 0.009259
0 0.712760 0.487963 0.007812 0.014815
0 0.704688 0.490741 0.007292 0.016667
0 0.704688 0.494907 0.010417 0.006481
0 0.712760 0.488889 0.008854 0.007407
0 0.719531 0.494907 0.007812 0.012037
0 0.725000 0.494444 0.012500 0.011111
0 0.736979 0.493519 0.011458 0.009259
0 0.762500 0.536574 0.012500 0.013889
0 0.780208 0.541204 0.029167 0.017593
0 0.752083 0.540741 0.008333 0.014815
