0 0.741016 0.846528 0.117969 0.118056
0 0.817969 0.896528 0.142187 0.159722
0 0.928125 0.913889 0.132812 0.166667
0 0.660937 0.787500 0.096875 0.069444
0 0.395313 0.750000 0.096875 0.050000
0 0.517578 0.743056 0.071094 0.036111
0 0.114844 0.309028 0.159375 0.126389
0 0.190234 0.345139 0.088281 0.087500
0 0.221094 0.377778 0.103125 0.069444
0 0.278516 0.397222 0.033594 0.044444
0 0.277344 0.440278 0.040625 0.063889
0 0.300391 0.446528 0.027344 0.059722
0 0.319531 0.468056 0.025000 0.047222
0 0.339453 0.498611 0.024219 0.030556
0 0.341797 0.473611 0.022656 0.033333
0 0.351562 0.536111 0.073438 0.038889
0 0.355469 0.447222 0.081250 0.013889
0 0.357031 0.428472 0.079687 0.023611
0 0.341406 0.386806 0.065625 0.034722
0 0.319141 0.345833 0.072656 0.047222
0 0.248047 0.259722 0.121094 0.088889
0 0.205078 0.174306 0.147656 0.093056
0 0.210547 0.097222 0.082031 0.116667
0 0.082031 0.077083 0.156250 0.148611
0 0.270313 0.072917 0.068750 0.070833
0 0.304297 0.129167 0.038281 0.052778
0 0.304297 0.154167 0.066406 0.061111
0 0.319531 0.195833 0.057813 0.066667
0 0.340234 0.243056 0.044531 0.044444
0 0.347656 0.270139 0.053125 0.056944
0 0.362891 0.307639 0.047656 0.040278
0 0.335156 0.081944 0.042188 0.052778
0 0.358984 0.165972 0.039844 0.048611
0 0.318359 0.028472 0.057031 0.048611
0 0.639062 0.146528 0.103125 0.112500
0 0.766797 0.241667 0.249219 0.155556
0 0.581641 0.379167 0.103906 0.044444
0 0.583594 0.276389 0.101562 0.061111
0 0.551953 0.233333 0.067969 0.038889
0 0.605469 0.513889 0.109375 0.075000
0 0.583594 0.557639 0.106250 0.048611
0 0.776563 0.440972 0.145313 0.098611
