0 0.764323 0.159722 0.068229 0.125000
0 0.851823 0.075463 0.102604 0.115741
0 0.695052 0.062037 0.126562 0.077778
0 0.693229 0.020370 0.082292 0.037037
0 0.625781 0.029630 0.049479 0.057407
0 0.623698 0.075463 0.072396 0.045370
0 0.602865 0.115278 0.054688 0.034259
0 0.593490 0.146759 0.049479 0.047222
0 0.619010 0.250000 0.058854 0.037037
0 0.588021 0.276852 0.013542 0.035185
0 0.577083 0.294907 0.012500 0.039815
0 0.697917 0.265278 0.077083 0.045370
0 0.651302 0.306944 0.041146 0.052778
0 0.616667 0.359722 0.047917 0.043519
0 0.588021 0.374074 0.009375 0.031481
0 0.578646 0.383333 0.010417 0.031481
0 0.137240 0.116204 0.101562 0.162037
0 0.051562 0.042593 0.100000 0.075926
0 0.208333 0.193981 0.057292 0.091667
0 0.243229 0.087500 0.071875 0.093519
0 0.285677 0.147222 0.024479 0.066667
0 0.306510 0.189815 0.032813 0.061111
0 0.313281 0.072222 0.022396 0.064815
0 0.271094 0.021296 0.060937 0.038889
0 0.256250 0.257407 0.042708 0.066667
0 0.288802 0.295833 0.025521 0.050926
0 0.308073 0.328704 0.029687 0.051852
0 0.333333 0.212963 0.020833 0.053704
0 0.330469 0.085185 0.026562 0.066667
0 0.331510 0.344444 0.027604 0.040741
