0 0.478906 0.645370 0.022396 0.009259
0 0.477865 0.650463 0.022396 0.008333
0 0.477865 0.640278 0.023438 0.006481
0 0.477604 0.633333 0.022917 0.007407
0 0.478385 0.627315 0.021354 0.004630
0 0.477083 0.620370 0.018750 0.009259
0 0.476823 0.613426 0.019271 0.004630
0 0.477083 0.606944 0.019792 0.008333
0 0.476562 0.599074 0.020833 0.007407
0 0.477083 0.592130 0.021875 0.006481
0 0.477344 0.585648 0.021354 0.006481
0 0.476562 0.580556 0.020833 0.005556
0 0.476562 0.574537 0.020833 0.006481
0 0.476042 0.566667 0.019792 0.009259
0 0.475260 0.559722 0.021354 0.004630
0 0.476042 0.551852 0.019792 0.009259
0 0.475521 0.543981 0.021875 0.008333
0 0.474479 0.530556 0.020833 0.011111
