0 0.704688 0.679861 0.090625 0.051389
0 0.690234 0.743750 0.066406 0.084722
0 0.787891 0.758333 0.142969 0.175000
0 0.900391 0.768750 0.196094 0.170833
0 0.870313 0.142361 0.193750 0.279167
0 0.831250 0.314583 0.253125 0.218056
0 0.771484 0.397222 0.236719 0.125000
0 0.666797 0.351389 0.117969 0.094444
0 0.616016 0.445139 0.080469 0.048611
0 0.607031 0.490972 0.081250 0.040278
0 0.599219 0.508333 0.101562 0.038889
0 0.625000 0.525694 0.017188 0.020833
0 0.613281 0.535417 0.007812 0.029167
0 0.084375 0.840278 0.082812 0.113889
0 0.036328 0.856250 0.066406 0.076389
0 0.150391 0.819444 0.074219 0.061111
0 0.224609 0.786806 0.096094 0.056944
0 0.286719 0.771528 0.028125 0.040278
0 0.307812 0.761806 0.020313 0.040278
0 0.323828 0.756250 0.019531 0.031944
0 0.339844 0.743750 0.015625 0.020833
0 0.354297 0.740278 0.013281 0.022222
0 0.365625 0.736111 0.012500 0.019444
0 0.376563 0.728472 0.012500 0.012500
0 0.383203 0.731250 0.013281 0.018056
0 0.390234 0.725694 0.011719 0.015278
0 0.262500 0.518750 0.065625 0.048611
0 0.253516 0.581250 0.039844 0.048611
0 0.213281 0.559028 0.046875 0.045833
0 0.116797 0.540972 0.182031 0.065278
0 0.050781 0.059722 0.092188 0.111111
0 0.117188 0.297917 0.173437 0.120833
0 0.180078 0.350694 0.125781 0.098611
0 0.250391 0.384028 0.049219 0.070833
0 0.262500 0.347917 0.071875 0.065278
0 0.246484 0.279861 0.105469 0.051389
0 0.214844 0.198611 0.123438 0.080556
0 0.140234 0.084028 0.171094 0.140278
0 0.256641 0.150000 0.092969 0.069444
0 0.289844 0.111806 0.071875 0.062500
0 0.252344 0.079167 0.115625 0.111111
0 0.292969 0.037500 0.068750 0.066667
0 0.290234 0.018750 0.108594 0.031944
0 0.334375 0.057639 0.034375 0.054167
0 0.352344 0.104861 0.035937 0.045833
0 0.323047 0.086111 0.038281 0.052778
0 0.333594 0.136806 0.032813 0.043056
0 0.346875 0.172917 0.028125 0.043056
0 0.354297 0.137500 0.036719 0.041667
0 0.318750 0.164583 0.035937 0.059722
0 0.337891 0.197222 0.024219 0.041667
0 0.348828 0.220833 0.013281 0.036111
0 0.359375 0.259028 0.021875 0.029167
0 0.337891 0.261111 0.022656 0.047222
0 0.325781 0.231944 0.021875 0.052778
0 0.291016 0.245833 0.050781 0.044444
0 0.276953 0.194444 0.049219 0.050000
0 0.310547 0.282639 0.052344 0.048611
0 0.304688 0.322917 0.031250 0.048611
0 0.325000 0.353472 0.017188 0.048611
0 0.303906 0.376389 0.029687 0.052778
0 0.323437 0.406944 0.017188 0.052778
0 0.289453 0.461111 0.058594 0.044444
0 0.321875 0.472222 0.018750 0.044444
0 0.326562 0.451389 0.040625 0.044444
0 0.352344 0.468056 0.015625 0.036111
0 0.362891 0.490972 0.011719 0.029167
0 0.347266 0.426389 0.047656 0.025000
0 0.346875 0.367361 0.042188 0.026389
0 0.340625 0.340278 0.035937 0.036111
0 0.344141 0.288194 0.035156 0.029167
0 0.362500 0.296528 0.023438 0.026389
0 0.363672 0.318750 0.036719 0.020833
0 0.358984 0.204861 0.035156 0.034722
0 0.380469 0.363194 0.034375 0.026389
0 0.364453 0.408333 0.038281 0.022222
0 0.357031 0.388889 0.048438 0.019444
0 0.306250 0.538194 0.023438 0.040278
0 0.340234 0.559028 0.016406 0.029167
0 0.352344 0.568056 0.015625 0.022222
0 0.362891 0.575000 0.014844 0.027778
0 0.373437 0.584722 0.017188 0.027778
0 0.382812 0.593750 0.009375 0.023611
0 0.392188 0.600000 0.007812 0.022222
0 0.373047 0.513889 0.041406 0.025000
0 0.382812 0.497222 0.010937 0.019444
0 0.370703 0.480556 0.014844 0.025000
0 0.378516 0.424306 0.024219 0.026389
0 0.644922 0.704167 0.083594 0.066667
0 0.601172 0.702083 0.028906 0.045833
0 0.586719 0.699306 0.021875 0.037500
0 0.570312 0.694444 0.018750 0.038889
0 0.556641 0.688194 0.010156 0.029167
0 0.691797 0.033333 0.155469 0.061111
0 0.676953 0.062500 0.178906 0.113889
0 0.609375 0.207639 0.092188 0.073611
0 0.591406 0.282639 0.070312 0.065278
0 0.540625 0.270139 0.054688 0.037500
0 0.539844 0.300694 0.053125 0.023611
0 0.555469 0.378472 0.062500 0.029167
0 0.579688 0.035417 0.057813 0.062500
