0 0.812891 0.263889 0.261719 0.258333
0 0.761719 0.400694 0.262500 0.162500
0 0.720703 0.453472 0.255469 0.129167
0 0.764062 0.908333 0.215625 0.175000
0 0.658594 0.832639 0.062500 0.081944
0 0.622656 0.797222 0.084375 0.066667
0 0.579688 0.773611 0.029687 0.063889
0 0.557031 0.759028 0.020313 0.059722
0 0.551562 0.708333 0.035937 0.041667
0 0.571094 0.506944 0.067187 0.055556
0 0.564453 0.422222 0.085156 0.069444
0 0.535547 0.463889 0.049219 0.038889
0 0.605078 0.309028 0.153906 0.090278
0 0.662109 0.144444 0.196094 0.127778
0 0.077344 0.411806 0.146875 0.131944
0 0.153516 0.234722 0.072656 0.102778
0 0.170703 0.290278 0.111719 0.091667
0 0.178516 0.060417 0.042969 0.073611
0 0.083203 0.110417 0.158594 0.154167
0 0.115234 0.554861 0.135156 0.093056
0 0.126953 0.695139 0.111719 0.040278
0 0.128125 0.733333 0.104688 0.052778
0 0.202344 0.727778 0.039062 0.063889
0 0.235547 0.718056 0.028906 0.044444
0 0.260547 0.718750 0.021094 0.045833
0 0.280078 0.709028 0.017969 0.026389
0 0.296875 0.709722 0.015625 0.027778
0 0.298828 0.600694 0.016406 0.040278
0 0.280078 0.591667 0.021094 0.058333
0 0.259375 0.584028 0.020313 0.043056
0 0.235156 0.573611 0.028125 0.066667
0 0.198047 0.564583 0.046094 0.048611
0 0.037500 0.738194 0.075000 0.090278
