0 0.844531 0.209028 0.278125 0.193056
0 0.699219 0.126389 0.115625 0.150000
0 0.794531 0.722917 0.212500 0.112500
0 0.725781 0.692361 0.150000 0.098611
0 0.642578 0.706250 0.030469 0.073611
0 0.809766 0.879861 0.125781 0.154167
0 0.928516 0.954861 0.135156 0.084722
0 0.043750 0.438194 0.079687 0.112500
0 0.116406 0.487500 0.087500 0.105556
0 0.181641 0.507639 0.064844 0.093056
0 0.233594 0.538194 0.053125 0.065278
0 0.240625 0.728472 0.056250 0.073611
0 0.188281 0.725000 0.057813 0.066667
0 0.116406 0.740278 0.084375 0.080556
0 0.042188 0.733333 0.079687 0.086111
0 0.688672 0.281250 0.157031 0.073611
0 0.033203 0.052778 0.061719 0.102778
0 0.077734 0.043750 0.108594 0.081944
