0 0.280859 0.065625 0.324219 0.118750
0 0.273828 0.104375 0.303906 0.151250
0 0.293750 0.184375 0.315625 0.141250
0 0.292187 0.251875 0.312500 0.131250
0 0.287891 0.325000 0.327344 0.140000
0 0.296875 0.378750 0.314063 0.130000
0 0.280859 0.468125 0.352344 0.141250
0 0.275781 0.519375 0.303125 0.121250
0 0.275781 0.603125 0.314063 0.083750
0 0.284766 0.662500 0.324219 0.112500
0 0.299219 0.741875 0.326562 0.106250
0 0.326953 0.822500 0.382031 0.122500
0 0.300391 0.874375 0.352344 0.116250
0 0.219922 0.949375 0.147656 0.083750
0 0.087500 0.891875 0.167187 0.133750
0 0.079687 0.948125 0.146875 0.086250
0 0.071094 0.815625 0.140625 0.141250
0 0.080469 0.708125 0.153125 0.133750
0 0.073828 0.639375 0.128906 0.166250
0 0.070312 0.534375 0.131250 0.108750
0 0.071094 0.435000 0.132812 0.092500
0 0.078906 0.348750 0.148438 0.115000
0 0.081250 0.252500 0.154688 0.122500
0 0.082422 0.165625 0.152344 0.136250
0 0.076172 0.073125 0.147656 0.138750
0 0.092188 0.030625 0.126562 0.056250
0 0.613281 0.404375 0.284375 0.103750
0 0.782422 0.396250 0.082031 0.120000
0 0.846484 0.425625 0.067969 0.061250
0 0.909766 0.446875 0.069531 0.061250
0 0.911719 0.599375 0.037500 0.066250
0 0.593359 0.171250 0.264844 0.252500
