0 0.760938 0.285938 0.464062 0.292708
0 0.438281 0.426563 0.267188 0.132292
0 0.299219 0.503646 0.217188 0.107292
0 0.176563 0.502083 0.059375 0.068750
0 0.137109 0.508854 0.033594 0.059375
0 0.114453 0.523958 0.033594 0.045833
0 0.087500 0.530729 0.029687 0.038542
0 0.044141 0.546354 0.024219 0.032292
0 0.144922 0.302083 0.138281 0.083333
0 0.232031 0.202604 0.235937 0.117708
0 0.279297 0.078646 0.178906 0.155208
0 0.156641 0.064583 0.150781 0.108333
0 0.131250 0.132292 0.150000 0.068750
0 0.054297 0.083333 0.038281 0.027083
0 0.053516 0.110937 0.036719 0.028125
