0 0.371875 0.740972 0.073438 0.029167
0 0.476172 0.730556 0.057031 0.027778
0 0.660937 0.838194 0.054688 0.090278
0 0.626172 0.806944 0.055469 0.080556
0 0.608984 0.785417 0.069531 0.065278
0 0.573047 0.754861 0.036719 0.037500
0 0.554688 0.744444 0.026562 0.036111
0 0.736328 0.302778 0.274219 0.183333
0 0.652344 0.379861 0.157812 0.095833
0 0.640234 0.416667 0.185156 0.061111
0 0.535937 0.540278 0.081250 0.058333
0 0.164453 0.391667 0.144531 0.091667
0 0.244531 0.433333 0.029687 0.050000
0 0.266406 0.458333 0.029687 0.058333
0 0.286719 0.455556 0.025000 0.027778
0 0.287891 0.485417 0.024219 0.034722
0 0.303125 0.493750 0.018750 0.045833
0 0.314844 0.510417 0.014063 0.040278
0 0.330469 0.522917 0.017188 0.029167
0 0.118359 0.245139 0.194531 0.115278
0 0.105859 0.161111 0.142969 0.125000
0 0.232813 0.285417 0.095312 0.081944
0 0.233594 0.231250 0.076563 0.084722
0 0.260937 0.331250 0.096875 0.059722
0 0.282813 0.175694 0.054688 0.054167
0 0.298047 0.220833 0.047656 0.055556
0 0.782422 0.112500 0.294531 0.208333
0 0.269531 0.061806 0.103125 0.051389
0 0.246484 0.020833 0.113281 0.038889
0 0.562109 0.288889 0.091406 0.055556
0 0.536719 0.443750 0.082812 0.051389
