0 0.885156 0.358333 0.177604 0.183333
0 0.978385 0.304167 0.040104 0.167593
0 0.756771 0.410648 0.078125 0.089815
0 0.696615 0.426852 0.061979 0.066667
0 0.657292 0.444444 0.022917 0.059259
0 0.633594 0.454630 0.026562 0.057407
0 0.620052 0.458796 0.020313 0.050926
0 0.605208 0.465741 0.017708 0.037037
0 0.591406 0.475926 0.013021 0.037037
0 0.578906 0.472685 0.015104 0.039815
0 0.603646 0.573148 0.012500 0.048148
0 0.619271 0.581944 0.014583 0.041667
0 0.635417 0.593056 0.019792 0.052778
0 0.662240 0.607870 0.036979 0.075000
0 0.717187 0.650000 0.077083 0.105556
0 0.780469 0.673611 0.129688 0.143519
0 0.785417 0.931481 0.056250 0.131481
0 0.751302 0.842130 0.114062 0.123148
0 0.700000 0.787500 0.098958 0.126852
0 0.655990 0.738889 0.061979 0.079630
0 0.622917 0.703241 0.046875 0.060185
0 0.092448 0.875463 0.156771 0.147222
0 0.034115 0.949537 0.065104 0.091667
0 0.046875 0.679167 0.080208 0.069444
0 0.500521 0.539815 0.023958 0.014815
0 0.499740 0.549537 0.022396 0.004630
0 0.825781 0.032870 0.085938 0.050926
0 0.739062 0.081481 0.080208 0.151852
0 0.762760 0.176852 0.185938 0.127778
0 0.736979 0.225463 0.203125 0.100926
0 0.717448 0.272685 0.189062 0.078704
0 0.613802 0.305093 0.033854 0.052778
0 0.593490 0.337037 0.019271 0.055556
0 0.578385 0.362963 0.021354 0.053704
0 0.604167 0.258796 0.069792 0.037963
0 0.587760 0.225000 0.057813 0.035185
0 0.623177 0.189352 0.065104 0.069444
0 0.626042 0.147685 0.056250 0.056481
0 0.671875 0.091667 0.118750 0.101852
0 0.653906 0.028241 0.073438 0.041667
0 0.577604 0.055093 0.038542 0.041667
0 0.592448 0.150000 0.049479 0.070370
