0 0.504167 0.575926 0.039583 0.022222
0 0.431771 0.584259 0.033333 0.024074
0 0.407552 0.577315 0.023438 0.017593
0 0.373958 0.583796 0.039583 0.025000
0 0.333594 0.672685 0.015104 0.039815
0 0.319271 0.693056 0.015625 0.043519
0 0.301042 0.714352 0.020833 0.047222
0 0.273958 0.739815 0.040625 0.068519
0 0.298958 0.426389 0.045833 0.041667
0 0.261458 0.403241 0.058333 0.080556
0 0.214844 0.373148 0.053646 0.090741
0 0.161198 0.347222 0.072396 0.109259
0 0.072396 0.269444 0.142708 0.175926
0 0.124479 0.058796 0.228125 0.112037
0 0.153906 0.136574 0.209896 0.097222
0 0.233594 0.149074 0.121354 0.064815
0 0.242708 0.192130 0.145833 0.063889
0 0.269531 0.249074 0.132812 0.053704
0 0.810937 0.317130 0.144792 0.125000
0 0.904687 0.244907 0.185417 0.125000
0 0.704948 0.139815 0.163021 0.074074
0 0.655469 0.214352 0.133854 0.062037
0 0.611979 0.248611 0.093750 0.043519
0 0.630208 0.062037 0.127083 0.059259
0 0.611198 0.022685 0.074479 0.037963
0 0.583854 0.423148 0.016667 0.031481
0 0.597396 0.415278 0.025000 0.050926
0 0.617188 0.405556 0.031250 0.040741
0 0.638021 0.392130 0.037500 0.047222
0 0.724219 0.364352 0.133854 0.058333
0 0.710417 0.482870 0.029167 0.039815
0 0.738802 0.483333 0.044271 0.038889
0 0.797656 0.476852 0.078646 0.042593
0 0.894010 0.471759 0.075521 0.037963
0 0.964063 0.476389 0.052083 0.073148
0 0.929688 0.843056 0.139583 0.180556
0 0.826562 0.745833 0.145833 0.089815
0 0.729948 0.673611 0.081771 0.078704
0 0.725000 0.714815 0.064583 0.085185
0 0.689063 0.684259 0.053125 0.064815
0 0.666146 0.652778 0.066667 0.064815
0 0.632031 0.625463 0.071354 0.049074
0 0.591667 0.613889 0.018750 0.040741
0 0.587240 0.512037 0.029687 0.018519
