0 0.671094 0.500000 0.131250 0.063889
0 0.592187 0.521528 0.029687 0.059722
0 0.614453 0.551389 0.108594 0.038889
0 0.557031 0.568056 0.020313 0.036111
0 0.544141 0.578472 0.011719 0.034722
0 0.537109 0.582639 0.011719 0.037500
0 0.582812 0.459722 0.075000 0.041667
0 0.568359 0.486111 0.067969 0.044444
0 0.578906 0.429167 0.051562 0.052778
0 0.581641 0.377778 0.030469 0.080556
0 0.660937 0.340278 0.134375 0.080556
0 0.575391 0.746528 0.036719 0.031944
0 0.549219 0.738889 0.014063 0.038889
0 0.538281 0.734028 0.014063 0.023611
0 0.530078 0.722222 0.010156 0.022222
0 0.519922 0.720139 0.010156 0.023611
0 0.052344 0.229167 0.100000 0.163889
0 0.090234 0.335417 0.135156 0.151389
0 0.128125 0.396528 0.150000 0.093056
0 0.214453 0.343750 0.072656 0.087500
0 0.295703 0.458333 0.016406 0.041667
0 0.246875 0.436806 0.095312 0.065278
0 0.173437 0.527778 0.132812 0.077778
0 0.246094 0.554167 0.037500 0.058333
0 0.271484 0.570139 0.030469 0.056944
0 0.292578 0.581944 0.021094 0.055556
0 0.298047 0.769444 0.025781 0.044444
0 0.216016 0.800694 0.075781 0.045833
0 0.335547 0.737500 0.032031 0.036111
0 0.125391 0.118056 0.197656 0.141667
0 0.108203 0.072222 0.174219 0.125000
0 0.227344 0.052778 0.078125 0.080556
0 0.248047 0.120833 0.057031 0.077778
0 0.227344 0.260417 0.115625 0.112500
0 0.275391 0.130556 0.071094 0.077778
0 0.264062 0.071528 0.090625 0.056944
0 0.305469 0.038889 0.034375 0.052778
0 0.273438 0.243750 0.079687 0.076389
0 0.667578 0.217361 0.185156 0.090278
0 0.624609 0.277778 0.119531 0.066667
0 0.615625 0.322917 0.134375 0.068056
0 0.558984 0.361806 0.049219 0.059722
0 0.546875 0.422917 0.046875 0.056944
0 0.533203 0.502083 0.016406 0.040278
0 0.581641 0.221528 0.078906 0.054167
0 0.631641 0.175000 0.146094 0.125000
0 0.589844 0.079861 0.043750 0.109722
0 0.732422 0.043750 0.189844 0.081944
0 0.566797 0.122917 0.049219 0.084722
0 0.560156 0.174306 0.065625 0.081944
0 0.550781 0.224306 0.065625 0.068056
0 0.565234 0.309722 0.075781 0.058333
0 0.528906 0.596528 0.009375 0.040278
