0 0.327734 0.483854 0.472656 0.173958
0 0.056250 0.500521 0.064062 0.071875
0 0.280078 0.097917 0.380469 0.187500
0 0.121094 0.171354 0.162500 0.140625
0 0.957812 0.437500 0.082812 0.035417
0 0.813672 0.606250 0.052344 0.043750
0 0.865625 0.604167 0.048438 0.047917
0 0.746875 0.606250 0.067187 0.039583
0 0.746484 0.744271 0.057031 0.040625
0 0.737891 0.276042 0.085156 0.043750
0 0.741016 0.313542 0.069531 0.041667
0 0.639844 0.317188 0.059375 0.026042
0 0.642578 0.342708 0.042969 0.025000
0 0.830078 0.273438 0.082031 0.038542
0 0.950391 0.231771 0.055469 0.044792
0 0.992188 0.217708 0.010937 0.035417
0 0.955078 0.055729 0.085156 0.094792
