0 0.885938 0.117593 0.170833 0.140741
0 0.944531 0.042593 0.104688 0.070370
0 0.847396 0.179630 0.219792 0.107407
0 0.815625 0.225926 0.253125 0.111111
0 0.749219 0.292593 0.189062 0.072222
0 0.644531 0.310185 0.025521 0.064815
0 0.620833 0.333796 0.030208 0.054630
0 0.631771 0.240741 0.088542 0.051852
0 0.588281 0.269444 0.021354 0.037037
0 0.630990 0.171759 0.132812 0.043519
0 0.632031 0.131944 0.121354 0.036111
0 0.602344 0.099074 0.051562 0.050000
0 0.668229 0.112500 0.134375 0.054630
0 0.681250 0.084722 0.150000 0.102778
0 0.687240 0.018519 0.117188 0.029630
0 0.767188 0.044444 0.183333 0.081481
0 0.248177 0.214352 0.123438 0.036111
0 0.250260 0.243056 0.117188 0.054630
0 0.245573 0.057407 0.171354 0.094444
