0 0.756510 0.282407 0.164062 0.116667
0 0.663542 0.320370 0.027083 0.072222
0 0.640104 0.338426 0.017708 0.069444
0 0.619531 0.361574 0.022396 0.058333
0 0.603646 0.373611 0.014583 0.045370
0 0.592187 0.380556 0.009375 0.048148
0 0.593750 0.471759 0.011458 0.036111
0 0.605208 0.470370 0.011458 0.038889
0 0.620313 0.467130 0.018750 0.036111
0 0.639323 0.463889 0.019271 0.044444
0 0.663281 0.453704 0.028646 0.040741
0 0.701042 0.443519 0.052083 0.066667
0 0.260937 0.773148 0.075000 0.101852
0 0.173437 0.327778 0.082292 0.129630
0 0.068490 0.264815 0.121354 0.179630
0 0.251042 0.327778 0.102083 0.161111
0 0.300260 0.317130 0.050521 0.075000
0 0.337500 0.344907 0.027083 0.043519
0 0.258594 0.155093 0.133854 0.089815
0 0.157552 0.040741 0.216146 0.066667
0 0.297396 0.073148 0.080208 0.044444
0 0.290104 0.026389 0.093750 0.041667
0 0.385677 0.625000 0.019271 0.037037
0 0.380990 0.641667 0.033854 0.042593
0 0.346615 0.493981 0.013021 0.043519
0 0.329167 0.490741 0.020833 0.051852
0 0.304948 0.489815 0.030729 0.048148
0 0.197917 0.492130 0.205208 0.062037
0 0.645312 0.655093 0.048958 0.052778
0 0.610938 0.649074 0.021875 0.040741
0 0.597396 0.633333 0.017708 0.038889
0 0.565104 0.594907 0.013542 0.025000
0 0.573177 0.607407 0.008854 0.027778
0 0.587760 0.612037 0.019271 0.029630
0 0.591927 0.548148 0.026562 0.040741
0 0.579167 0.542130 0.015625 0.028704
0 0.571094 0.541204 0.007812 0.021296
0 0.565104 0.537963 0.008333 0.025926
0 0.560156 0.535648 0.007812 0.021296
0 0.551302 0.536111 0.015104 0.020370
0 0.575521 0.478704 0.009375 0.029630
0 0.584896 0.475926 0.012500 0.020370
0 0.567708 0.480093 0.013542 0.019444
0 0.558854 0.481019 0.010417 0.021296
0 0.752604 0.114352 0.164583 0.086111
0 0.726562 0.178704 0.167708 0.077778
0 0.672396 0.216667 0.101042 0.062963
0 0.635156 0.248611 0.057813 0.065741
0 0.621354 0.295833 0.066667 0.050926
0 0.583594 0.289352 0.019271 0.039815
0 0.574479 0.304630 0.009375 0.033333
0 0.564844 0.316204 0.011979 0.034259
0 0.619792 0.205093 0.076042 0.056481
0 0.630990 0.172685 0.078646 0.045370
0 0.646615 0.136111 0.078646 0.059259
0 0.675521 0.075463 0.116667 0.058333
0 0.682292 0.031944 0.093750 0.062037
0 0.631771 0.025926 0.057292 0.042593
0 0.633073 0.061574 0.085938 0.067593
0 0.610417 0.104630 0.050000 0.059259
0 0.590625 0.203241 0.039583 0.052778
