0 0.153125 0.483750 0.215625 0.107500
0 0.025000 0.468750 0.045312 0.122500
0 0.317188 0.501875 0.154688 0.098750
0 0.444922 0.502500 0.092969 0.105000
0 0.512500 0.525625 0.070312 0.051250
0 0.610938 0.828750 0.376563 0.130000
0 0.492969 0.914375 0.439063 0.158750
0 0.651563 0.738125 0.326562 0.116250
0 0.810156 0.747500 0.053125 0.107500
0 0.844531 0.716875 0.050000 0.081250
0 0.684375 0.353750 0.318750 0.092500
0 0.541016 0.216250 0.480469 0.255000
0 0.386719 0.109375 0.618750 0.186250
0 0.300000 0.084375 0.595313 0.153750
