0 0.905729 0.563889 0.060417 0.016667
0 0.905469 0.575000 0.063021 0.024074
0 0.906250 0.590278 0.065625 0.017593
0 0.906250 0.609722 0.069792 0.025000
0 0.907552 0.622222 0.067187 0.018519
0 0.908594 0.637963 0.068229 0.022222
0 0.297917 0.745370 0.258333 0.125926
0 0.145833 0.701852 0.129167 0.098148
0 0.053125 0.688889 0.101042 0.103704
0 0.487500 0.676389 0.170833 0.076852
0 0.617708 0.664352 0.110417 0.054630
0 0.672135 0.661111 0.036979 0.040741
0 0.695312 0.649074 0.026042 0.033333
0 0.721354 0.649537 0.043750 0.036111
