0 0.694792 0.166667 0.459375 0.311111
0 0.793490 0.088889 0.405729 0.172222
0 0.262240 0.660648 0.152604 0.060185
0 0.058333 0.644444 0.075000 0.068519
0 0.038021 0.662037 0.071875 0.088889
0 0.137240 0.596759 0.060937 0.028704
0 0.172135 0.583796 0.022396 0.026852
0 0.053125 0.212037 0.079167 0.081481
0 0.017448 0.327315 0.032813 0.056481
0 0.107031 0.405093 0.044271 0.026852
0 0.114062 0.425926 0.030208 0.031481
0 0.132292 0.434722 0.019792 0.026852
0 0.159375 0.453241 0.007292 0.017593
0 0.147917 0.446759 0.016667 0.019444
0 0.095312 0.325000 0.096875 0.024074
0 0.073438 0.286111 0.130208 0.066667
0 0.128125 0.229167 0.066667 0.049074
0 0.100000 0.176852 0.101042 0.057407
0 0.150521 0.181481 0.053125 0.042593
0 0.052604 0.050000 0.098958 0.098148
0 0.457292 0.073148 0.182292 0.135185
0 0.366406 0.279167 0.124479 0.056481
0 0.395833 0.192130 0.130208 0.093519
