0 0.887500 0.825926 0.176042 0.162963
0 0.988802 0.850926 0.021354 0.133333
0 0.775521 0.715741 0.170833 0.159259
0 0.710156 0.695833 0.154688 0.089815
0 0.598437 0.673148 0.103125 0.050000
0 0.503906 0.635185 0.024479 0.044444
0 0.534375 0.647222 0.022917 0.040741
0 0.519271 0.643056 0.015625 0.037963
0 0.490365 0.625463 0.022396 0.032407
0 0.476302 0.619907 0.023438 0.015741
0 0.458594 0.611111 0.014063 0.020370
0 0.560156 0.467593 0.033854 0.038889
0 0.595833 0.448148 0.045833 0.070370
0 0.713802 0.428241 0.202604 0.084259
0 0.052083 0.560185 0.100000 0.062963
0 0.053906 0.636574 0.105729 0.076852
0 0.150000 0.611574 0.132292 0.058333
0 0.219010 0.597222 0.031771 0.040741
0 0.236198 0.594907 0.041146 0.039815
0 0.260417 0.592593 0.031250 0.025926
0 0.276302 0.588426 0.022396 0.025000
0 0.063802 0.244444 0.118229 0.203704
0 0.125000 0.209259 0.134375 0.111111
0 0.180729 0.357407 0.140625 0.107407
0 0.229167 0.386574 0.062500 0.060185
0 0.253646 0.405556 0.042708 0.044444
0 0.211719 0.423148 0.021354 0.037037
0 0.225781 0.438426 0.020313 0.034259
0 0.289062 0.380093 0.063542 0.050926
0 0.285677 0.482407 0.057813 0.035185
0 0.289323 0.586574 0.007812 0.019444
0 0.296615 0.582407 0.007812 0.022222
0 0.210417 0.083796 0.092708 0.097222
0 0.224219 0.152315 0.110937 0.089815
0 0.291406 0.179167 0.074479 0.052778
0 0.293750 0.215741 0.065625 0.040741
0 0.295573 0.285648 0.070312 0.041667
0 0.720833 0.188889 0.233333 0.151852
0 0.918490 0.123148 0.145313 0.181481
0 0.655990 0.246296 0.156771 0.103704
0 0.650000 0.290278 0.193750 0.067593
0 0.607031 0.110185 0.108854 0.116667
0 0.566667 0.047222 0.089583 0.072222
0 0.560937 0.026389 0.109375 0.039815
0 0.544792 0.113889 0.032292 0.070370
0 0.538021 0.162037 0.048958 0.075926
0 0.506510 0.204167 0.019271 0.063889
0 0.573438 0.207407 0.089583 0.092593
0 0.516927 0.231944 0.027604 0.063889
0 0.503125 0.278704 0.019792 0.037037
0 0.552344 0.263426 0.057813 0.065741
0 0.517188 0.299537 0.026042 0.062037
0 0.536458 0.327315 0.094792 0.049074
0 0.526563 0.364815 0.044792 0.048148
0 0.497656 0.384259 0.023438 0.033333
0 0.547396 0.415278 0.055208 0.065741
0 0.514323 0.431481 0.024479 0.042593
0 0.488802 0.459722 0.013021 0.030556
0 0.476823 0.470370 0.013021 0.033333
0 0.466406 0.474074 0.008854 0.025926
0 0.487760 0.401852 0.050521 0.031481
0 0.473438 0.333796 0.014583 0.019444
0 0.498437 0.368981 0.027083 0.045370
0 0.477083 0.380556 0.015625 0.029630
0 0.490365 0.268056 0.031771 0.049074
0 0.500000 0.206481 0.056250 0.038889
0 0.510417 0.173611 0.059375 0.049074
0 0.516667 0.152315 0.050000 0.054630
0 0.495052 0.048611 0.023438 0.047222
0 0.507292 0.072685 0.020833 0.054630
0 0.517188 0.115741 0.061458 0.055556
0 0.383594 0.588889 0.018229 0.012963
0 0.407292 0.588889 0.027083 0.014815
0 0.428906 0.603241 0.019271 0.013889
