0 0.445052 0.597685 0.040104 0.019444
0 0.465625 0.600000 0.010417 0.020370
0 0.410156 0.598611 0.036979 0.023148
0 0.316927 0.562500 0.036979 0.026852
0 0.296354 0.591667 0.010417 0.027778
0 0.279427 0.589352 0.031771 0.039815
0 0.255208 0.605093 0.039583 0.063889
0 0.235677 0.598611 0.031771 0.063889
0 0.184375 0.562037 0.091667 0.077778
0 0.083333 0.646759 0.143750 0.132407
0 0.180729 0.638889 0.075000 0.103704
0 0.132812 0.262963 0.231250 0.153704
0 0.191406 0.334722 0.176563 0.089815
0 0.224479 0.372685 0.135417 0.056481
0 0.245573 0.409259 0.131771 0.053704
0 0.097135 0.092593 0.182812 0.170370
0 0.214844 0.068981 0.157812 0.115741
0 0.271615 0.186574 0.068229 0.082407
0 0.291146 0.250000 0.056250 0.044444
0 0.293750 0.097222 0.064583 0.075926
0 0.849740 0.762037 0.135937 0.127778
0 0.957292 0.806481 0.077083 0.098148
0 0.943750 0.075926 0.095833 0.131481
0 0.836198 0.205093 0.132812 0.186111
0 0.784635 0.279630 0.179688 0.131481
0 0.750521 0.342593 0.252083 0.088889
0 0.615365 0.327315 0.034896 0.049074
0 0.620313 0.420370 0.140625 0.068519
0 0.753646 0.717130 0.085417 0.093519
0 0.625260 0.661111 0.068229 0.046296
0 0.583854 0.651852 0.039583 0.037037
0 0.552604 0.636111 0.023958 0.040741
0 0.532813 0.635648 0.021875 0.041667
0 0.584635 0.292130 0.146354 0.069444
0 0.622917 0.212963 0.153125 0.085185
0 0.663542 0.153241 0.182292 0.084259
0 0.721615 0.111574 0.199479 0.134259
0 0.787240 0.040278 0.242188 0.067593
