0 0.058073 0.464815 0.058854 0.027778
0 0.014063 0.463426 0.023958 0.037963
0 0.044010 0.663426 0.088021 0.043519
0 0.110156 0.604630 0.054688 0.020370
0 0.116406 0.540741 0.057813 0.031481
0 0.121354 0.473148 0.064583 0.027778
0 0.177604 0.484259 0.048958 0.027778
0 0.223177 0.491667 0.048438 0.024074
0 0.264323 0.497222 0.042188 0.018519
0 0.265365 0.425926 0.034896 0.018519
0 0.227083 0.417593 0.039583 0.037037
0 0.183073 0.404167 0.052604 0.026852
0 0.124740 0.387500 0.061979 0.039815
0 0.061979 0.376389 0.066667 0.034259
0 0.013542 0.362500 0.026042 0.043519
0 0.020052 0.267593 0.035937 0.035185
0 0.066667 0.286111 0.065625 0.044444
0 0.127865 0.311111 0.056771 0.046296
0 0.185677 0.327315 0.049479 0.047222
0 0.230729 0.349537 0.040625 0.045370
0 0.271354 0.365278 0.051042 0.043519
0 0.259115 0.295833 0.061979 0.054630
0 0.227083 0.276852 0.058333 0.053704
0 0.180469 0.266204 0.064062 0.050926
0 0.123958 0.233333 0.065625 0.044444
0 0.063542 0.200463 0.078125 0.054630
0 0.017448 0.181481 0.034896 0.053704
0 0.023177 0.096759 0.046354 0.076852
0 0.077604 0.129630 0.065625 0.064815
0 0.129948 0.162500 0.063021 0.082407
0 0.183333 0.187500 0.057292 0.071296
0 0.217969 0.206481 0.057813 0.068519
0 0.261458 0.230093 0.065625 0.052778
0 0.259896 0.168519 0.076042 0.061111
0 0.225781 0.143056 0.071354 0.054630
0 0.180990 0.109259 0.069271 0.068519
0 0.119531 0.085648 0.094271 0.086111
0 0.060417 0.044444 0.096875 0.072222
0 0.188021 0.044444 0.077083 0.068519
0 0.224740 0.076852 0.073438 0.081481
0 0.169792 0.607407 0.058333 0.018519
0 0.211719 0.605093 0.050521 0.023148
0 0.258073 0.596296 0.049479 0.033333
0 0.307552 0.410185 0.065104 0.027778
0 0.314844 0.427778 0.055729 0.024074
0 0.316927 0.441204 0.049479 0.019444
0 0.310417 0.489352 0.052083 0.015741
0 0.317448 0.497685 0.046354 0.012037
0 0.316406 0.528241 0.043229 0.017593
0 0.317448 0.507407 0.039062 0.011111
0 0.319531 0.518981 0.055729 0.012037
0 0.320052 0.539352 0.041146 0.010185
0 0.315885 0.550926 0.032813 0.012963
0 0.350781 0.551389 0.025521 0.012037
0 0.351302 0.544907 0.023438 0.015741
0 0.349219 0.534259 0.026562 0.014815
0 0.351042 0.524074 0.022917 0.012963
0 0.352083 0.514815 0.025000 0.005556
0 0.352083 0.507870 0.025000 0.008333
0 0.352865 0.497685 0.026562 0.012037
0 0.353906 0.486111 0.024479 0.009259
0 0.349479 0.478704 0.026042 0.005556
0 0.350000 0.468981 0.025000 0.013889
0 0.350781 0.456944 0.026562 0.010185
0 0.352083 0.445833 0.023958 0.012037
0 0.352083 0.435185 0.021875 0.009259
0 0.347917 0.425926 0.029167 0.009259
0 0.348698 0.421759 0.029687 0.013889
0 0.353125 0.408796 0.031250 0.021296
0 0.346615 0.398611 0.066146 0.015741
