0 0.927865 0.675463 0.142187 0.113889
0 0.810937 0.645833 0.138542 0.119444
0 0.713802 0.627315 0.079687 0.069444
0 0.652604 0.608796 0.055208 0.047222
0 0.613802 0.608333 0.027604 0.053704
0 0.591406 0.603704 0.027604 0.038889
0 0.569271 0.597222 0.027083 0.033333
0 0.549479 0.599074 0.018750 0.031481
0 0.537240 0.595833 0.019271 0.030556
0 0.525521 0.593519 0.009375 0.018519
0 0.516406 0.591667 0.009896 0.022222
0 0.559635 0.494907 0.073438 0.039815
0 0.566406 0.458796 0.072396 0.047222
0 0.550260 0.442593 0.013021 0.027778
0 0.630208 0.406019 0.122917 0.069444
0 0.604948 0.433333 0.101562 0.044444
0 0.707812 0.356019 0.175000 0.060185
0 0.113542 0.638889 0.113542 0.127778
0 0.028385 0.646296 0.050521 0.150000
0 0.185677 0.624074 0.094271 0.100000
0 0.235417 0.610185 0.060417 0.072222
0 0.278385 0.602315 0.034896 0.054630
0 0.298698 0.586111 0.018229 0.046296
0 0.307812 0.520833 0.036458 0.176852
0 0.284115 0.428241 0.026562 0.065741
0 0.258594 0.414352 0.047396 0.076852
0 0.123958 0.364352 0.225000 0.125000
0 0.133594 0.288426 0.088021 0.139815
0 0.045833 0.187963 0.091667 0.170370
0 0.096615 0.052315 0.185938 0.100926
0 0.132031 0.124537 0.211979 0.152778
0 0.290625 0.105556 0.093750 0.094444
0 0.328646 0.141667 0.038542 0.050000
0 0.334896 0.192130 0.037500 0.043519
0 0.320573 0.250000 0.029687 0.050000
0 0.331250 0.286111 0.022917 0.031481
0 0.342448 0.316204 0.018229 0.037963
0 0.319531 0.416667 0.027604 0.046296
0 0.337500 0.446759 0.014583 0.030556
0 0.271615 0.319444 0.110937 0.059259
0 0.239063 0.270370 0.138542 0.072222
0 0.214323 0.214352 0.132812 0.076852
0 0.721875 0.087500 0.188542 0.134259
0 0.865625 0.214352 0.266667 0.169444
0 0.549479 0.391667 0.055208 0.040741
0 0.561719 0.296296 0.081771 0.042593
0 0.559635 0.315741 0.089063 0.037037
0 0.626823 0.198148 0.053646 0.051852
0 0.600781 0.256481 0.063021 0.037037
0 0.504687 0.256944 0.044792 0.047222
0 0.495833 0.283796 0.036458 0.036111
0 0.520312 0.235648 0.021875 0.026852
0 0.494010 0.337963 0.025521 0.024074
