0 0.472917 0.637963 0.078125 0.031481
0 0.542448 0.646296 0.077604 0.053704
0 0.212240 0.657870 0.056771 0.052778
0 0.217969 0.626389 0.042188 0.054630
0 0.241146 0.638889 0.027083 0.044444
0 0.260677 0.628704 0.027604 0.033333
0 0.185417 0.612037 0.034375 0.055556
0 0.146615 0.614352 0.043229 0.050926
0 0.091406 0.625000 0.070312 0.083333
0 0.037760 0.633333 0.067187 0.101852
0 0.023698 0.201852 0.047396 0.064815
0 0.905729 0.248611 0.185417 0.217593
0 0.910937 0.672685 0.169792 0.102778
0 0.750000 0.639815 0.140625 0.098148
0 0.652604 0.622222 0.080208 0.083333
0 0.597656 0.615741 0.048438 0.050000
0 0.554688 0.600000 0.039583 0.044444
0 0.551823 0.450463 0.036979 0.075000
0 0.596094 0.441667 0.051562 0.092593
0 0.655208 0.409722 0.073958 0.082407
0 0.744792 0.341667 0.130208 0.131481
0 0.795052 0.084722 0.216146 0.154630
0 0.721354 0.185648 0.210417 0.139815
0 0.645312 0.263426 0.146875 0.087963
0 0.618490 0.317130 0.177604 0.080556
0 0.603125 0.126389 0.140625 0.095370
0 0.628125 0.053241 0.135417 0.089815
