0 0.809896 0.797685 0.370833 0.271296
0 0.070312 0.716204 0.116667 0.104630
0 0.023958 0.730093 0.044792 0.099074
0 0.144792 0.675000 0.067708 0.062963
0 0.181250 0.663889 0.046875 0.050000
0 0.217448 0.638889 0.025521 0.038889
0 0.219792 0.537037 0.027083 0.042593
0 0.198698 0.529630 0.029687 0.064815
0 0.166146 0.512500 0.044792 0.062037
0 0.111458 0.501852 0.071875 0.083333
0 0.040625 0.487963 0.079167 0.105556
0 0.049219 0.229167 0.088021 0.162037
0 0.119271 0.307870 0.055208 0.102778
0 0.170833 0.374074 0.046875 0.085185
0 0.201823 0.413426 0.026562 0.043519
0 0.224740 0.428704 0.026562 0.046296
0 0.267448 0.473148 0.013021 0.033333
0 0.254688 0.458796 0.017708 0.043519
0 0.243750 0.449537 0.023958 0.045370
0 0.275260 0.490741 0.014063 0.025926
0 0.278646 0.482407 0.013542 0.024074
0 0.279948 0.463889 0.016146 0.020370
0 0.279948 0.455093 0.010937 0.015741
0 0.279948 0.379630 0.009896 0.020370
0 0.278906 0.398148 0.006771 0.025926
0 0.279427 0.425926 0.005729 0.022222
0 0.254427 0.376852 0.052604 0.025926
0 0.236719 0.352315 0.058854 0.041667
0 0.206250 0.319907 0.122917 0.062037
0 0.202083 0.304630 0.098958 0.068519
0 0.213802 0.267130 0.048438 0.099074
0 0.142969 0.190741 0.117188 0.129630
0 0.084115 0.078241 0.163021 0.141667
0 0.213281 0.099074 0.027604 0.085185
0 0.184115 0.039352 0.044271 0.071296
0 0.208854 0.162500 0.069792 0.080556
0 0.246094 0.204167 0.029687 0.058333
0 0.257552 0.250926 0.021354 0.064815
0 0.272656 0.282870 0.023438 0.041667
0 0.260677 0.188889 0.046354 0.040741
0 0.257292 0.158333 0.037500 0.042593
0 0.246875 0.106019 0.047917 0.063889
0 0.251042 0.063889 0.064583 0.124074
0 0.292708 0.598611 0.021875 0.010185
0 0.293750 0.586111 0.018750 0.012963
0 0.366927 0.591667 0.018229 0.016667
0 0.344271 0.592130 0.027083 0.010185
0 0.391146 0.595833 0.029167 0.008333
