0 0.812760 0.660185 0.128646 0.062963
0 0.714063 0.649074 0.127083 0.059259
0 0.626823 0.622685 0.066146 0.034259
0 0.465885 0.605556 0.043229 0.027778
0 0.496875 0.602315 0.023958 0.021296
0 0.520052 0.600463 0.022396 0.023148
0 0.544010 0.601389 0.028646 0.023148
0 0.576042 0.599537 0.038542 0.017593
0 0.505729 0.483796 0.066667 0.025000
0 0.553125 0.487037 0.048958 0.027778
0 0.585156 0.493056 0.015104 0.015741
0 0.602604 0.498611 0.019792 0.026852
0 0.626042 0.503704 0.011458 0.016667
0 0.640365 0.508333 0.016146 0.024074
0 0.507031 0.384722 0.061979 0.043519
0 0.549219 0.389352 0.021354 0.028704
0 0.461458 0.359259 0.081250 0.033333
0 0.414844 0.393056 0.063021 0.021296
0 0.457031 0.398148 0.027604 0.025926
0 0.478385 0.406481 0.022396 0.029630
0 0.555208 0.415741 0.043750 0.031481
0 0.587500 0.421296 0.017708 0.022222
0 0.602604 0.429167 0.016667 0.021296
0 0.653646 0.448148 0.080208 0.035185
0 0.511458 0.284259 0.059375 0.037037
0 0.535156 0.299537 0.051562 0.041667
0 0.561719 0.264815 0.036979 0.031481
0 0.575781 0.279167 0.034896 0.028704
0 0.587500 0.293981 0.043750 0.026852
0 0.558854 0.340741 0.041667 0.031481
0 0.584115 0.346296 0.016146 0.029630
0 0.597917 0.357870 0.020833 0.026852
0 0.658594 0.298148 0.090104 0.059259
0 0.676823 0.326852 0.086979 0.051852
0 0.775260 0.269907 0.100521 0.082407
0 0.817187 0.289815 0.028125 0.048148
0 0.833594 0.301852 0.009896 0.029630
0 0.766406 0.382407 0.113021 0.035185
0 0.777344 0.478704 0.093229 0.046296
0 0.657813 0.168056 0.088542 0.078704
0 0.684375 0.193981 0.082292 0.052778
0 0.670833 0.065278 0.097917 0.078704
0 0.657813 0.036574 0.092708 0.062037
0 0.783594 0.033796 0.109896 0.060185
0 0.795833 0.068981 0.085417 0.054630
0 0.770573 0.120833 0.104688 0.065741
0 0.783594 0.173611 0.096354 0.050926
0 0.794531 0.213426 0.092188 0.060185
0 0.839063 0.331481 0.015625 0.037037
0 0.511979 0.103704 0.058333 0.066667
0 0.534635 0.130556 0.059896 0.053704
0 0.575000 0.210648 0.041667 0.041667
0 0.596615 0.230093 0.029687 0.030556
0 0.537500 0.222222 0.054167 0.050000
0 0.511979 0.199074 0.068750 0.051852
0 0.472396 0.168056 0.054167 0.043519
0 0.308854 0.587500 0.060417 0.026852
0 0.210156 0.370833 0.036979 0.037963
0 0.179427 0.358333 0.048438 0.020370
0 0.239323 0.370370 0.023438 0.022222
0 0.258073 0.374074 0.018229 0.020370
0 0.286979 0.358333 0.062500 0.033333
0 0.310156 0.300000 0.027604 0.020370
0 0.335417 0.308333 0.030208 0.020370
0 0.353906 0.322222 0.032813 0.029630
0 0.345573 0.376852 0.035937 0.025926
0 0.306510 0.401389 0.056771 0.030556
0 0.305729 0.492130 0.052083 0.019444
0 0.191927 0.316667 0.043229 0.025926
0 0.224219 0.339352 0.049479 0.034259
0 0.203906 0.431481 0.045312 0.022222
0 0.260417 0.321296 0.072917 0.251852
0 0.311719 0.232870 0.050521 0.034259
0 0.336198 0.248148 0.031771 0.031481
0 0.420833 0.278704 0.048958 0.029630
0 0.870052 0.609259 0.021354 0.033333
0 0.832031 0.410648 0.009896 0.032407
0 0.841667 0.424074 0.010417 0.037037
0 0.852604 0.443056 0.012500 0.036111
0 0.843750 0.346759 0.026042 0.032407
0 0.846615 0.369444 0.028646 0.029630
0 0.867708 0.379630 0.016667 0.025926
