0 0.359375 0.067708 0.318750 0.135417
0 0.614062 0.144792 0.196875 0.131250
0 0.759375 0.055208 0.125000 0.102083
0 0.772656 0.216667 0.117188 0.100000
0 0.359375 0.597917 0.328125 0.145833
0 0.063281 0.517708 0.126562 0.135417
0 0.364844 0.790625 0.307812 0.177083
0 0.082812 0.952083 0.165625 0.095833
0 0.874219 0.334375 0.070312 0.060417
0 0.841406 0.627083 0.048438 0.066667
0 0.532813 0.300000 0.040625 0.020833
0 0.532031 0.329167 0.042188 0.020833
0 0.571094 0.337500 0.035937 0.020833
0 0.567187 0.565625 0.103125 0.052083
0 0.897656 0.570833 0.048438 0.025000
0 0.846875 0.051042 0.056250 0.089583
0 0.882812 0.107292 0.034375 0.060417
