0 0.568750 0.345833 0.193750 0.070833
0 0.604688 0.517708 0.071875 0.047917
0 0.792188 0.436458 0.075000 0.039583
0 0.878125 0.291667 0.062500 0.025000
0 0.863281 0.383333 0.057813 0.033333
0 0.688281 0.202083 0.026562 0.012500
0 0.715625 0.207292 0.025000 0.014583
0 0.688281 0.241667 0.026562 0.012500
0 0.714844 0.248958 0.026562 0.010417
0 0.713281 0.263542 0.026562 0.010417
0 0.687500 0.257292 0.025000 0.010417
0 0.709375 0.291667 0.025000 0.012500
0 0.734375 0.297917 0.025000 0.012500
0 0.734375 0.310417 0.025000 0.012500
0 0.733594 0.323958 0.023438 0.010417
0 0.708594 0.304167 0.023438 0.012500
0 0.707031 0.317708 0.023438 0.014583
0 0.682031 0.297917 0.023438 0.012500
0 0.681250 0.312500 0.025000 0.012500
0 0.676562 0.352083 0.021875 0.012500
0 0.701562 0.356250 0.025000 0.012500
0 0.700000 0.370833 0.028125 0.008333
0 0.675781 0.364583 0.020313 0.008333
0 0.887500 0.172917 0.043750 0.025000
0 0.885938 0.182292 0.046875 0.027083
0 0.800781 0.325000 0.051562 0.012500
0 0.798438 0.332292 0.050000 0.010417
0 0.797656 0.339583 0.045312 0.008333
0 0.798438 0.354167 0.046875 0.016667
0 0.796875 0.362500 0.043750 0.016667
