0 0.574219 0.427083 0.154688 0.087500
0 0.563281 0.639583 0.145313 0.083333
0 0.700781 0.638542 0.098437 0.060417
0 0.700000 0.530208 0.096875 0.056250
0 0.777344 0.546875 0.064062 0.060417
0 0.738281 0.444792 0.151562 0.064583
0 0.834375 0.547917 0.050000 0.045833
0 0.778906 0.630208 0.054688 0.056250
0 0.830469 0.631250 0.051562 0.045833
0 0.875781 0.623958 0.054688 0.052083
0 0.917188 0.621875 0.031250 0.047917
0 0.950781 0.622917 0.039062 0.050000
0 0.885938 0.513542 0.050000 0.052083
0 0.941406 0.531250 0.060937 0.037500
0 0.144531 0.672917 0.289062 0.116667
0 0.407031 0.054167 0.270313 0.104167
0 0.467187 0.142708 0.403125 0.189583
0 0.797656 0.041667 0.176563 0.075000
0 0.722656 0.102083 0.117188 0.116667
0 0.721875 0.219792 0.106250 0.106250
0 0.840625 0.226042 0.078125 0.077083
0 0.844531 0.310417 0.054688 0.075000
0 0.793750 0.265625 0.056250 0.106250
0 0.903906 0.347917 0.054688 0.062500
0 0.876563 0.115625 0.112500 0.089583
0 0.898438 0.039583 0.068750 0.066667
0 0.935937 0.169792 0.025000 0.077083
0 0.963281 0.192708 0.032813 0.064583
0 0.957031 0.301042 0.045312 0.060417
0 0.960938 0.388542 0.040625 0.039583
