0 0.467969 0.525000 0.342187 0.100000
0 0.187500 0.087500 0.268750 0.058333
0 0.473438 0.476042 0.365625 0.097917
0 0.203125 0.140625 0.265625 0.039583
0 0.201563 0.176042 0.262500 0.031250
0 0.185938 0.208333 0.240625 0.025000
0 0.145313 0.241667 0.165625 0.033333
0 0.147656 0.278125 0.160938 0.022917
0 0.153125 0.308333 0.184375 0.037500
0 0.151562 0.344792 0.178125 0.035417
0 0.151562 0.380208 0.178125 0.039583
0 0.154688 0.428125 0.165625 0.035417
0 0.157812 0.465625 0.159375 0.027083
0 0.365625 0.236458 0.256250 0.043750
0 0.371094 0.276042 0.245312 0.035417
0 0.371094 0.313542 0.245312 0.039583
0 0.367188 0.344792 0.253125 0.022917
0 0.367188 0.378125 0.253125 0.043750
0 0.368750 0.421875 0.250000 0.043750
0 0.278906 0.461458 0.070312 0.035417
0 0.371875 0.178125 0.046875 0.027083
