0 0.772656 0.074074 0.159896 0.129630
0 0.651823 0.114352 0.097396 0.073148
0 0.650000 0.206481 0.093750 0.077778
0 0.583594 0.268519 0.050521 0.040741
0 0.552604 0.295833 0.010417 0.039815
0 0.535677 0.309722 0.011979 0.036111
0 0.102865 0.248611 0.095312 0.054630
0 0.023958 0.213889 0.046875 0.070370
0 0.025781 0.326389 0.048438 0.084259
0 0.073438 0.347222 0.051042 0.053704
0 0.023958 0.686111 0.046875 0.077778
0 0.049479 0.963426 0.037500 0.062037
0 0.143229 0.686574 0.039583 0.056481
0 0.180208 0.662963 0.038542 0.057407
0 0.200000 0.631481 0.022917 0.035185
0 0.285677 0.629167 0.108854 0.056481
0 0.161719 0.277315 0.046354 0.052778
0 0.087760 0.169444 0.125521 0.062963
0 0.075260 0.085648 0.145313 0.063889
0 0.147656 0.030093 0.059896 0.058333
0 0.190625 0.068056 0.027083 0.060185
0 0.161719 0.146759 0.034896 0.058333
0 0.166927 0.207407 0.035937 0.053704
0 0.195312 0.292593 0.026042 0.037037
0 0.190625 0.227315 0.025000 0.039815
0 0.212760 0.252315 0.030729 0.045370
0 0.215885 0.310185 0.029687 0.038889
0 0.233073 0.325463 0.030729 0.026852
0 0.255729 0.337500 0.019792 0.021296
0 0.248698 0.288426 0.033854 0.034259
0 0.209896 0.117130 0.037500 0.054630
0 0.086458 0.670833 0.065625 0.071296
0 0.085417 0.709259 0.072917 0.079630
0 0.090885 0.757870 0.068229 0.075000
