0 0.250781 0.334375 0.335938 0.089583
0 0.303906 0.613542 0.182812 0.122917
0 0.623437 0.406250 0.096875 0.041667
0 0.571875 0.392708 0.012500 0.027083
0 0.560937 0.386458 0.015625 0.022917
0 0.933594 0.219792 0.114062 0.043750
0 0.719531 0.337500 0.054688 0.029167
0 0.768750 0.347917 0.040625 0.025000
0 0.705469 0.400000 0.035937 0.025000
0 0.714063 0.386458 0.025000 0.018750
0 0.721875 0.225000 0.078125 0.033333
0 0.779687 0.240625 0.034375 0.031250
0 0.733594 0.093750 0.054688 0.029167
0 0.733594 0.083333 0.057813 0.029167
0 0.614844 0.260417 0.060937 0.020833
0 0.487500 0.133333 0.028125 0.008333
0 0.485938 0.144792 0.028125 0.010417
0 0.515625 0.148958 0.025000 0.010417
0 0.483594 0.188542 0.029687 0.010417
0 0.514062 0.194792 0.028125 0.010417
0 0.513281 0.209375 0.026562 0.010417
0 0.482812 0.204167 0.028125 0.008333
0 0.509375 0.241667 0.028125 0.008333
0 0.538281 0.245833 0.029687 0.012500
0 0.537500 0.261458 0.028125 0.010417
0 0.507812 0.257292 0.028125 0.010417
0 0.478906 0.253125 0.026562 0.010417
0 0.478906 0.266667 0.026562 0.008333
0 0.507812 0.271875 0.028125 0.010417
0 0.535156 0.273958 0.026562 0.010417
0 0.475000 0.310417 0.025000 0.008333
0 0.501563 0.313542 0.028125 0.010417
0 0.473438 0.327083 0.021875 0.008333
0 0.500000 0.329167 0.028125 0.012500
0 0.617188 0.277083 0.056250 0.016667
0 0.617969 0.291667 0.054688 0.012500
0 0.620313 0.303125 0.050000 0.014583
0 0.618750 0.319792 0.050000 0.018750
