0 0.922656 0.122685 0.107813 0.110185
0 0.829948 0.190741 0.072396 0.079630
0 0.738281 0.221759 0.113021 0.065741
0 0.669792 0.251852 0.023958 0.033333
0 0.714583 0.278704 0.064583 0.038889
0 0.669531 0.300926 0.020313 0.025926
0 0.632031 0.327315 0.021354 0.023148
0 0.607292 0.348148 0.013542 0.022222
0 0.611719 0.314815 0.017188 0.020370
0 0.591406 0.361111 0.013021 0.012963
0 0.634115 0.194444 0.047396 0.046296
0 0.657813 0.143056 0.030208 0.054630
0 0.709115 0.052315 0.076563 0.097222
0 0.126302 0.153704 0.251563 0.096296
0 0.130208 0.065278 0.123958 0.121296
0 0.230990 0.286111 0.178646 0.050000
0 0.322135 0.302778 0.033854 0.057407
0 0.344271 0.333333 0.040625 0.044444
0 0.366406 0.353704 0.022396 0.033333
0 0.379688 0.368981 0.011458 0.026852
0 0.391406 0.375463 0.008854 0.021296
0 0.390885 0.415741 0.009896 0.018519
0 0.379427 0.412037 0.017188 0.014815
0 0.437500 0.565278 0.100000 0.026852
0 0.446094 0.619907 0.083854 0.036111
0 0.581771 0.370370 0.008333 0.014815
0 0.596094 0.234722 0.013021 0.025000
