0 0.942448 0.204630 0.090104 0.092593
0 0.989583 0.185648 0.015625 0.080556
0 0.851823 0.243056 0.121354 0.075000
0 0.852865 0.126389 0.120313 0.078704
0 0.806510 0.019444 0.046354 0.037037
0 0.766146 0.053241 0.040625 0.078704
0 0.719792 0.137500 0.030208 0.060185
0 0.694271 0.174074 0.020833 0.053704
0 0.768490 0.279630 0.048438 0.051852
0 0.718750 0.316667 0.036458 0.044444
0 0.691146 0.330556 0.016667 0.044444
0 0.676042 0.343056 0.014583 0.034259
0 0.658854 0.348611 0.012500 0.034259
0 0.662760 0.212500 0.015104 0.047222
0 0.649479 0.232870 0.013542 0.036111
0 0.130469 0.059259 0.257812 0.112963
0 0.277083 0.265278 0.191667 0.110185
0 0.340625 0.282870 0.104167 0.080556
0 0.395833 0.300926 0.016667 0.064815
0 0.415365 0.320833 0.018229 0.049074
0 0.359635 0.132870 0.119271 0.106481
0 0.431250 0.340278 0.016667 0.049074
0 0.639062 0.358796 0.011458 0.021296
0 0.641146 0.241204 0.011458 0.023148
