0 0.538281 0.560417 0.292187 0.095833
0 0.739062 0.576042 0.106250 0.077083
0 0.724219 0.686458 0.092188 0.110417
0 0.589063 0.771875 0.184375 0.135417
0 0.286719 0.808333 0.298438 0.145833
0 0.290625 0.872917 0.284375 0.150000
0 0.073438 0.938542 0.146875 0.097917
0 0.049219 0.669792 0.098437 0.114583
0 0.611719 0.058333 0.160938 0.116667
0 0.747656 0.131250 0.110937 0.120833
0 0.835156 0.194792 0.060937 0.097917
0 0.854688 0.031250 0.056250 0.058333
0 0.880469 0.235417 0.035937 0.070833
0 0.897656 0.089583 0.035937 0.070833
0 0.923438 0.126042 0.021875 0.060417
0 0.909375 0.263542 0.021875 0.043750
0 0.932031 0.282292 0.023438 0.052083
0 0.942969 0.161458 0.020313 0.043750
0 0.922656 0.522917 0.082812 0.041667
0 0.984375 0.482292 0.028125 0.014583
