0 0.802344 0.546875 0.089063 0.039583
0 0.890625 0.561458 0.090625 0.039583
0 0.965625 0.576042 0.065625 0.035417
0 0.174219 0.540625 0.198437 0.081250
0 0.186719 0.696875 0.192188 0.085417
0 0.375781 0.364583 0.154688 0.050000
0 0.038281 0.184375 0.076563 0.068750
0 0.189062 0.086458 0.203125 0.068750
0 0.186719 0.192708 0.204687 0.060417
0 0.389844 0.111458 0.157812 0.081250
0 0.385156 0.216667 0.160938 0.066667
0 0.522656 0.162500 0.114062 0.070833
0 0.523438 0.245833 0.125000 0.062500
0 0.515625 0.366667 0.125000 0.045833
0 0.618750 0.268750 0.081250 0.058333
0 0.617188 0.431250 0.090625 0.041667
0 0.614062 0.504167 0.081250 0.045833
0 0.611719 0.575000 0.082812 0.058333
0 0.734375 0.532292 0.043750 0.035417
0 0.735938 0.502083 0.043750 0.029167
0 0.692969 0.379167 0.057813 0.033333
0 0.620313 0.032292 0.075000 0.064583
0 0.689063 0.075000 0.059375 0.062500
0 0.810156 0.181250 0.029687 0.037500
0 0.832812 0.202083 0.018750 0.033333
0 0.744531 0.309375 0.045312 0.035417
0 0.803906 0.051042 0.023438 0.039583
0 0.824219 0.079167 0.020313 0.033333
0 0.038281 0.711458 0.076563 0.056250
0 0.032813 0.591667 0.065625 0.062500
0 0.694531 0.293750 0.054688 0.033333
0 0.692187 0.267708 0.056250 0.031250
0 0.695312 0.241667 0.056250 0.033333
0 0.696094 0.215625 0.054688 0.031250
0 0.694531 0.189583 0.054688 0.037500
0 0.696094 0.164583 0.057813 0.041667
0 0.694531 0.138542 0.054688 0.039583
0 0.776563 0.154167 0.034375 0.033333
0 0.778125 0.134375 0.031250 0.022917
0 0.779687 0.121875 0.034375 0.022917
0 0.778125 0.102083 0.028125 0.016667
0 0.778906 0.087500 0.035937 0.020833
0 0.771875 0.069792 0.018750 0.010417
0 0.740625 0.126042 0.034375 0.031250
0 0.742969 0.105208 0.032813 0.022917
0 0.739062 0.086458 0.025000 0.022917
0 0.739844 0.069792 0.029687 0.022917
0 0.741406 0.053125 0.035937 0.022917
0 0.737500 0.028125 0.037500 0.018750
