0 0.883854 0.133333 0.103125 0.109259
0 0.967708 0.076852 0.062500 0.098148
0 0.760156 0.194444 0.142187 0.072222
0 0.669531 0.231481 0.032813 0.046296
0 0.670312 0.290741 0.027083 0.050000
0 0.772656 0.264815 0.171354 0.053704
0 0.632031 0.324537 0.040104 0.026852
0 0.599740 0.347685 0.029687 0.026852
0 0.600781 0.306481 0.024479 0.024074
0 0.577344 0.365278 0.015104 0.021296
0 0.077865 0.075463 0.150521 0.143519
0 0.417969 0.637037 0.092188 0.055556
0 0.396615 0.585648 0.131771 0.036111
0 0.151302 0.256019 0.220312 0.084259
0 0.270833 0.282870 0.037500 0.062037
0 0.290625 0.313889 0.065625 0.053704
0 0.321875 0.336111 0.038542 0.044444
0 0.340104 0.357870 0.023958 0.023148
0 0.357031 0.367593 0.013021 0.020370
0 0.342187 0.405093 0.023958 0.037963
0 0.354948 0.411574 0.013021 0.021296
0 0.309635 0.160185 0.072396 0.046296
0 0.344792 0.186574 0.025000 0.043519
0 0.648438 0.185648 0.093750 0.060185
0 0.666406 0.123148 0.071354 0.055556
0 0.612760 0.228704 0.074479 0.040741
0 0.623698 0.015741 0.024479 0.031481
0 0.609635 0.050000 0.021354 0.040741
0 0.593229 0.076389 0.013542 0.039815
