0 0.696094 0.353125 0.129688 0.047917
0 0.719531 0.463542 0.057813 0.031250
0 0.877344 0.441667 0.026562 0.020833
0 0.822656 0.275000 0.020313 0.008333
0 0.820312 0.286458 0.021875 0.010417
0 0.843750 0.280208 0.018750 0.010417
0 0.844531 0.292708 0.020313 0.010417
0 0.840625 0.319792 0.021875 0.010417
0 0.817969 0.326042 0.020313 0.010417
0 0.863281 0.326042 0.020313 0.010417
0 0.839844 0.332292 0.020313 0.010417
0 0.861719 0.337500 0.020313 0.012500
0 0.835938 0.380208 0.021875 0.010417
0 0.833594 0.392708 0.020313 0.010417
