0 0.810937 0.661458 0.162500 0.197917
0 0.465625 0.309375 0.096875 0.039583
0 0.581250 0.190625 0.021875 0.014583
0 0.603906 0.194792 0.020313 0.010417
0 0.579688 0.227083 0.021875 0.012500
0 0.603906 0.233333 0.023438 0.016667
0 0.577344 0.239583 0.023438 0.012500
0 0.603906 0.243750 0.020313 0.012500
0 0.600000 0.268750 0.021875 0.016667
0 0.622656 0.273958 0.020313 0.014583
0 0.575000 0.278125 0.021875 0.014583
0 0.599219 0.282292 0.020313 0.010417
0 0.622656 0.286458 0.020313 0.010417
0 0.573438 0.289583 0.021875 0.012500
0 0.599219 0.292708 0.020313 0.014583
0 0.620313 0.296875 0.021875 0.014583
0 0.570312 0.322917 0.021875 0.012500
0 0.594531 0.327083 0.020313 0.012500
0 0.569531 0.334375 0.023438 0.014583
0 0.592969 0.339583 0.017188 0.012500
