0 0.876042 0.305556 0.102083 0.109259
0 0.798698 0.228241 0.058854 0.093519
0 0.806510 0.332407 0.057813 0.090741
0 0.758333 0.262963 0.038542 0.074074
0 0.887500 0.552778 0.085417 0.088889
0 0.891406 0.803241 0.075521 0.106481
0 0.775781 0.687037 0.052604 0.062963
0 0.736458 0.605556 0.037500 0.037037
0 0.304167 0.792130 0.104167 0.167593
0 0.208073 0.932870 0.102604 0.130556
0 0.102083 0.138889 0.197917 0.235185
0 0.241146 0.231944 0.104167 0.175000
0 0.320312 0.297685 0.054167 0.084259
0 0.367969 0.333796 0.041146 0.056481
0 0.399219 0.353704 0.024479 0.038889
0 0.421354 0.367130 0.018750 0.034259
0 0.445573 0.388889 0.031771 0.022222
0 0.444271 0.639815 0.027083 0.050000
0 0.377604 0.686574 0.044792 0.069444
0 0.471615 0.582870 0.020313 0.043519
0 0.448437 0.579630 0.020833 0.031481
0 0.724479 0.376389 0.038542 0.056481
0 0.787240 0.027315 0.033854 0.054630
0 0.757812 0.059722 0.035417 0.062037
0 0.721875 0.126389 0.031250 0.078704
0 0.690625 0.175463 0.027083 0.062037
0 0.702083 0.056944 0.030208 0.054630
0 0.967448 0.799074 0.064062 0.133333
0 0.968750 0.653241 0.058333 0.071296
0 0.963542 0.262963 0.062500 0.103704
0 0.617188 0.354167 0.076042 0.037963
0 0.614583 0.389815 0.081250 0.027778
0 0.614323 0.414815 0.084896 0.020370
0 0.613021 0.436111 0.085417 0.014815
0 0.612240 0.458796 0.084896 0.023148
0 0.613021 0.482407 0.085417 0.020370
0 0.611979 0.508333 0.081250 0.016667
0 0.613021 0.529630 0.083333 0.025926
0 0.612760 0.554167 0.082812 0.021296
0 0.615104 0.575463 0.081250 0.025000
0 0.616406 0.597685 0.073438 0.015741
0 0.695833 0.373611 0.017708 0.028704
0 0.679688 0.379630 0.008333 0.020370
