0 0.217969 0.667708 0.385937 0.156250
0 0.494531 0.651042 0.195312 0.089583
0 0.685156 0.639583 0.164062 0.066667
0 0.853125 0.630208 0.068750 0.052083
0 0.854688 0.495833 0.059375 0.058333
0 0.910156 0.561458 0.045312 0.031250
0 0.928906 0.494792 0.082812 0.035417
0 0.947656 0.565625 0.029687 0.014583
0 0.903906 0.635417 0.064062 0.041667
0 0.942187 0.625000 0.037500 0.041667
0 0.715625 0.146875 0.156250 0.114583
0 0.713281 0.206250 0.148438 0.108333
0 0.570312 0.079167 0.196875 0.158333
0 0.811719 0.265625 0.057813 0.089583
0 0.864062 0.302083 0.050000 0.087500
0 0.913281 0.336458 0.048438 0.068750
0 0.952344 0.369792 0.029687 0.047917
0 0.980469 0.393750 0.026562 0.033333
0 0.977344 0.327083 0.029687 0.037500
0 0.917969 0.270833 0.076563 0.070833
0 0.856250 0.030208 0.093750 0.056250
0 0.915625 0.084375 0.056250 0.106250
0 0.956250 0.136458 0.037500 0.081250
0 0.986719 0.183333 0.020313 0.062500
0 0.975781 0.568750 0.026562 0.020833
