0 0.410938 0.454167 0.256250 0.075000
0 0.418750 0.708333 0.231250 0.129167
0 0.638281 0.527083 0.142187 0.066667
0 0.636719 0.641667 0.139063 0.095833
0 0.683594 0.397917 0.217188 0.066667
0 0.750000 0.500000 0.078125 0.070833
0 0.740625 0.593750 0.078125 0.083333
0 0.809375 0.492708 0.065625 0.047917
0 0.808594 0.565625 0.060937 0.047917
0 0.860938 0.438542 0.050000 0.039583
0 0.906250 0.442708 0.050000 0.031250
0 0.975781 0.496875 0.045312 0.027083
0 0.975781 0.535417 0.048438 0.033333
0 0.916406 0.509375 0.023438 0.031250
0 0.890625 0.526042 0.018750 0.043750
0 0.852344 0.542708 0.042188 0.052083
0 0.183594 0.053125 0.295312 0.102083
0 0.433594 0.098958 0.235937 0.131250
0 0.646094 0.076042 0.167187 0.114583
0 0.643750 0.182292 0.146875 0.102083
0 0.746875 0.229167 0.081250 0.095833
0 0.814844 0.269792 0.057813 0.060417
0 0.803906 0.193750 0.070312 0.066667
0 0.868750 0.295833 0.043750 0.050000
0 0.741406 0.018750 0.114062 0.033333
0 0.793750 0.045833 0.093750 0.066667
0 0.837500 0.096875 0.084375 0.060417
0 0.852344 0.046875 0.054688 0.052083
0 0.918750 0.329167 0.021875 0.029167
0 0.916406 0.254167 0.023438 0.033333
