0 0.832812 0.678125 0.221875 0.152083
0 0.828125 0.779167 0.206250 0.075000
0 0.821875 0.820833 0.209375 0.075000
0 0.600000 0.682292 0.240625 0.072917
0 0.601562 0.810417 0.225000 0.058333
0 0.353125 0.792708 0.225000 0.085417
0 0.966406 0.040625 0.067187 0.056250
0 0.610156 0.108333 0.235937 0.058333
0 0.843750 0.260417 0.196875 0.083333
0 0.612500 0.233333 0.250000 0.066667
0 0.382812 0.115625 0.209375 0.072917
0 0.368750 0.234375 0.225000 0.072917
0 0.157031 0.151042 0.157812 0.085417
0 0.019531 0.734375 0.035937 0.047917
