0 0.467187 0.571875 0.246875 0.081250
0 0.472656 0.740625 0.214062 0.097917
0 0.182031 0.780208 0.357812 0.172917
0 0.803906 0.698958 0.120313 0.064583
0 0.902344 0.684375 0.079687 0.039583
0 0.956250 0.675000 0.028125 0.050000
0 0.779687 0.086458 0.165625 0.168750
0 0.902344 0.148958 0.082812 0.118750
0 0.968750 0.209375 0.050000 0.122917
0 0.967969 0.109375 0.057813 0.089583
0 0.676562 0.145833 0.137500 0.125000
0 0.489844 0.079167 0.273438 0.154167
0 0.672656 0.607292 0.154688 0.056250
0 0.672656 0.662500 0.154688 0.054167
0 0.671875 0.730208 0.156250 0.081250
