0 0.035417 0.143056 0.064583 0.106481
0 0.115885 0.189815 0.101562 0.137037
0 0.200260 0.258796 0.061979 0.078704
0 0.121094 0.707870 0.073438 0.108333
0 0.129167 0.889352 0.092708 0.145370
0 0.042188 0.971759 0.037500 0.050926
0 0.195052 0.751852 0.059896 0.085185
0 0.196354 0.796296 0.059375 0.090741
0 0.261458 0.728704 0.051042 0.087037
0 0.261458 0.596759 0.040625 0.050926
0 0.297656 0.615278 0.029687 0.043519
0 0.297135 0.687500 0.026562 0.043519
0 0.644792 0.697222 0.046875 0.062963
0 0.867708 0.345370 0.203125 0.142593
0 0.749219 0.378704 0.081771 0.090741
0 0.747656 0.219444 0.076563 0.137037
0 0.691667 0.405093 0.052083 0.041667
0 0.648958 0.406944 0.045833 0.056481
0 0.617188 0.386574 0.025000 0.039815
0 0.618750 0.417130 0.026042 0.045370
0 0.596875 0.397222 0.019792 0.033333
0 0.597396 0.426389 0.017708 0.034259
0 0.583594 0.428704 0.011979 0.029630
0 0.571875 0.430093 0.012500 0.025000
0 0.586458 0.532407 0.021875 0.025926
0 0.559635 0.524074 0.020313 0.024074
0 0.257031 0.295370 0.040104 0.057407
0 0.292708 0.318981 0.033333 0.050926
0 0.321615 0.340741 0.025521 0.044444
0 0.341927 0.351852 0.013021 0.037037
0 0.353646 0.311574 0.015625 0.026852
0 0.356510 0.360648 0.010937 0.028704
0 0.368490 0.368056 0.013021 0.025000
0 0.319010 0.116204 0.025521 0.080556
0 0.286719 0.057407 0.032813 0.079630
0 0.339583 0.149537 0.019792 0.075000
0 0.423177 0.535648 0.041146 0.023148
0 0.465885 0.533796 0.042188 0.025000
0 0.505469 0.532407 0.034896 0.024074
0 0.584635 0.181019 0.019271 0.063889
0 0.571875 0.210185 0.008333 0.050000
0 0.561719 0.548148 0.022396 0.024074
0 0.362500 0.581019 0.073958 0.030556
0 0.356771 0.188426 0.017708 0.047222
0 0.377865 0.375463 0.008854 0.025000
0 0.388802 0.381481 0.011979 0.024074
