0 0.756250 0.047917 0.215625 0.095833
0 0.475781 0.130208 0.345313 0.147917
0 0.153125 0.058333 0.306250 0.104167
0 0.132812 0.756250 0.259375 0.120833
0 0.439844 0.511458 0.401562 0.118750
0 0.435937 0.682292 0.368750 0.156250
0 0.715625 0.588542 0.137500 0.081250
0 0.812500 0.277083 0.112500 0.062500
0 0.846875 0.515625 0.125000 0.043750
0 0.921094 0.500000 0.020313 0.025000
0 0.888281 0.309375 0.032813 0.039583
0 0.879687 0.113542 0.034375 0.068750
0 0.907031 0.152083 0.023438 0.050000
0 0.943750 0.213542 0.021875 0.039583
0 0.924219 0.182292 0.014063 0.031250
0 0.913281 0.323958 0.020313 0.031250
0 0.929688 0.335417 0.012500 0.025000
0 0.946875 0.346875 0.012500 0.018750
