0 0.547656 0.144792 0.267188 0.152083
0 0.539062 0.213542 0.259375 0.160417
0 0.738281 0.278125 0.142187 0.114583
0 0.848437 0.277083 0.075000 0.083333
0 0.843750 0.318750 0.075000 0.058333
0 0.895312 0.304167 0.043750 0.050000
0 0.896094 0.343750 0.045312 0.054167
0 0.213281 0.168750 0.401562 0.166667
0 0.501563 0.605208 0.312500 0.135417
0 0.213281 0.941667 0.360938 0.108333
0 0.499219 0.857292 0.264062 0.160417
0 0.707031 0.752083 0.145313 0.125000
0 0.850000 0.619792 0.081250 0.068750
0 0.929688 0.356250 0.028125 0.058333
0 0.293750 0.398958 0.078125 0.027083
