0 0.479687 0.771875 0.200000 0.135417
0 0.629687 0.743750 0.106250 0.108333
0 0.741406 0.710417 0.076563 0.058333
0 0.807813 0.697917 0.084375 0.062500
0 0.785937 0.145833 0.071875 0.112500
0 0.842969 0.214583 0.060937 0.116667
0 0.892969 0.267708 0.042188 0.072917
0 0.933594 0.315625 0.029687 0.060417
0 0.958594 0.346875 0.029687 0.052083
0 0.673438 0.060417 0.128125 0.116667
0 0.909375 0.034375 0.053125 0.047917
0 0.950000 0.092708 0.043750 0.081250
0 0.910937 0.672917 0.043750 0.041667
0 0.950000 0.664583 0.037500 0.041667
0 0.749219 0.529167 0.045312 0.037500
