0 0.916406 0.779167 0.167187 0.229167
0 0.822656 0.653125 0.054688 0.131250
0 0.784375 0.479167 0.040625 0.045833
0 0.842969 0.375000 0.142187 0.045833
0 0.770312 0.381250 0.021875 0.029167
0 0.753906 0.382292 0.017188 0.027083
0 0.733594 0.377083 0.017188 0.020833
0 0.730469 0.437500 0.017188 0.033333
0 0.746875 0.450000 0.015625 0.033333
0 0.764844 0.460417 0.014063 0.029167
0 0.728906 0.493750 0.017188 0.029167
0 0.742969 0.512500 0.010937 0.025000
0 0.756250 0.529167 0.015625 0.037500
0 0.785937 0.589583 0.043750 0.070833
