0 0.685156 0.381019 0.244271 0.136111
0 0.914323 0.398611 0.167187 0.171296
0 0.684896 0.068056 0.239583 0.125000
0 0.861719 0.025463 0.110937 0.032407
0 0.461198 0.069907 0.143229 0.134259
0 0.369010 0.130093 0.053646 0.100926
0 0.366667 0.027778 0.066667 0.040741
0 0.314844 0.050463 0.042188 0.082407
0 0.274479 0.081481 0.043750 0.070370
0 0.277604 0.170833 0.039583 0.063889
0 0.321354 0.150463 0.055208 0.082407
0 0.397917 0.426852 0.208333 0.057407
0 0.407552 0.522222 0.209896 0.070370
0 0.280469 0.411111 0.036979 0.061111
0 0.288021 0.498611 0.032292 0.045370
