0 0.057031 0.054167 0.114062 0.062500
0 0.050781 0.176042 0.098437 0.056250
0 0.239063 0.077083 0.187500 0.079167
0 0.227344 0.181250 0.192188 0.070833
0 0.403906 0.210417 0.164062 0.075000
0 0.504687 0.161458 0.190625 0.068750
0 0.539062 0.237500 0.118750 0.062500
0 0.641406 0.269792 0.082812 0.052083
0 0.641406 0.196875 0.085938 0.064583
0 0.642188 0.036458 0.081250 0.072917
0 0.703906 0.076042 0.051562 0.064583
0 0.700781 0.027083 0.048438 0.054167
0 0.746875 0.117708 0.040625 0.047917
0 0.707031 0.229167 0.051562 0.050000
0 0.707031 0.289583 0.057813 0.045833
0 0.385937 0.543750 0.143750 0.066667
0 0.217188 0.362500 0.190625 0.058333
0 0.047656 0.395833 0.095312 0.075000
0 0.050000 0.529167 0.100000 0.075000
0 0.059375 0.725000 0.118750 0.079167
0 0.385156 0.645833 0.151562 0.083333
0 0.530469 0.494792 0.157812 0.060417
0 0.528125 0.608333 0.143750 0.070833
0 0.641406 0.376042 0.067187 0.031250
0 0.750000 0.308333 0.037500 0.033333
0 0.783594 0.154167 0.039062 0.045833
0 0.703906 0.380208 0.064062 0.031250
0 0.753906 0.429167 0.042188 0.029167
0 0.749219 0.484375 0.045312 0.031250
0 0.746094 0.532292 0.039062 0.035417
0 0.861719 0.516667 0.070312 0.029167
0 0.925781 0.527083 0.067187 0.033333
0 0.978906 0.536458 0.042188 0.027083
0 0.791406 0.389583 0.029687 0.020833
0 0.810937 0.485417 0.025000 0.020833
0 0.810156 0.507292 0.026562 0.027083
0 0.817969 0.332292 0.026562 0.027083
0 0.793750 0.325000 0.028125 0.025000
0 0.792188 0.307292 0.031250 0.018750
0 0.791406 0.287500 0.029687 0.016667
0 0.790625 0.268750 0.028125 0.025000
0 0.792188 0.247917 0.025000 0.020833
0 0.796094 0.229167 0.026562 0.020833
0 0.790625 0.208333 0.018750 0.020833
0 0.817969 0.186458 0.020313 0.018750
0 0.814063 0.170833 0.021875 0.025000
0 0.810937 0.154167 0.021875 0.020833
0 0.810937 0.135417 0.025000 0.020833
