0 0.770573 0.928241 0.098437 0.143519
0 0.902604 0.903241 0.156250 0.187963
0 0.890365 0.349537 0.219271 0.134259
0 0.746875 0.379630 0.072917 0.090741
0 0.680208 0.406944 0.055208 0.067593
0 0.634115 0.418981 0.032813 0.045370
0 0.608333 0.423611 0.020833 0.036111
0 0.586979 0.424537 0.021875 0.032407
0 0.100781 0.184722 0.101562 0.126852
0 0.023958 0.125463 0.046875 0.115741
0 0.187240 0.250000 0.073438 0.092593
0 0.241927 0.291667 0.044271 0.062963
0 0.279427 0.321296 0.033854 0.051852
0 0.309115 0.339352 0.025521 0.041667
0 0.326562 0.352778 0.018750 0.037037
0 0.303125 0.116667 0.022917 0.081481
0 0.272135 0.050926 0.031771 0.077778
0 0.245573 0.740741 0.033854 0.077778
0 0.277344 0.700463 0.028646 0.071296
0 0.305208 0.662500 0.019792 0.049074
0 0.327083 0.644907 0.025000 0.045370
0 0.357292 0.607870 0.012500 0.032407
0 0.633854 0.041204 0.044792 0.078704
0 0.611198 0.085185 0.040104 0.081481
0 0.583333 0.146296 0.025000 0.083333
0 0.568229 0.184259 0.013542 0.064815
0 0.429688 0.518056 0.022917 0.010185
0 0.456771 0.516204 0.026042 0.010185
0 0.485156 0.513889 0.025521 0.011111
