0 0.631250 0.702083 0.215625 0.129167
0 0.815625 0.542708 0.228125 0.064583
0 0.802344 0.636458 0.226562 0.085417
0 0.285156 0.057292 0.345313 0.114583
0 0.402344 0.064583 0.332813 0.125000
0 0.572656 0.117708 0.207813 0.106250
0 0.690625 0.173958 0.071875 0.072917
0 0.730469 0.213542 0.051562 0.039583
0 0.763281 0.248958 0.051562 0.043750
0 0.772656 0.220833 0.029687 0.041667
0 0.746875 0.302083 0.084375 0.037500
0 0.799219 0.317708 0.020313 0.018750
0 0.796875 0.264583 0.028125 0.033333
0 0.745313 0.032292 0.056250 0.060417
