0 0.576042 0.758333 0.276042 0.200000
0 0.401562 0.630556 0.080208 0.124074
0 0.339323 0.557870 0.065104 0.078704
0 0.294010 0.510185 0.042188 0.068519
0 0.269010 0.469444 0.040104 0.046296
0 0.388542 0.247222 0.079167 0.068519
0 0.322396 0.256019 0.063542 0.054630
0 0.277604 0.260648 0.037500 0.039815
0 0.261198 0.221759 0.047396 0.036111
0 0.233073 0.275463 0.018229 0.032407
0 0.218490 0.279630 0.019271 0.033333
0 0.205208 0.381944 0.025000 0.023148
0 0.247656 0.082407 0.029687 0.050000
0 0.230208 0.092593 0.021875 0.048148
0 0.217448 0.106944 0.006771 0.050926
0 0.209375 0.125000 0.016667 0.053704
0 0.009115 0.403704 0.017188 0.042593
0 0.016927 0.131944 0.016146 0.041667
0 0.033594 0.381944 0.017188 0.030556
