0 0.459375 0.103125 0.221875 0.147917
0 0.639844 0.177083 0.160938 0.100000
0 0.757031 0.201042 0.104688 0.081250
0 0.760938 0.247917 0.090625 0.075000
0 0.825781 0.278125 0.039062 0.052083
0 0.864062 0.297917 0.031250 0.054167
0 0.441406 0.332292 0.357812 0.077083
0 0.731250 0.589583 0.134375 0.075000
0 0.553906 0.679167 0.164062 0.104167
0 0.337500 0.735417 0.268750 0.145833
0 0.857031 0.444792 0.039062 0.027083
0 0.889844 0.478125 0.032813 0.027083
0 0.888281 0.528125 0.029687 0.039583
0 0.854688 0.541667 0.043750 0.050000
0 0.895312 0.423958 0.059375 0.022917
0 0.914844 0.466667 0.023438 0.020833
0 0.907031 0.514583 0.026562 0.033333
0 0.893750 0.315625 0.037500 0.039583
0 0.886719 0.255208 0.054688 0.043750
0 0.926562 0.296875 0.025000 0.031250
0 0.911719 0.331250 0.020313 0.033333
0 0.928125 0.341667 0.015625 0.029167
0 0.944531 0.348958 0.014063 0.022917
0 0.940625 0.439583 0.018750 0.020833
0 0.936719 0.501042 0.026562 0.031250
0 0.857812 0.092708 0.037500 0.056250
0 0.808594 0.041667 0.064062 0.079167
0 0.879687 0.058333 0.034375 0.058333
0 0.882031 0.141667 0.032813 0.062500
0 0.905469 0.173958 0.023438 0.056250
0 0.906250 0.134375 0.021875 0.052083
0 0.925781 0.208333 0.023438 0.045833
0 0.928906 0.136458 0.023438 0.035417
0 0.926562 0.171875 0.018750 0.035417
