0 0.135156 0.039583 0.270313 0.079167
0 0.449219 0.092708 0.273438 0.152083
0 0.667188 0.175000 0.162500 0.125000
0 0.123438 0.525000 0.246875 0.150000
0 0.133594 0.939583 0.267188 0.120833
0 0.442969 0.584375 0.292187 0.139583
0 0.446875 0.764583 0.268750 0.175000
0 0.775000 0.084375 0.112500 0.106250
0 0.796094 0.235417 0.089063 0.087500
0 0.882812 0.344792 0.059375 0.047917
0 0.899219 0.566667 0.039062 0.029167
0 0.851562 0.616667 0.040625 0.058333
0 0.856250 0.080208 0.046875 0.072917
0 0.034375 0.283333 0.059375 0.025000
0 0.035937 0.323958 0.062500 0.027083
0 0.436719 0.292708 0.048438 0.022917
0 0.615625 0.330208 0.034375 0.014583
0 0.614844 0.341667 0.035937 0.016667
0 0.575000 0.338542 0.034375 0.018750
0 0.647656 0.053125 0.164062 0.106250
