0 0.485938 0.478125 0.171875 0.097917
0 0.250781 0.505208 0.307812 0.135417
0 0.282813 0.830208 0.243750 0.156250
0 0.028906 0.755208 0.054688 0.114583
0 0.051562 0.901042 0.103125 0.110417
0 0.482812 0.725000 0.159375 0.145833
0 0.615625 0.668750 0.118750 0.104167
0 0.620313 0.500000 0.109375 0.070833
0 0.825000 0.537500 0.143750 0.058333
0 0.902344 0.513542 0.020313 0.043750
0 0.227344 0.076042 0.360938 0.147917
0 0.466406 0.301042 0.070312 0.043750
0 0.386719 0.306250 0.064062 0.037500
0 0.710938 0.595833 0.056250 0.054167
0 0.710938 0.559375 0.056250 0.043750
0 0.708594 0.522917 0.057813 0.041667
0 0.706250 0.488542 0.062500 0.043750
0 0.711719 0.448958 0.070312 0.043750
0 0.649219 0.408333 0.179688 0.033333
0 0.660937 0.371875 0.171875 0.035417
0 0.637500 0.335417 0.228125 0.029167
0 0.637500 0.295833 0.221875 0.037500
0 0.641406 0.263542 0.201563 0.031250
0 0.673438 0.215625 0.134375 0.060417
0 0.910937 0.323958 0.031250 0.010417
0 0.910937 0.273958 0.031250 0.010417
