0 0.053646 0.400463 0.107292 0.100926
0 0.054167 0.327315 0.108333 0.091667
0 0.158333 0.412500 0.113542 0.073148
0 0.050000 0.769907 0.100000 0.136111
0 0.154688 0.923148 0.120833 0.153704
0 0.272917 0.740278 0.078125 0.082407
0 0.246615 0.377778 0.071354 0.059259
0 0.297656 0.388426 0.038021 0.037963
0 0.245312 0.423611 0.066667 0.050926
0 0.296094 0.428241 0.041146 0.041667
0 0.399219 0.607407 0.016146 0.031481
0 0.332292 0.425926 0.035417 0.038889
0 0.359375 0.433333 0.019792 0.018519
0 0.380729 0.431944 0.023958 0.023148
0 0.377604 0.375463 0.023958 0.028704
0 0.400781 0.431944 0.017188 0.021296
0 0.413021 0.434259 0.009375 0.020370
0 0.324219 0.105556 0.034896 0.088889
0 0.354167 0.156944 0.031250 0.069444
0 0.374740 0.169444 0.016146 0.037037
0 0.373177 0.193981 0.020313 0.039815
0 0.390885 0.197222 0.019271 0.042593
0 0.390104 0.218056 0.018750 0.037963
0 0.406250 0.240278 0.013542 0.036111
0 0.401042 0.051852 0.013542 0.048148
0 0.417448 0.260185 0.008854 0.027778
0 0.420573 0.435648 0.009896 0.017593
0 0.849740 0.084259 0.115104 0.168519
0 0.762500 0.169907 0.068750 0.132407
0 0.701302 0.241204 0.044271 0.078704
0 0.670052 0.281019 0.024479 0.050926
0 0.648958 0.304630 0.015625 0.037037
0 0.632292 0.320370 0.017708 0.042593
0 0.700000 0.650926 0.031250 0.061111
0 0.672656 0.577315 0.032813 0.052778
0 0.675521 0.707407 0.035417 0.074074
0 0.636198 0.550463 0.019271 0.036111
0 0.641406 0.637963 0.020313 0.038889
0 0.620833 0.612037 0.012500 0.029630
0 0.642969 0.051852 0.027604 0.083333
0 0.617188 0.337500 0.011458 0.032407
0 0.614323 0.143981 0.010937 0.056481
0 0.605990 0.174537 0.009896 0.047222
0 0.607292 0.349074 0.010417 0.027778
0 0.598177 0.357407 0.007812 0.027778
0 0.597396 0.206019 0.007292 0.034259
0 0.589323 0.221759 0.006771 0.034259
