0 0.545312 0.453125 0.193750 0.068750
0 0.301563 0.571875 0.268750 0.106250
0 0.086719 0.408333 0.164062 0.108333
0 0.085156 0.601042 0.167187 0.106250
0 0.092969 0.765625 0.185938 0.114583
0 0.314063 0.718750 0.256250 0.116667
0 0.557813 0.635417 0.156250 0.112500
0 0.679688 0.591667 0.100000 0.083333
0 0.761719 0.564583 0.073438 0.070833
0 0.725781 0.439583 0.139063 0.045833
0 0.910156 0.529167 0.129688 0.045833
0 0.907031 0.596875 0.120313 0.052083
0 0.574219 0.161458 0.170313 0.122917
0 0.769531 0.252083 0.054688 0.062500
0 0.839844 0.295833 0.079687 0.045833
0 0.769531 0.140625 0.057813 0.064583
0 0.342969 0.091667 0.242188 0.116667
0 0.107813 0.058333 0.209375 0.095833
