0 0.546875 0.568750 0.200000 0.125000
0 0.545312 0.812500 0.196875 0.145833
0 0.238281 0.918750 0.304688 0.154167
0 0.717187 0.730208 0.140625 0.127083
0 0.883594 0.609375 0.051562 0.064583
0 0.921875 0.579167 0.031250 0.050000
0 0.907031 0.494792 0.057813 0.039583
0 0.966406 0.546875 0.020313 0.035417
0 0.945312 0.553125 0.025000 0.043750
0 0.600000 0.044792 0.184375 0.085417
0 0.753906 0.100000 0.126562 0.137500
0 0.851562 0.193750 0.078125 0.079167
0 0.910937 0.239583 0.031250 0.058333
0 0.938281 0.266667 0.026562 0.050000
0 0.957031 0.292708 0.014063 0.043750
0 0.973437 0.305208 0.025000 0.035417
