0 0.612500 0.587500 0.421875 0.108333
0 0.613281 0.753125 0.395313 0.131250
0 0.221094 0.803125 0.435937 0.177083
0 0.416406 0.042708 0.167187 0.081250
0 0.444531 0.112500 0.257812 0.108333
0 0.560156 0.207292 0.142187 0.093750
0 0.600781 0.170833 0.060937 0.075000
0 0.579688 0.293750 0.093750 0.083333
0 0.649219 0.333333 0.048438 0.066667
0 0.652344 0.253125 0.051562 0.068750
0 0.714844 0.228125 0.029687 0.043750
0 0.709375 0.293750 0.028125 0.041667
0 0.714063 0.172917 0.025000 0.041667
0 0.665625 0.032292 0.068750 0.052083
0 0.852344 0.631250 0.085938 0.025000
