0 0.891406 0.752083 0.217188 0.137500
0 0.723437 0.593750 0.209375 0.120833
0 0.688281 0.654167 0.135937 0.070833
0 0.750781 0.234375 0.276562 0.093750
0 0.740625 0.385417 0.103125 0.041667
0 0.734375 0.523958 0.090625 0.043750
0 0.487500 0.956250 0.181250 0.079167
0 0.383594 0.921875 0.420312 0.156250
0 0.380469 0.851042 0.451562 0.235417
0 0.374219 0.745833 0.479687 0.204167
0 0.372656 0.637500 0.489063 0.216667
0 0.364844 0.496875 0.523438 0.177083
0 0.364063 0.331250 0.525000 0.154167
0 0.379688 0.184375 0.556250 0.139583
0 0.376563 0.086458 0.503125 0.164583
