0 0.083594 0.851042 0.167187 0.127083
0 0.413281 0.703125 0.448437 0.189583
0 0.371875 0.104167 0.331250 0.125000
0 0.639844 0.195833 0.201563 0.100000
0 0.774219 0.247917 0.073438 0.062500
0 0.682813 0.581250 0.106250 0.091667
0 0.775000 0.542708 0.084375 0.060417
0 0.843750 0.512500 0.053125 0.041667
0 0.853125 0.302083 0.050000 0.037500
0 0.892969 0.322917 0.032813 0.033333
0 0.885938 0.491667 0.034375 0.033333
0 0.911719 0.480208 0.023438 0.027083
0 0.928906 0.472917 0.010937 0.020833
0 0.953906 0.461458 0.010937 0.014583
0 0.917188 0.333333 0.018750 0.025000
0 0.791406 0.038542 0.070312 0.077083
0 0.846094 0.094792 0.042188 0.064583
