0 0.430990 0.573148 0.126562 0.053704
0 0.564063 0.567593 0.132292 0.046296
0 0.563802 0.660185 0.121354 0.051852
0 0.432812 0.665278 0.126042 0.043519
0 0.431771 0.312037 0.127083 0.044444
0 0.428646 0.213426 0.129167 0.041667
0 0.566667 0.207870 0.126042 0.041667
0 0.569271 0.303704 0.129167 0.050000
0 0.698438 0.306019 0.134375 0.050926
0 0.702865 0.201852 0.128646 0.059259
0 0.702865 0.115278 0.134896 0.045370
0 0.564583 0.115741 0.135417 0.057407
0 0.847917 0.301389 0.167708 0.063889
0 0.975521 0.326389 0.044792 0.045370
0 0.977604 0.228704 0.040625 0.042593
0 0.978646 0.138426 0.042708 0.037963
