0 0.140625 0.037500 0.196875 0.070833
0 0.124219 0.159375 0.214062 0.077083
0 0.331250 0.077083 0.190625 0.087500
0 0.325000 0.183333 0.193750 0.083333
0 0.496875 0.218750 0.134375 0.079167
0 0.600000 0.250000 0.087500 0.062500
0 0.667188 0.215625 0.056250 0.056250
0 0.714063 0.241667 0.043750 0.041667
0 0.668750 0.278125 0.053125 0.043750
0 0.715625 0.297917 0.043750 0.037500
0 0.521094 0.578125 0.214062 0.072917
0 0.594531 0.382292 0.192188 0.047917
0 0.592187 0.451042 0.190625 0.047917
0 0.710156 0.382292 0.039062 0.027083
0 0.654687 0.560417 0.056250 0.062500
0 0.736719 0.521875 0.029687 0.035417
0 0.738281 0.471875 0.029687 0.031250
0 0.753125 0.314583 0.031250 0.037500
0 0.762500 0.280208 0.053125 0.031250
0 0.601562 0.017708 0.053125 0.035417
0 0.657813 0.047917 0.059375 0.066667
0 0.710938 0.103125 0.037500 0.047917
0 0.749219 0.136458 0.035937 0.043750
0 0.773438 0.128125 0.028125 0.035417
0 0.773438 0.166667 0.028125 0.033333
0 0.881250 0.478125 0.043750 0.014583
0 0.925781 0.484375 0.045312 0.018750
0 0.967969 0.491667 0.042188 0.016667
0 0.770312 0.512500 0.037500 0.029167
0 0.771094 0.452083 0.035937 0.020833
0 0.777344 0.325000 0.023438 0.025000
0 0.800781 0.294792 0.020313 0.018750
0 0.800000 0.193750 0.021875 0.029167
0 0.800781 0.334375 0.020313 0.022917
0 0.817969 0.342708 0.014063 0.018750
0 0.799219 0.390625 0.014063 0.014583
0 0.817969 0.393750 0.017188 0.012500
0 0.829688 0.347917 0.012500 0.016667
0 0.828906 0.483333 0.014063 0.016667
0 0.848437 0.461458 0.009375 0.010417
0 0.830469 0.454167 0.014063 0.016667
0 0.832031 0.421875 0.014063 0.014583
0 0.843750 0.395833 0.009375 0.008333
0 0.817969 0.307292 0.014063 0.018750
0 0.816406 0.179167 0.014063 0.025000
0 0.815625 0.103125 0.018750 0.035417
