0 0.818750 0.042708 0.131250 0.085417
0 0.732812 0.096875 0.075000 0.102083
0 0.678125 0.144792 0.059375 0.077083
0 0.632031 0.182292 0.039062 0.047917
0 0.160938 0.035417 0.046875 0.070833
0 0.204687 0.085417 0.040625 0.062500
0 0.233594 0.116667 0.026562 0.050000
0 0.575000 0.241667 0.021875 0.037500
0 0.465625 0.384375 0.040625 0.010417
0 0.417969 0.385417 0.045312 0.012500
0 0.373437 0.385417 0.040625 0.012500
0 0.030469 0.521875 0.054688 0.060417
0 0.102344 0.497917 0.089063 0.062500
0 0.210156 0.455208 0.039062 0.035417
0 0.239844 0.439583 0.023438 0.029167
0 0.281250 0.425000 0.021875 0.025000
0 0.233594 0.348958 0.017188 0.018750
0 0.638281 0.452083 0.039062 0.033333
