0 0.600781 0.633333 0.257812 0.108333
0 0.769531 0.598958 0.117188 0.097917
0 0.287500 0.665625 0.290625 0.131250
0 0.066406 0.701042 0.132812 0.106250
0 0.084375 0.860417 0.150000 0.100000
0 0.300000 0.810417 0.265625 0.129167
0 0.306250 0.058333 0.300000 0.108333
0 0.074219 0.040625 0.139063 0.072917
0 0.721094 0.190625 0.114062 0.085417
0 0.718750 0.086458 0.109375 0.089583
0 0.804688 0.243750 0.071875 0.075000
0 0.865625 0.248958 0.053125 0.052083
0 0.861719 0.285417 0.054688 0.045833
0 0.900781 0.300000 0.026562 0.054167
0 0.925000 0.317708 0.021875 0.035417
0 0.921094 0.433333 0.029687 0.025000
0 0.919531 0.516667 0.029687 0.029167
0 0.856250 0.547917 0.050000 0.050000
0 0.686719 0.339583 0.204687 0.062500
0 0.942187 0.466667 0.018750 0.020833
0 0.939063 0.511458 0.018750 0.031250
0 0.950000 0.414583 0.037500 0.016667
0 0.767188 0.012500 0.096875 0.025000
0 0.843750 0.059375 0.065625 0.072917
0 0.888281 0.117708 0.035937 0.077083
0 0.919531 0.154167 0.017188 0.075000
0 0.937500 0.183333 0.021875 0.054167
0 0.955469 0.206250 0.014063 0.037500
0 0.943750 0.334375 0.018750 0.027083
0 0.942187 0.283333 0.028125 0.025000
0 0.961719 0.343750 0.017188 0.025000
0 0.982031 0.355208 0.023438 0.027083
0 0.953906 0.459375 0.017188 0.022917
0 0.955469 0.498958 0.014063 0.027083
