0 0.817708 0.809259 0.108333 0.157407
0 0.920052 0.865278 0.157812 0.212037
0 0.733073 0.717593 0.148438 0.098148
0 0.750000 0.567130 0.180208 0.073148
0 0.775781 0.378241 0.171354 0.041667
0 0.751823 0.048148 0.119271 0.077778
0 0.670573 0.085648 0.033854 0.104630
0 0.641927 0.141667 0.027604 0.068519
0 0.667969 0.324537 0.039062 0.062037
0 0.634375 0.352315 0.032292 0.041667
0 0.278385 0.425926 0.053646 0.061111
0 0.317969 0.430556 0.031771 0.048148
0 0.341927 0.433796 0.024479 0.041667
0 0.273698 0.069907 0.058854 0.136111
0 0.317448 0.132407 0.032813 0.098148
0 0.343490 0.185185 0.019271 0.075926
0 0.362240 0.187963 0.024479 0.066667
0 0.385677 0.228241 0.014063 0.039815
0 0.514583 0.465741 0.060417 0.025926
0 0.182552 0.767130 0.221354 0.102778
0 0.241406 0.221759 0.118229 0.086111
0 0.643750 0.260185 0.029167 0.038889
