0 0.141406 0.151042 0.223438 0.081250
0 0.352344 0.176042 0.195312 0.089583
0 0.516406 0.214583 0.135937 0.075000
0 0.523438 0.117708 0.134375 0.089583
0 0.640625 0.168750 0.103125 0.075000
0 0.636719 0.251042 0.101562 0.068750
0 0.718750 0.273958 0.065625 0.052083
0 0.448437 0.383333 0.265625 0.058333
0 0.449219 0.480208 0.257812 0.072917
0 0.311719 0.663542 0.260937 0.139583
0 0.509375 0.634375 0.137500 0.081250
0 0.698438 0.566667 0.068750 0.054167
0 0.633594 0.367708 0.092188 0.047917
0 0.744531 0.236458 0.101562 0.052083
0 0.773438 0.294792 0.046875 0.043750
0 0.763281 0.469792 0.067187 0.039583
0 0.700000 0.498958 0.059375 0.039583
0 0.762500 0.545833 0.059375 0.041667
0 0.707031 0.040625 0.076563 0.072917
0 0.764062 0.038542 0.046875 0.060417
0 0.767969 0.086458 0.048438 0.060417
0 0.811719 0.130208 0.039062 0.052083
0 0.839063 0.120833 0.028125 0.041667
0 0.841406 0.164583 0.026562 0.041667
0 0.932813 0.497917 0.053125 0.025000
0 0.978906 0.506250 0.042188 0.020833
0 0.812500 0.387500 0.031250 0.025000
0 0.813281 0.258333 0.039062 0.037500
0 0.814063 0.314583 0.034375 0.033333
0 0.842969 0.282292 0.023438 0.027083
0 0.844531 0.326042 0.026562 0.031250
0 0.864844 0.336458 0.020313 0.022917
0 0.843750 0.392708 0.028125 0.018750
0 0.885156 0.396875 0.020313 0.014583
0 0.864062 0.428125 0.021875 0.022917
0 0.862500 0.467708 0.021875 0.018750
0 0.860938 0.507292 0.021875 0.022917
0 0.894531 0.490625 0.014063 0.018750
0 0.895312 0.475000 0.015625 0.016667
0 0.862500 0.187500 0.018750 0.037500
0 0.881250 0.209375 0.018750 0.027083
0 0.850781 0.054167 0.020313 0.041667
0 0.828125 0.021875 0.025000 0.043750
