0 0.978906 0.355208 0.042188 0.014583
0 0.976562 0.429167 0.046875 0.012500
0 0.816406 0.645833 0.192188 0.045833
0 0.098437 0.563542 0.196875 0.093750
0 0.094531 0.737500 0.189062 0.100000
0 0.338281 0.710417 0.170313 0.079167
0 0.475000 0.690625 0.112500 0.068750
0 0.332813 0.428125 0.196875 0.089583
0 0.482031 0.462500 0.114062 0.070833
0 0.582812 0.522917 0.087500 0.050000
0 0.577344 0.671875 0.092188 0.052083
0 0.239844 0.100000 0.389062 0.166667
0 0.670312 0.661458 0.059375 0.035417
0 0.671875 0.625000 0.062500 0.037500
0 0.674219 0.587500 0.057813 0.037500
0 0.668750 0.545833 0.065625 0.037500
0 0.667969 0.511458 0.070312 0.043750
0 0.669531 0.470833 0.073438 0.037500
0 0.628906 0.434375 0.157812 0.047917
0 0.623437 0.396875 0.156250 0.052083
0 0.594531 0.359375 0.210938 0.047917
0 0.666406 0.316667 0.076563 0.054167
0 0.632812 0.281250 0.153125 0.054167
