0 0.528125 0.788889 0.232292 0.238889
0 0.686198 0.698148 0.088021 0.120370
0 0.818229 0.888889 0.169792 0.222222
0 0.535417 0.462500 0.072917 0.043519
0 0.518750 0.497222 0.053125 0.044444
0 0.483333 0.481944 0.037500 0.039815
0 0.388021 0.401852 0.103125 0.042593
0 0.385417 0.446296 0.106250 0.044444
0 0.056250 0.114815 0.084375 0.062963
0 0.011198 0.073611 0.017188 0.069444
0 0.115625 0.159259 0.050000 0.035185
0 0.110156 0.110648 0.051562 0.041667
0 0.150260 0.126389 0.029687 0.028704
0 0.145833 0.175463 0.023958 0.026852
0 0.563542 0.039352 0.068750 0.069444
0 0.509115 0.149074 0.066146 0.051852
0 0.471354 0.166667 0.018750 0.037037
0 0.496875 0.221296 0.037500 0.040741
0 0.473958 0.227778 0.023958 0.044444
0 0.457031 0.175926 0.021354 0.048148
0 0.439063 0.191667 0.015625 0.031481
