0 0.970573 0.133333 0.052604 0.081481
0 0.904427 0.186574 0.073438 0.084259
0 0.842969 0.234259 0.052604 0.066667
0 0.773958 0.240278 0.089583 0.056481
0 0.719531 0.265278 0.022396 0.045370
0 0.767448 0.294907 0.076563 0.047222
0 0.721094 0.317130 0.023438 0.043519
0 0.688542 0.343519 0.028125 0.022222
0 0.755208 0.091204 0.060417 0.119444
0 0.820833 0.025926 0.079167 0.050000
0 0.219792 0.191667 0.257292 0.085185
0 0.299740 0.227315 0.157812 0.080556
0 0.303385 0.084259 0.150521 0.083333
0 0.505469 0.546759 0.090104 0.025000
0 0.517708 0.592130 0.064583 0.021296
