0 0.450000 0.636458 0.293750 0.085417
0 0.644531 0.639583 0.114062 0.070833
0 0.755469 0.630208 0.095312 0.052083
0 0.128906 0.556250 0.254688 0.137500
0 0.127344 0.778125 0.248438 0.164583
0 0.863281 0.502083 0.051562 0.037500
0 0.854688 0.616667 0.053125 0.045833
0 0.897656 0.554167 0.039062 0.029167
0 0.914062 0.498958 0.062500 0.031250
0 0.924219 0.558333 0.026562 0.020833
0 0.923438 0.621875 0.028125 0.027083
0 0.898438 0.619792 0.034375 0.043750
0 0.599219 0.130208 0.129688 0.160417
0 0.430469 0.053125 0.189062 0.093750
0 0.691406 0.207292 0.092188 0.131250
0 0.775781 0.232292 0.079687 0.093750
0 0.771094 0.286458 0.082812 0.089583
0 0.831250 0.320833 0.040625 0.083333
0 0.867188 0.352083 0.040625 0.066667
0 0.901563 0.378125 0.031250 0.056250
0 0.932813 0.400000 0.021875 0.050000
0 0.903906 0.302083 0.054688 0.050000
0 0.947656 0.356250 0.039062 0.033333
0 0.950000 0.412500 0.021875 0.041667
0 0.811719 0.047917 0.107813 0.087500
0 0.876563 0.110417 0.031250 0.095833
0 0.915625 0.091667 0.040625 0.058333
0 0.917188 0.033333 0.037500 0.058333
0 0.906250 0.164583 0.034375 0.079167
0 0.939844 0.195833 0.029687 0.058333
