0 0.973437 0.139583 0.053125 0.045833
0 0.912500 0.158333 0.068750 0.041667
0 0.846875 0.168750 0.062500 0.041667
0 0.971875 0.063542 0.056250 0.052083
0 0.910937 0.091667 0.065625 0.045833
0 0.794531 0.188542 0.039062 0.031250
0 0.758594 0.203125 0.032813 0.022917
0 0.728906 0.212500 0.023438 0.025000
0 0.703125 0.219792 0.021875 0.022917
0 0.306250 0.037500 0.046875 0.075000
0 0.340625 0.076042 0.025000 0.056250
0 0.361719 0.107292 0.026562 0.043750
0 0.800781 0.025000 0.039062 0.041667
0 0.762500 0.048958 0.034375 0.039583
0 0.711719 0.095833 0.023438 0.033333
0 0.692969 0.111458 0.014063 0.027083
0 0.678125 0.127083 0.012500 0.020833
0 0.684375 0.229167 0.015625 0.016667
