0 0.626823 0.488426 0.047396 0.071296
0 0.699479 0.505556 0.095833 0.087037
0 0.659635 0.711111 0.067187 0.109259
0 0.773698 0.866204 0.160938 0.263889
0 0.767708 0.920833 0.117708 0.147222
0 0.683073 0.821296 0.080729 0.170370
0 0.608854 0.723148 0.038542 0.088889
0 0.050521 0.412963 0.093750 0.105556
0 0.053385 0.199074 0.102604 0.120370
0 0.305990 0.629630 0.100521 0.061111
0 0.394271 0.627778 0.083333 0.053704
0 0.482552 0.618519 0.081771 0.051852
0 0.024479 0.960648 0.044792 0.073148
0 0.134635 0.650463 0.032813 0.028704
