0 0.643490 0.537500 0.093229 0.069444
0 0.633333 0.641667 0.078125 0.090741
0 0.568229 0.577778 0.084375 0.070370
0 0.391146 0.457407 0.165625 0.051852
0 0.389844 0.527778 0.173437 0.061111
0 0.559115 0.182870 0.054688 0.084259
0 0.642448 0.157870 0.108854 0.097222
0 0.567708 0.077778 0.058333 0.090741
0 0.648438 0.054630 0.123958 0.059259
0 0.848698 0.105093 0.300521 0.128704
0 0.921615 0.891204 0.151562 0.193519
0 0.514062 0.113426 0.048958 0.078704
0 0.468750 0.151852 0.035417 0.057407
0 0.445052 0.173148 0.021354 0.051852
0 0.411979 0.188426 0.041667 0.043519
0 0.739844 0.733333 0.151562 0.125926
0 0.737760 0.671759 0.140104 0.108333
0 0.750521 0.606944 0.137500 0.084259
