0 0.926562 0.504167 0.078125 0.050000
0 0.917188 0.626042 0.081250 0.068750
0 0.829688 0.659375 0.100000 0.093750
0 0.846875 0.468750 0.093750 0.054167
0 0.653125 0.176042 0.296875 0.122917
0 0.650000 0.461458 0.303125 0.097917
0 0.703125 0.715625 0.153125 0.102083
0 0.429688 0.608333 0.296875 0.166667
0 0.423438 0.717708 0.287500 0.202083
0 0.453125 0.415625 0.046875 0.047917
0 0.399219 0.398958 0.064062 0.031250
0 0.386719 0.266667 0.035937 0.037500
0 0.358594 0.281250 0.023438 0.029167
0 0.360156 0.235417 0.023438 0.029167
0 0.337500 0.288542 0.021875 0.027083
0 0.346094 0.375000 0.042188 0.020833
0 0.355469 0.425000 0.023438 0.025000
0 0.332813 0.418750 0.021875 0.025000
0 0.182812 0.420833 0.031250 0.012500
0 0.153125 0.420833 0.028125 0.012500
0 0.124219 0.422917 0.029687 0.012500
0 0.013281 0.251042 0.017188 0.018750
0 0.009375 0.288542 0.018750 0.018750
0 0.009375 0.326042 0.018750 0.014583
0 0.027344 0.330208 0.017188 0.014583
0 0.041406 0.334375 0.010937 0.014583
0 0.050781 0.336458 0.010937 0.010417
0 0.046875 0.386458 0.015625 0.010417
0 0.048438 0.412500 0.012500 0.016667
0 0.008594 0.110417 0.017188 0.033333
0 0.027344 0.118750 0.017188 0.029167
0 0.022656 0.153125 0.017188 0.031250
0 0.005469 0.170833 0.010937 0.025000
0 0.467969 0.012500 0.039062 0.025000
0 0.426563 0.042708 0.040625 0.068750
0 0.389062 0.085417 0.028125 0.054167
0 0.360156 0.122917 0.023438 0.041667
0 0.338281 0.151042 0.020313 0.035417
0 0.390625 0.037500 0.031250 0.054167
0 0.361719 0.080208 0.023438 0.039583
0 0.337500 0.115625 0.021875 0.035417
0 0.340625 0.095833 0.018750 0.033333
0 0.365625 0.038542 0.025000 0.039583
0 0.346875 0.028125 0.018750 0.043750
0 0.329688 0.053125 0.015625 0.035417
0 0.320312 0.261458 0.015625 0.022917
0 0.318750 0.301042 0.015625 0.018750
0 0.044531 0.217708 0.010937 0.022917
0 0.331250 0.456250 0.018750 0.020833
0 0.288281 0.302083 0.007812 0.016667
0 0.311719 0.190625 0.014063 0.022917
0 0.980469 0.589583 0.035937 0.041667
0 0.978906 0.560417 0.029687 0.033333
0 0.981250 0.536458 0.031250 0.031250
0 0.979688 0.504167 0.028125 0.033333
0 0.984375 0.468750 0.031250 0.033333
0 0.949219 0.432292 0.095312 0.031250
0 0.942187 0.405208 0.115625 0.039583
0 0.926562 0.373958 0.140625 0.043750
0 0.932031 0.340625 0.135937 0.047917
0 0.978906 0.310417 0.042188 0.041667
0 0.978125 0.276042 0.034375 0.031250
