0 0.844531 0.801042 0.104688 0.218750
0 0.765625 0.922917 0.118750 0.150000
0 0.740625 0.260417 0.131250 0.041667
0 0.636719 0.257292 0.073438 0.031250
0 0.552344 0.259375 0.070312 0.031250
0 0.384375 0.312500 0.268750 0.075000
0 0.734375 0.341667 0.134375 0.037500
0 0.928906 0.282292 0.048438 0.022917
0 0.879687 0.314583 0.050000 0.016667
0 0.839063 0.312500 0.034375 0.020833
0 0.925781 0.213542 0.057813 0.027083
0 0.875781 0.212500 0.045312 0.025000
0 0.828125 0.209375 0.040625 0.022917
0 0.173437 0.153125 0.331250 0.189583
0 0.473438 0.043750 0.240625 0.087500
0 0.625781 0.089583 0.082812 0.045833
0 0.731250 0.076042 0.121875 0.047917
0 0.547656 0.103125 0.079687 0.064583
0 0.477344 0.122917 0.054688 0.054167
0 0.667188 0.196875 0.084375 0.022917
