0 0.151562 0.665625 0.296875 0.085417
0 0.322656 0.258333 0.332813 0.108333
0 0.102344 0.103125 0.132812 0.089583
0 0.014063 0.137500 0.025000 0.054167
0 0.328906 0.089583 0.326562 0.145833
0 0.571094 0.133333 0.114062 0.145833
0 0.729688 0.147917 0.096875 0.050000
0 0.825781 0.133333 0.104688 0.045833
0 0.939844 0.116667 0.117188 0.066667
0 0.932031 0.262500 0.120313 0.045833
0 0.932031 0.323958 0.123438 0.056250
0 0.825000 0.326042 0.103125 0.047917
0 0.720313 0.335417 0.096875 0.050000
0 0.735156 0.277083 0.123438 0.037500
0 0.621875 0.289583 0.081250 0.041667
0 0.544531 0.255208 0.079687 0.031250
