0 0.931250 0.192708 0.087500 0.031250
0 0.937500 0.248958 0.084375 0.035417
0 0.857812 0.242708 0.081250 0.027083
0 0.781250 0.245833 0.078125 0.037500
0 0.792188 0.196875 0.084375 0.031250
0 0.700000 0.205208 0.068750 0.018750
0 0.702344 0.250000 0.064062 0.033333
0 0.646094 0.251042 0.042188 0.031250
0 0.651563 0.176042 0.075000 0.027083
0 0.650781 0.212500 0.032813 0.020833
0 0.585938 0.181250 0.056250 0.029167
0 0.585938 0.217708 0.050000 0.027083
0 0.646875 0.109375 0.037500 0.022917
0 0.696094 0.100000 0.060937 0.029167
0 0.692969 0.068750 0.060937 0.029167
0 0.636719 0.056250 0.051562 0.012500
0 0.773438 0.090625 0.090625 0.039583
0 0.842187 0.079167 0.068750 0.037500
0 0.921094 0.077083 0.082812 0.029167
0 0.532813 0.313542 0.065625 0.022917
0 0.476562 0.311458 0.046875 0.022917
0 0.500000 0.062500 0.162500 0.083333
