0 0.880469 0.717708 0.235937 0.189583
0 0.736719 0.652083 0.082812 0.091667
0 0.616406 0.728125 0.170313 0.135417
0 0.392969 0.800000 0.282813 0.145833
0 0.573438 0.051042 0.262500 0.102083
0 0.104688 0.134375 0.200000 0.239583
0 0.711719 0.094792 0.157812 0.122917
0 0.735156 0.020833 0.101562 0.041667
0 0.810156 0.078125 0.067187 0.081250
0 0.807813 0.158333 0.065625 0.083333
0 0.865625 0.205208 0.037500 0.068750
0 0.895312 0.226042 0.037500 0.064583
0 0.887500 0.182292 0.056250 0.068750
0 0.851562 0.048958 0.106250 0.081250
0 0.097656 0.734375 0.192188 0.147917
0 0.098437 0.851042 0.184375 0.102083
0 0.110937 0.926042 0.190625 0.089583
