0 0.592187 0.102083 0.196875 0.104167
0 0.585938 0.160417 0.184375 0.104167
0 0.720313 0.213542 0.100000 0.097917
0 0.801562 0.248958 0.065625 0.072917
0 0.789844 0.443750 0.076563 0.050000
0 0.788281 0.573958 0.064062 0.072917
0 0.523438 0.655208 0.278125 0.102083
0 0.161719 0.790625 0.317188 0.147917
0 0.334375 0.066667 0.275000 0.133333
0 0.086719 0.042708 0.164062 0.081250
0 0.757031 0.027083 0.135937 0.045833
0 0.837500 0.066667 0.040625 0.075000
0 0.873437 0.111458 0.031250 0.056250
0 0.876563 0.070833 0.031250 0.037500
0 0.873437 0.041667 0.031250 0.045833
0 0.902344 0.159375 0.029687 0.052083
0 0.899219 0.113542 0.029687 0.047917
0 0.900000 0.063542 0.034375 0.052083
0 0.828125 0.220833 0.106250 0.054167
0 0.843750 0.288542 0.059375 0.039583
0 0.885156 0.305208 0.020313 0.047917
0 0.908594 0.320833 0.020313 0.033333
0 0.906250 0.270833 0.025000 0.033333
0 0.866406 0.414583 0.073438 0.033333
0 0.882812 0.477083 0.025000 0.029167
0 0.848437 0.485417 0.043750 0.037500
0 0.905469 0.472917 0.023438 0.025000
0 0.900000 0.521875 0.018750 0.027083
0 0.876563 0.533333 0.018750 0.050000
0 0.846875 0.546875 0.050000 0.047917
0 0.925781 0.506250 0.023438 0.025000
0 0.926562 0.437500 0.025000 0.020833
0 0.933594 0.333333 0.023438 0.029167
0 0.159375 0.329167 0.312500 0.066667
