0 0.102344 0.041667 0.160938 0.083333
0 0.283594 0.091667 0.195312 0.166667
0 0.183594 0.335417 0.367188 0.116667
0 0.182031 0.476042 0.360938 0.097917
0 0.254688 0.707292 0.200000 0.093750
0 0.074219 0.728125 0.148438 0.093750
0 0.443750 0.362500 0.118750 0.075000
0 0.460938 0.201042 0.140625 0.118750
0 0.460938 0.084375 0.131250 0.122917
0 0.570312 0.259375 0.093750 0.093750
0 0.627344 0.216667 0.132812 0.083333
0 0.650000 0.306250 0.081250 0.070833
0 0.671094 0.026042 0.060937 0.052083
0 0.733594 0.067708 0.060937 0.097917
0 0.783594 0.054167 0.039062 0.062500
0 0.781250 0.123958 0.040625 0.072917
0 0.816406 0.170833 0.035937 0.058333
0 0.724219 0.265625 0.060937 0.064583
0 0.771875 0.304167 0.040625 0.045833
0 0.719531 0.347917 0.057813 0.058333
0 0.770312 0.371875 0.050000 0.047917
0 0.807031 0.391667 0.032813 0.037500
0 0.714063 0.445833 0.046875 0.037500
0 0.764062 0.462500 0.046875 0.029167
0 0.638281 0.545833 0.104688 0.041667
0 0.540625 0.575000 0.087500 0.050000
0 0.537500 0.667708 0.096875 0.060417
0 0.634375 0.660417 0.100000 0.050000
0 0.803125 0.525000 0.034375 0.033333
0 0.840625 0.486458 0.028125 0.027083
0 0.803125 0.584375 0.040625 0.035417
0 0.802344 0.640625 0.039062 0.035417
0 0.860938 0.612500 0.028125 0.020833
0 0.935937 0.642708 0.103125 0.035417
0 0.863281 0.631250 0.029687 0.016667
0 0.850000 0.257292 0.028125 0.018750
0 0.846875 0.276042 0.031250 0.010417
0 0.850781 0.290625 0.035937 0.018750
0 0.849219 0.301042 0.039062 0.002083
0 0.846094 0.312500 0.032813 0.020833
0 0.846094 0.327083 0.032813 0.008333
0 0.843750 0.337500 0.028125 0.012500
0 0.842969 0.347917 0.029687 0.008333
0 0.839063 0.357292 0.021875 0.010417
0 0.840625 0.368750 0.018750 0.012500
0 0.844531 0.383333 0.026562 0.016667
0 0.846094 0.410417 0.020313 0.020833
