0 0.789062 0.040625 0.090625 0.081250
0 0.711719 0.087500 0.070312 0.120833
0 0.650000 0.135417 0.056250 0.091667
0 0.607031 0.178125 0.029687 0.056250
0 0.582031 0.200000 0.023438 0.054167
0 0.057031 0.504167 0.064062 0.070833
0 0.058594 0.393750 0.067187 0.054167
0 0.113281 0.030208 0.051562 0.060417
0 0.156250 0.071875 0.034375 0.060417
0 0.215625 0.133333 0.028125 0.045833
0 0.252344 0.177083 0.020313 0.029167
0 0.314844 0.393750 0.067187 0.020833
0 0.379688 0.395833 0.062500 0.020833
0 0.444531 0.394792 0.064062 0.018750
0 0.763281 0.512500 0.151562 0.075000
0 0.859375 0.530208 0.046875 0.060417
0 0.607812 0.334375 0.059375 0.031250
0 0.617188 0.460417 0.037500 0.033333
0 0.590625 0.445833 0.021875 0.029167
0 0.571094 0.434375 0.020313 0.027083
