0 0.871094 0.600000 0.257812 0.187500
0 0.571875 0.468750 0.062500 0.054167
0 0.612500 0.383333 0.037500 0.045833
0 0.700000 0.061458 0.112500 0.122917
0 0.608594 0.123958 0.067187 0.106250
0 0.558594 0.159375 0.032813 0.068750
0 0.524219 0.192708 0.039062 0.064583
0 0.494531 0.216667 0.017188 0.037500
0 0.464062 0.022917 0.028125 0.045833
0 0.340625 0.385417 0.037500 0.012500
0 0.265625 0.384375 0.028125 0.014583
0 0.967969 0.292708 0.064062 0.102083
0 0.477344 0.233333 0.014063 0.033333
0 0.457031 0.246875 0.020313 0.031250
0 0.433594 0.265625 0.014063 0.022917
