0 0.748437 0.386458 0.068750 0.060417
0 0.682031 0.328125 0.064062 0.039583
0 0.684375 0.482292 0.071875 0.060417
0 0.751563 0.501042 0.068750 0.064583
0 0.043750 0.507292 0.081250 0.077083
0 0.221094 0.433333 0.026562 0.020833
0 0.013281 0.021875 0.026562 0.043750
0 0.058594 0.045833 0.064062 0.091667
0 0.052344 0.100000 0.079687 0.095833
0 0.111719 0.143750 0.054688 0.075000
0 0.635156 0.030208 0.039062 0.060417
0 0.599219 0.071875 0.032813 0.060417
0 0.568750 0.111458 0.025000 0.052083
0 0.639062 0.454167 0.028125 0.033333
0 0.605469 0.340625 0.035937 0.031250
0 0.607031 0.445833 0.032813 0.033333
0 0.571875 0.433333 0.021875 0.025000
0 0.157812 0.187500 0.031250 0.041667
0 0.193750 0.208333 0.028125 0.037500
0 0.546875 0.139583 0.018750 0.037500
0 0.221875 0.223958 0.028125 0.047917
