0 0.728646 0.811574 0.096875 0.121296
0 0.863281 0.367593 0.142187 0.124074
0 0.962500 0.345370 0.072917 0.131481
0 0.738802 0.388889 0.084896 0.094444
0 0.677344 0.408796 0.046354 0.062037
0 0.673438 0.371759 0.041667 0.047222
0 0.639062 0.381944 0.029167 0.052778
0 0.640885 0.423611 0.026562 0.050926
0 0.619792 0.428704 0.022917 0.042593
0 0.600000 0.429630 0.017708 0.038889
0 0.620573 0.559259 0.038021 0.031481
0 0.632552 0.690741 0.027604 0.050000
0 0.615104 0.660648 0.016667 0.047222
0 0.601823 0.635185 0.016146 0.035185
0 0.583594 0.568056 0.019271 0.030556
0 0.582031 0.541204 0.029687 0.028704
0 0.589844 0.352315 0.021354 0.026852
0 0.580729 0.289815 0.017708 0.040741
0 0.566146 0.314352 0.010417 0.037963
0 0.046354 0.156944 0.089583 0.139815
0 0.161719 0.236574 0.081771 0.095370
0 0.234635 0.273611 0.056771 0.076852
0 0.278125 0.307407 0.043750 0.088889
0 0.312240 0.336111 0.024479 0.059259
0 0.164844 0.669444 0.076563 0.092593
0 0.167448 0.861574 0.095312 0.139815
0 0.238802 0.672222 0.058854 0.072222
0 0.233854 0.782407 0.046875 0.098148
0 0.048438 0.916667 0.095833 0.162963
0 0.050521 0.950000 0.089583 0.085185
0 0.422917 0.550000 0.041667 0.014815
0 0.470052 0.547685 0.040104 0.015741
0 0.515625 0.545833 0.040625 0.015741
0 0.370052 0.367593 0.008854 0.027778
0 0.381771 0.376852 0.011458 0.018519
0 0.354167 0.360185 0.022917 0.033333
0 0.336198 0.344444 0.022396 0.035185
0 0.273438 0.047222 0.046875 0.077778
0 0.306510 0.086111 0.031771 0.079630
0 0.333333 0.143981 0.028125 0.069444
0 0.353125 0.175926 0.017708 0.051852
0 0.368490 0.203704 0.019271 0.050000
0 0.344271 0.606481 0.098958 0.038889
0 0.615365 0.100000 0.020313 0.083333
