0 0.413281 0.593519 0.065104 0.027778
0 0.476562 0.592130 0.062500 0.037963
0 0.540104 0.585185 0.065625 0.038889
0 0.719792 0.533333 0.035417 0.027778
0 0.748437 0.579167 0.038542 0.050926
0 0.788802 0.594444 0.046354 0.057407
0 0.789583 0.665741 0.044792 0.059259
0 0.751042 0.640278 0.037500 0.054630
0 0.723698 0.624074 0.031771 0.046296
0 0.676042 0.552778 0.032292 0.029630
0 0.690885 0.533333 0.035937 0.040741
0 0.669531 0.376389 0.019271 0.032407
0 0.692448 0.369907 0.026562 0.030556
0 0.690625 0.320833 0.028125 0.039815
0 0.752865 0.284259 0.052604 0.033333
0 0.746354 0.350926 0.037500 0.044444
0 0.781250 0.334722 0.045833 0.043519
0 0.911719 0.284259 0.109896 0.083333
0 0.924479 0.165741 0.135417 0.088889
0 0.778646 0.081019 0.061458 0.095370
0 0.725781 0.156944 0.045312 0.049074
0 0.692969 0.186111 0.022396 0.048148
0 0.673698 0.215741 0.016146 0.038889
0 0.690104 0.133333 0.022917 0.033333
0 0.204167 0.259259 0.080208 0.057407
0 0.061198 0.157407 0.120313 0.129630
0 0.061719 0.302315 0.119271 0.095370
0 0.153385 0.332870 0.086979 0.087963
0 0.223438 0.350000 0.061458 0.068519
0 0.153385 0.701852 0.069271 0.100000
0 0.057292 0.520370 0.110417 0.068519
0 0.153385 0.818519 0.081771 0.140741
0 0.230729 0.744444 0.078125 0.111111
0 0.224219 0.624074 0.077604 0.070370
0 0.260677 0.483796 0.063021 0.039815
0 0.307812 0.479630 0.031250 0.029630
0 0.332031 0.520833 0.026562 0.034259
0 0.334115 0.574074 0.025521 0.037037
0 0.332552 0.634259 0.024479 0.040741
0 0.363281 0.569907 0.022396 0.030556
0 0.366667 0.593519 0.016667 0.033333
0 0.352344 0.468519 0.016146 0.020370
0 0.271875 0.375926 0.037500 0.042593
0 0.302604 0.387500 0.028125 0.036111
0 0.327604 0.388889 0.022917 0.031481
0 0.272135 0.290741 0.042188 0.059259
0 0.304167 0.315278 0.031250 0.047222
0 0.136979 0.034722 0.227083 0.065741
0 0.268229 0.073611 0.039583 0.084259
0 0.299219 0.127778 0.032813 0.077778
0 0.300781 0.063426 0.031771 0.060185
0 0.321615 0.168056 0.021354 0.069444
0 0.343490 0.198611 0.020313 0.047222
0 0.866146 0.694907 0.089583 0.110185
0 0.955729 0.756481 0.083333 0.100000
0 0.952604 0.444907 0.087500 0.060185
0 0.367188 0.397222 0.017708 0.027778
0 0.346615 0.260185 0.021354 0.038889
0 0.347135 0.281944 0.023438 0.028704
0 0.344792 0.306481 0.019792 0.031481
0 0.346094 0.330093 0.019271 0.026852
0 0.346875 0.350463 0.017708 0.021296
0 0.350000 0.375926 0.019792 0.022222
0 0.350521 0.397685 0.020833 0.023148
0 0.348958 0.084259 0.013542 0.016667
0 0.351562 0.102778 0.018750 0.020370
0 0.352865 0.122685 0.016146 0.019444
0 0.355208 0.143981 0.020833 0.023148
0 0.355729 0.169444 0.018750 0.029630
0 0.361719 0.228704 0.017188 0.033333
0 0.360417 0.207870 0.014583 0.026852
0 0.360677 0.191204 0.011979 0.019444
