0 0.959635 0.193056 0.075521 0.084259
0 0.827344 0.253704 0.092188 0.057407
0 0.758594 0.285185 0.036979 0.048148
0 0.825781 0.154630 0.104688 0.066667
0 0.796615 0.035185 0.052604 0.066667
0 0.756771 0.080093 0.034375 0.062037
0 0.716146 0.312963 0.031250 0.037037
0 0.692969 0.328241 0.016146 0.037963
0 0.714844 0.148611 0.031771 0.052778
0 0.182812 0.102778 0.285417 0.137037
0 0.133854 0.040278 0.247917 0.071296
0 0.376563 0.052778 0.093750 0.062963
0 0.347656 0.012500 0.113021 0.017593
0 0.919792 0.854630 0.158333 0.218519
0 0.884375 0.949074 0.089583 0.096296
