0 0.895312 0.233333 0.075000 0.029167
0 0.889062 0.130208 0.065625 0.035417
0 0.822656 0.136458 0.067187 0.035417
0 0.759375 0.137500 0.059375 0.033333
0 0.771875 0.225000 0.090625 0.025000
0 0.764062 0.264583 0.071875 0.025000
0 0.834375 0.270833 0.065625 0.029167
0 0.689844 0.228125 0.064062 0.022917
0 0.696875 0.268750 0.059375 0.025000
0 0.647656 0.265625 0.029687 0.018750
0 0.631250 0.233333 0.062500 0.025000
0 0.629687 0.151042 0.109375 0.093750
0 0.429688 0.147917 0.253125 0.100000
0 0.266406 0.184375 0.064062 0.077083
0 0.207813 0.219792 0.050000 0.060417
0 0.190625 0.187500 0.065625 0.041667
0 0.168750 0.239583 0.031250 0.054167
0 0.137500 0.261458 0.021875 0.039583
0 0.116406 0.279167 0.020313 0.033333
0 0.188281 0.063542 0.060937 0.089583
0 0.151562 0.103125 0.034375 0.060417
0 0.126562 0.134375 0.025000 0.043750
0 0.317969 0.596875 0.232813 0.072917
0 0.342969 0.275000 0.110937 0.045833
