0 0.718750 0.618056 0.167708 0.130556
0 0.697656 0.768519 0.145313 0.168519
0 0.884375 0.912963 0.230208 0.159259
0 0.881250 0.687963 0.231250 0.231481
0 0.897917 0.054630 0.201042 0.101852
0 0.727344 0.101389 0.199479 0.154630
0 0.578385 0.150000 0.098437 0.111111
0 0.632552 0.342593 0.186979 0.050000
0 0.503385 0.359259 0.079687 0.066667
0 0.507292 0.448148 0.079167 0.061111
0 0.504687 0.610648 0.071875 0.086111
0 0.451042 0.561574 0.045833 0.065741
0 0.049479 0.400463 0.080208 0.037963
0 0.051823 0.435648 0.080729 0.032407
0 0.497656 0.075000 0.077604 0.081481
0 0.497656 0.187500 0.070312 0.071296
0 0.439063 0.210648 0.048958 0.063889
0 0.398698 0.221759 0.031771 0.047222
0 0.587760 0.031481 0.115104 0.055556
0 0.381250 0.092593 0.055208 0.055556
0 0.371354 0.158333 0.031250 0.040741
0 0.370573 0.233333 0.026562 0.037037
0 0.348177 0.180556 0.017188 0.038889
0 0.347656 0.115741 0.017188 0.035185
0 0.351302 0.237963 0.020313 0.037037
0 0.330729 0.181481 0.019792 0.033333
0 0.332031 0.244444 0.019271 0.029630
0 0.312240 0.197222 0.020313 0.025926
0 0.317708 0.150463 0.028125 0.026852
0 0.291927 0.172685 0.018229 0.025000
0 0.291667 0.218519 0.011458 0.014815
0 0.315104 0.251852 0.010417 0.029630
0 0.304167 0.254167 0.009375 0.026852
0 0.291406 0.262963 0.011979 0.022222
0 0.307292 0.321296 0.047917 0.022222
0 0.278646 0.250926 0.018750 0.024074
0 0.347135 0.013426 0.038021 0.025000
0 0.323437 0.036574 0.021875 0.062037
0 0.297396 0.081481 0.012500 0.029630
0 0.285417 0.101852 0.009375 0.040741
