0 0.878385 0.250463 0.082812 0.084259
0 0.876823 0.294907 0.079687 0.089815
0 0.957812 0.266667 0.084375 0.066667
0 0.866927 0.678704 0.073438 0.083333
0 0.732031 0.597685 0.033854 0.052778
0 0.791146 0.615278 0.084375 0.058333
0 0.790625 0.442130 0.085417 0.045370
0 0.764323 0.270833 0.069271 0.047222
0 0.797656 0.326389 0.069271 0.041667
0 0.745833 0.346759 0.038542 0.050926
0 0.724479 0.357870 0.038542 0.047222
0 0.694271 0.368981 0.028125 0.036111
0 0.675000 0.375463 0.022917 0.023148
0 0.681250 0.325463 0.038542 0.025000
0 0.648698 0.348148 0.024479 0.016667
0 0.651042 0.382407 0.025000 0.022222
0 0.632812 0.390741 0.019792 0.020370
0 0.678385 0.539815 0.020313 0.029630
0 0.699479 0.548611 0.022917 0.032407
0 0.699479 0.598148 0.021875 0.037037
0 0.679427 0.588426 0.022396 0.034259
0 0.660417 0.575000 0.018750 0.025926
0 0.641406 0.529167 0.029687 0.028704
0 0.667188 0.229630 0.046875 0.037037
0 0.642708 0.250463 0.017708 0.036111
0 0.630208 0.267593 0.018750 0.020370
0 0.686198 0.180556 0.036979 0.048148
0 0.716146 0.145370 0.032292 0.059259
0 0.748437 0.104167 0.036458 0.078704
0 0.747917 0.037963 0.035417 0.074074
0 0.799740 0.051852 0.063021 0.103704
0 0.249479 0.062963 0.040625 0.101852
0 0.285938 0.106944 0.038542 0.102778
0 0.317188 0.161574 0.022917 0.060185
0 0.310677 0.091204 0.038021 0.067593
0 0.212240 0.257870 0.052604 0.078704
0 0.261979 0.279630 0.045833 0.061111
0 0.054427 0.292130 0.107813 0.128704
0 0.147656 0.323148 0.081771 0.109259
0 0.211458 0.349074 0.052083 0.066667
0 0.257812 0.366667 0.043750 0.066667
0 0.291927 0.375926 0.032813 0.051852
0 0.301563 0.325000 0.059375 0.042593
0 0.317969 0.382407 0.025521 0.044444
0 0.120052 0.510185 0.239063 0.068519
0 0.120313 0.610648 0.238542 0.087963
0 0.427604 0.563426 0.051042 0.019444
0 0.477865 0.559722 0.050521 0.026852
0 0.529687 0.559722 0.053125 0.023148
0 0.337500 0.330556 0.021875 0.044444
0 0.353646 0.349074 0.015625 0.027778
0 0.339323 0.394907 0.017188 0.028704
0 0.357292 0.399074 0.015625 0.025926
0 0.339583 0.470833 0.019792 0.021296
0 0.359115 0.467593 0.018229 0.027778
0 0.372135 0.500463 0.014063 0.019444
0 0.372396 0.542593 0.014583 0.020370
0 0.373177 0.586111 0.010937 0.025926
0 0.321875 0.558333 0.040625 0.042593
0 0.287500 0.598611 0.026042 0.043519
0 0.258854 0.480093 0.039583 0.043519
0 0.337760 0.191204 0.019271 0.056481
0 0.354948 0.216667 0.014063 0.040741
0 0.353125 0.163889 0.015625 0.040741
0 0.335938 0.023611 0.030208 0.043519
0 0.351042 0.058333 0.034375 0.072222
0 0.097656 0.826852 0.193229 0.142593
0 0.216406 0.751852 0.059896 0.096296
0 0.286979 0.666667 0.037500 0.061111
0 0.322135 0.634722 0.042188 0.052778
