0 0.067187 0.623958 0.134375 0.072917
0 0.068750 0.247917 0.137500 0.095833
0 0.157031 0.073958 0.217188 0.147917
0 0.358594 0.138542 0.139063 0.110417
0 0.353125 0.185417 0.143750 0.104167
0 0.464844 0.243750 0.092188 0.091667
0 0.543750 0.292708 0.068750 0.068750
0 0.557031 0.031250 0.067187 0.062500
0 0.616406 0.261458 0.064062 0.064583
0 0.610938 0.332292 0.059375 0.056250
0 0.529687 0.476042 0.075000 0.056250
0 0.327344 0.611458 0.139063 0.060417
0 0.525781 0.606250 0.073438 0.037500
0 0.598437 0.537500 0.056250 0.037500
0 0.643750 0.478125 0.053125 0.031250
0 0.648438 0.543750 0.040625 0.029167
0 0.684375 0.550000 0.037500 0.020833
0 0.595313 0.605208 0.059375 0.035417
0 0.644531 0.606250 0.042188 0.029167
0 0.719531 0.601042 0.032813 0.027083
0 0.723437 0.520833 0.031250 0.029167
0 0.749219 0.602083 0.023438 0.020833
0 0.771875 0.597917 0.021875 0.020833
0 0.775781 0.533333 0.023438 0.025000
0 0.657031 0.356250 0.035937 0.041667
0 0.689844 0.379167 0.035937 0.041667
0 0.691406 0.325000 0.042188 0.041667
0 0.619531 0.089583 0.051562 0.075000
0 0.664844 0.139583 0.045312 0.070833
0 0.703125 0.185417 0.037500 0.050000
0 0.707031 0.126042 0.035937 0.047917
0 0.671094 0.076042 0.039062 0.060417
0 0.629687 0.027083 0.043750 0.054167
0 0.708594 0.076042 0.032813 0.056250
0 0.733594 0.403125 0.035937 0.035417
0 0.775781 0.429167 0.023438 0.025000
0 0.782031 0.365625 0.017188 0.022917
0 0.868750 0.588542 0.100000 0.031250
0 0.866406 0.626042 0.095312 0.027083
