0 0.968750 0.094792 0.062500 0.064583
0 0.905469 0.119792 0.064062 0.068750
0 0.848437 0.040625 0.050000 0.047917
0 0.846094 0.093750 0.048438 0.037500
0 0.847656 0.154167 0.051562 0.037500
0 0.803906 0.172917 0.035937 0.033333
0 0.772656 0.188542 0.029687 0.031250
0 0.746094 0.200000 0.023438 0.020833
0 0.723437 0.210417 0.021875 0.020833
0 0.749219 0.136458 0.026562 0.022917
0 0.807813 0.013542 0.034375 0.027083
0 0.777344 0.038542 0.032813 0.039583
0 0.278125 0.021875 0.053125 0.043750
0 0.321875 0.057292 0.034375 0.052083
0 0.364063 0.076042 0.031250 0.043750
0 0.397656 0.120833 0.026562 0.029167
0 0.415625 0.373958 0.028125 0.018750
