0 0.479427 0.435648 0.035937 0.021296
0 0.518229 0.437500 0.034375 0.017593
0 0.517448 0.498611 0.030729 0.019444
0 0.542188 0.499537 0.014583 0.021296
0 0.477604 0.496759 0.025000 0.017593
0 0.288802 0.955556 0.200521 0.055556
0 0.093750 0.941667 0.187500 0.061111
0 0.218490 0.562963 0.188021 0.048148
0 0.323698 0.565741 0.022396 0.031481
0 0.354948 0.573148 0.018229 0.027778
0 0.704688 0.490278 0.128125 0.080556
0 0.606250 0.525000 0.015625 0.048148
0 0.593750 0.536111 0.012500 0.035185
0 0.583594 0.541667 0.009896 0.029630
0 0.658333 0.068981 0.038542 0.137963
0 0.628646 0.158333 0.014583 0.100000
0 0.607031 0.237037 0.022396 0.087037
0 0.583073 0.400463 0.016146 0.054630
