0 0.314063 0.142708 0.412500 0.177083
0 0.145313 0.631250 0.162500 0.108333
0 0.189844 0.682292 0.117188 0.085417
0 0.171094 0.748958 0.070312 0.081250
0 0.289844 0.938542 0.145313 0.122917
0 0.620313 0.053125 0.168750 0.106250
0 0.780469 0.093750 0.098437 0.033333
0 0.800781 0.272917 0.120313 0.041667
0 0.484375 0.318750 0.162500 0.058333
0 0.931250 0.737500 0.046875 0.095833
0 0.905469 0.829167 0.051562 0.095833
0 0.797656 0.350000 0.114062 0.037500
0 0.956250 0.139583 0.043750 0.016667
0 0.960156 0.227083 0.042188 0.016667
0 0.917188 0.222917 0.043750 0.016667
0 0.963281 0.297917 0.045312 0.016667
0 0.964844 0.326042 0.045312 0.014583
