0 0.929948 0.345370 0.138021 0.161111
0 0.805990 0.376852 0.115104 0.120370
0 0.717708 0.403241 0.061458 0.086111
0 0.674219 0.416667 0.018229 0.062963
0 0.656771 0.429167 0.016667 0.056481
0 0.632552 0.429167 0.024479 0.037963
0 0.674740 0.311111 0.036979 0.070370
0 0.658854 0.079167 0.035417 0.134259
0 0.630729 0.138426 0.020833 0.084259
0 0.738281 0.844444 0.071354 0.127778
0 0.232292 0.812500 0.072917 0.117593
0 0.249219 0.622685 0.098437 0.065741
0 0.288021 0.743981 0.043750 0.073148
0 0.313021 0.662500 0.029167 0.036111
0 0.316667 0.693981 0.027083 0.045370
0 0.351042 0.667130 0.033333 0.065741
0 0.350521 0.564815 0.028125 0.031481
0 0.372135 0.583333 0.019271 0.035185
0 0.370052 0.637963 0.015104 0.035185
0 0.403646 0.376389 0.013542 0.028704
0 0.387760 0.367593 0.016146 0.033333
0 0.369792 0.353704 0.014583 0.031481
0 0.347396 0.342130 0.025000 0.028704
0 0.319010 0.320370 0.025521 0.040741
0 0.344010 0.115278 0.033854 0.062037
0 0.284896 0.295370 0.043750 0.066667
0 0.226562 0.256019 0.072917 0.093519
0 0.137500 0.199074 0.109375 0.118519
0 0.368490 0.155093 0.021354 0.052778
0 0.385417 0.196759 0.017708 0.050926
0 0.398438 0.218056 0.012500 0.043519
0 0.415625 0.386111 0.016667 0.022222
0 0.460156 0.531019 0.033854 0.019444
0 0.495312 0.529630 0.036458 0.020370
0 0.536458 0.529167 0.035417 0.021296
0 0.321615 0.056481 0.031771 0.092593
0 0.287760 0.021296 0.032813 0.037037
0 0.338281 0.025926 0.031771 0.046296
0 0.040365 0.120370 0.075521 0.129630
