0 0.842448 0.104630 0.268229 0.151852
0 0.669010 0.174537 0.064062 0.108333
0 0.671354 0.070833 0.057292 0.100926
0 0.745052 0.027315 0.085938 0.052778
0 0.585677 0.262037 0.069271 0.066667
0 0.529948 0.250926 0.049479 0.040741
0 0.529167 0.301389 0.042708 0.037963
0 0.495312 0.324537 0.020833 0.026852
0 0.475521 0.336574 0.012500 0.028704
0 0.464583 0.345370 0.007292 0.033333
0 0.539323 0.136111 0.098437 0.050000
0 0.489323 0.166204 0.031771 0.037963
0 0.577865 0.052778 0.125521 0.062963
0 0.158073 0.205093 0.078646 0.026852
0 0.165625 0.258333 0.058333 0.033333
0 0.188021 0.318519 0.016667 0.020370
0 0.155469 0.314352 0.028646 0.045370
0 0.120573 0.292130 0.039062 0.060185
0 0.075000 0.248148 0.042708 0.081481
0 0.026562 0.210648 0.047917 0.073148
0 0.091406 0.366667 0.094271 0.044444
0 0.153385 0.379167 0.038021 0.049074
0 0.172656 0.701852 0.253646 0.085185
0 0.194010 0.812500 0.205729 0.084259
0 0.302865 0.580093 0.029687 0.030556
0 0.229167 0.575000 0.023958 0.020370
0 0.201042 0.331481 0.015625 0.035185
0 0.200000 0.284722 0.015625 0.021296
0 0.120833 0.031481 0.065625 0.055556
0 0.155469 0.066667 0.038021 0.070370
0 0.176823 0.119444 0.035937 0.055556
