0 0.674219 0.191667 0.154688 0.066667
0 0.785937 0.201042 0.081250 0.047917
0 0.875781 0.216667 0.085938 0.037500
0 0.780469 0.294792 0.114062 0.056250
0 0.508594 0.366667 0.095312 0.033333
0 0.574219 0.373958 0.032813 0.018750
0 0.524219 0.190625 0.070312 0.027083
0 0.522656 0.207292 0.073438 0.022917
0 0.400000 0.592708 0.106250 0.022917
0 0.343750 0.585417 0.015625 0.016667
0 0.222656 0.362500 0.032813 0.012500
0 0.261719 0.364583 0.039062 0.012500
0 0.222656 0.381250 0.032813 0.012500
0 0.259375 0.386458 0.037500 0.014583
0 0.257031 0.427083 0.035937 0.012500
0 0.296094 0.432292 0.035937 0.014583
0 0.295312 0.451042 0.037500 0.010417
0 0.295312 0.470833 0.037500 0.012500
0 0.260156 0.302083 0.039062 0.012500
0 0.303906 0.307292 0.035937 0.014583
0 0.225000 0.296875 0.031250 0.010417
0 0.119531 0.423958 0.182812 0.068750
0 0.136719 0.662500 0.129688 0.054167
0 0.390625 0.435417 0.065625 0.016667
0 0.388281 0.451042 0.070312 0.014583
0 0.387500 0.466667 0.068750 0.016667
0 0.382031 0.482292 0.079687 0.014583
0 0.380469 0.497917 0.076563 0.016667
0 0.879687 0.084375 0.106250 0.043750
0 0.957812 0.107292 0.028125 0.027083
