0 0.946875 0.481250 0.106250 0.070833
0 0.766406 0.334375 0.182812 0.302083
0 0.687500 0.464583 0.134375 0.045833
0 0.633594 0.157292 0.101562 0.081250
0 0.290625 0.481250 0.184375 0.050000
0 0.200000 0.086458 0.400000 0.122917
0 0.200781 0.016667 0.401562 0.033333
0 0.162500 0.194792 0.118750 0.043750
0 0.163281 0.218750 0.114062 0.033333
0 0.289062 0.435417 0.190625 0.070833
0 0.167187 0.240625 0.109375 0.035417
0 0.176563 0.262500 0.065625 0.029167
0 0.184375 0.285417 0.056250 0.025000
0 0.185938 0.305208 0.053125 0.027083
0 0.182031 0.326042 0.057813 0.027083
0 0.180469 0.348958 0.057813 0.022917
0 0.184375 0.366667 0.056250 0.020833
0 0.184375 0.387500 0.046875 0.020833
0 0.185156 0.411458 0.032813 0.022917
0 0.078906 0.252083 0.157812 0.050000
0 0.083594 0.286458 0.164062 0.047917
0 0.086719 0.323958 0.173437 0.043750
0 0.089844 0.353125 0.176563 0.043750
0 0.086719 0.384375 0.170313 0.039583
0 0.084375 0.421875 0.168750 0.052083
0 0.086719 0.454167 0.170313 0.054167
