0 0.577344 0.068750 0.170313 0.104167
0 0.545312 0.185417 0.228125 0.087500
0 0.714844 0.129167 0.098437 0.079167
0 0.714063 0.219792 0.112500 0.077083
0 0.796094 0.266667 0.064062 0.041667
0 0.819531 0.205208 0.098437 0.056250
0 0.873437 0.233333 0.065625 0.045833
0 0.914062 0.258333 0.025000 0.029167
0 0.814063 0.137500 0.109375 0.050000
0 0.788281 0.079167 0.151562 0.070833
0 0.928125 0.223958 0.037500 0.052083
0 0.929688 0.272917 0.025000 0.033333
0 0.888281 0.558333 0.042188 0.050000
0 0.912500 0.535417 0.028125 0.041667
0 0.851562 0.565625 0.040625 0.056250
0 0.696875 0.553125 0.106250 0.072917
0 0.694531 0.635417 0.095312 0.083333
0 0.552344 0.698958 0.160938 0.102083
0 0.971875 0.566667 0.056250 0.033333
0 0.789844 0.612500 0.070312 0.054167
0 0.789062 0.575000 0.071875 0.054167
0 0.791406 0.541667 0.064062 0.045833
