0 0.941146 0.057407 0.107292 0.103704
0 0.946094 0.160185 0.107813 0.096296
0 0.946615 0.285185 0.103646 0.088889
0 0.853646 0.315278 0.072917 0.063889
0 0.852083 0.210185 0.084375 0.096296
0 0.788281 0.184722 0.070312 0.086111
0 0.781250 0.260185 0.054167 0.059259
0 0.782813 0.345833 0.054167 0.047222
0 0.740104 0.361111 0.033333 0.038889
0 0.704688 0.377315 0.028125 0.034259
0 0.767708 0.475000 0.095833 0.029630
0 0.704427 0.468056 0.032813 0.034259
0 0.719271 0.248148 0.053125 0.046296
0 0.743490 0.297222 0.036979 0.070370
0 0.708073 0.322685 0.030729 0.043519
0 0.702083 0.146296 0.033333 0.062963
0 0.733854 0.093981 0.038542 0.067593
0 0.715365 0.080556 0.042188 0.081481
0 0.665365 0.287963 0.039062 0.044444
0 0.637500 0.300000 0.021875 0.029630
0 0.669010 0.334259 0.039062 0.042593
0 0.673698 0.368056 0.032813 0.037963
0 0.652083 0.381944 0.007292 0.026852
0 0.642188 0.386574 0.012500 0.030556
0 0.626823 0.394444 0.011979 0.029630
0 0.643229 0.343056 0.012500 0.025000
0 0.630208 0.351389 0.011458 0.028704
0 0.658073 0.508796 0.054688 0.023148
0 0.625521 0.500463 0.012500 0.023148
0 0.664844 0.548611 0.059896 0.028704
0 0.221354 0.552315 0.050000 0.086111
0 0.060677 0.545833 0.115104 0.089815
0 0.072656 0.676389 0.095312 0.104630
0 0.007292 0.726852 0.007292 0.081481
0 0.076563 0.805556 0.103125 0.129630
0 0.157031 0.644907 0.075521 0.091667
0 0.160417 0.740278 0.071875 0.106481
0 0.219271 0.675463 0.058333 0.071296
0 0.260677 0.647685 0.039062 0.056481
0 0.293750 0.624537 0.036458 0.047222
0 0.276042 0.529630 0.059375 0.053704
0 0.384115 0.572685 0.089063 0.039815
0 0.386719 0.622222 0.083854 0.042593
0 0.071615 0.284259 0.097396 0.094444
0 0.013802 0.261574 0.027604 0.089815
0 0.017448 0.112963 0.034896 0.094444
0 0.142708 0.215741 0.082292 0.074074
0 0.150781 0.323611 0.068229 0.071296
0 0.215104 0.354167 0.062500 0.050926
0 0.291146 0.377778 0.027083 0.040741
0 0.102344 0.021296 0.169271 0.040741
0 0.163542 0.073148 0.155208 0.107407
0 0.237760 0.128704 0.060937 0.074074
0 0.251823 0.042130 0.033854 0.062037
0 0.279948 0.158333 0.036979 0.075926
0 0.277344 0.087500 0.032813 0.062037
