0 0.337500 0.568750 0.293750 0.108333
0 0.332813 0.765625 0.287500 0.118750
0 0.109375 0.569792 0.212500 0.122917
0 0.101562 0.811458 0.200000 0.147917
0 0.622656 0.643750 0.232813 0.091667
0 0.889062 0.641667 0.084375 0.041667
0 0.790625 0.646875 0.103125 0.068750
0 0.971875 0.638542 0.040625 0.039583
0 0.971094 0.523958 0.035937 0.035417
0 0.903125 0.267708 0.075000 0.068750
0 0.902344 0.313542 0.054688 0.068750
0 0.950000 0.347917 0.037500 0.058333
0 0.983594 0.370833 0.029687 0.054167
0 0.828125 0.246875 0.075000 0.097917
0 0.742969 0.180208 0.117188 0.122917
0 0.750000 0.060417 0.112500 0.116667
0 0.890625 0.033333 0.090625 0.062500
0 0.957812 0.090625 0.046875 0.097917
0 0.987500 0.141667 0.021875 0.075000
