0 0.786719 0.587500 0.182812 0.054167
0 0.784375 0.660417 0.175000 0.050000
0 0.228906 0.105208 0.179688 0.135417
0 0.414844 0.202083 0.135937 0.100000
0 0.607812 0.182292 0.062500 0.064583
0 0.604688 0.037500 0.071875 0.075000
0 0.601562 0.302083 0.071875 0.058333
0 0.545312 0.484375 0.159375 0.052083
0 0.536719 0.606250 0.167187 0.050000
0 0.400000 0.442708 0.134375 0.064583
0 0.388281 0.608333 0.123438 0.054167
0 0.197656 0.486458 0.198437 0.068750
0 0.053906 0.307292 0.107813 0.093750
0 0.049219 0.458333 0.098437 0.075000
0 0.196875 0.621875 0.193750 0.047917
0 0.282031 0.023958 0.079687 0.047917
0 0.069531 0.036458 0.135937 0.072917
0 0.042969 0.623958 0.085938 0.072917
