0 0.907031 0.311111 0.109896 0.096296
0 0.971094 0.296296 0.050521 0.088889
0 0.973437 0.138889 0.052083 0.088889
0 0.982812 0.513889 0.031250 0.074074
0 0.979688 0.645370 0.033333 0.079630
0 0.978646 0.862963 0.035417 0.081481
0 0.916146 0.800000 0.093750 0.114815
0 0.827083 0.336574 0.062500 0.086111
0 0.789323 0.199537 0.091146 0.062037
0 0.774479 0.281481 0.050000 0.066667
0 0.776042 0.357407 0.046875 0.053704
0 0.734635 0.300000 0.031771 0.050000
0 0.734375 0.233333 0.040625 0.050000
0 0.738802 0.374074 0.031771 0.048148
0 0.703125 0.314815 0.034375 0.048148
0 0.707812 0.380556 0.029167 0.048148
0 0.685417 0.288426 0.038542 0.034259
0 0.681510 0.339352 0.029687 0.032407
0 0.682292 0.388889 0.021875 0.027778
0 0.663021 0.399537 0.013542 0.030556
0 0.645573 0.405093 0.017188 0.030556
0 0.658333 0.356019 0.011458 0.034259
0 0.646875 0.360185 0.010417 0.029630
0 0.653906 0.312963 0.039062 0.029630
0 0.749740 0.109722 0.071354 0.073148
0 0.703125 0.084722 0.038542 0.054630
0 0.704948 0.149074 0.034896 0.074074
0 0.659375 0.221296 0.018750 0.048148
0 0.645833 0.237500 0.015625 0.043519
0 0.648177 0.190278 0.023438 0.037963
0 0.624479 0.251852 0.022917 0.050000
0 0.605990 0.240278 0.027604 0.037963
0 0.607552 0.271296 0.021354 0.042593
0 0.626563 0.329167 0.025000 0.028704
0 0.608854 0.335648 0.014583 0.019444
0 0.628125 0.368056 0.025000 0.032407
0 0.609375 0.368981 0.014583 0.025000
0 0.628906 0.397685 0.022396 0.026852
0 0.609635 0.408333 0.019271 0.024074
0 0.681771 0.468056 0.091667 0.023148
0 0.423438 0.541667 0.068750 0.020370
0 0.421094 0.582407 0.056771 0.035185
0 0.043229 0.217130 0.083333 0.093519
0 0.047135 0.300000 0.085938 0.072222
0 0.120833 0.314352 0.081250 0.106481
0 0.192188 0.343981 0.053125 0.069444
0 0.230729 0.280556 0.089583 0.064815
0 0.242188 0.362037 0.048958 0.057407
0 0.279167 0.372222 0.032292 0.055556
0 0.296615 0.318519 0.036979 0.037037
0 0.301302 0.382407 0.026562 0.037037
0 0.328646 0.392593 0.027083 0.033333
0 0.329167 0.512500 0.025000 0.028704
0 0.354427 0.507407 0.029687 0.025926
0 0.363281 0.572685 0.010937 0.034259
0 0.349479 0.584722 0.014583 0.039815
0 0.332031 0.596759 0.018229 0.045370
0 0.309115 0.563426 0.018229 0.045370
0 0.283073 0.571296 0.024479 0.053704
0 0.246094 0.597685 0.044271 0.047222
0 0.257812 0.505556 0.077083 0.051852
0 0.287240 0.644444 0.028646 0.057407
0 0.252865 0.662037 0.035937 0.070370
0 0.196875 0.709722 0.063542 0.084259
0 0.193229 0.557870 0.061458 0.065741
0 0.045573 0.843519 0.091146 0.109259
0 0.176042 0.035185 0.082292 0.066667
0 0.239583 0.026389 0.044792 0.050926
0 0.236719 0.093056 0.041146 0.089815
0 0.274740 0.139815 0.030729 0.075926
0 0.275000 0.073611 0.036458 0.069444
0 0.274740 0.040278 0.035937 0.067593
0 0.300781 0.056019 0.030729 0.058333
0 0.301563 0.110185 0.023958 0.055556
0 0.299219 0.177315 0.024479 0.067593
0 0.326823 0.211574 0.025521 0.060185
0 0.322917 0.155093 0.027083 0.052778
0 0.321615 0.106019 0.025521 0.062037
