0 0.208594 0.395833 0.064062 0.041667
0 0.280469 0.406250 0.079687 0.020833
0 0.280469 0.439583 0.079687 0.033333
0 0.210156 0.444792 0.067187 0.027083
0 0.218750 0.257292 0.071875 0.031250
0 0.215625 0.289583 0.068750 0.037500
0 0.293750 0.256250 0.071875 0.033333
0 0.292969 0.214583 0.073438 0.029167
0 0.371094 0.217708 0.070312 0.022917
0 0.367969 0.250000 0.073438 0.025000
0 0.365625 0.293750 0.071875 0.025000
0 0.292187 0.292708 0.065625 0.022917
0 0.439844 0.293750 0.076563 0.029167
0 0.605469 0.553125 0.198437 0.110417
0 0.546875 0.755208 0.118750 0.168750
0 0.467969 0.638542 0.060937 0.077083
0 0.541406 0.050000 0.082812 0.037500
0 0.235156 0.098958 0.067187 0.018750
0 0.307812 0.095833 0.068750 0.020833
0 0.304688 0.136458 0.075000 0.018750
0 0.234375 0.141667 0.059375 0.020833
0 0.785156 0.896875 0.210938 0.193750
0 0.810156 0.848958 0.273438 0.268750
0 0.839063 0.758333 0.290625 0.275000
0 0.850781 0.647917 0.282813 0.262500
0 0.848437 0.509375 0.287500 0.202083
0 0.848437 0.380208 0.284375 0.168750
0 0.853125 0.230208 0.287500 0.143750
0 0.853906 0.090625 0.282813 0.147917
0 0.487500 0.450000 0.059375 0.045833
