0 0.331250 0.064583 0.325000 0.125000
0 0.582031 0.132292 0.192188 0.135417
0 0.733594 0.196875 0.110937 0.097917
0 0.832031 0.255208 0.067187 0.064583
0 0.884375 0.288542 0.040625 0.043750
0 0.919531 0.311458 0.029687 0.031250
0 0.827344 0.035417 0.092188 0.070833
0 0.961719 0.346875 0.039062 0.031250
0 0.985938 0.513542 0.018750 0.031250
0 0.903125 0.536458 0.046875 0.052083
0 0.831250 0.578125 0.090625 0.052083
0 0.658594 0.639583 0.217188 0.108333
0 0.345313 0.745833 0.415625 0.166667
0 0.942187 0.548958 0.031250 0.039583
