0 0.527083 0.140278 0.087500 0.123148
0 0.465104 0.200000 0.038542 0.098148
0 0.434896 0.237037 0.025000 0.066667
0 0.411458 0.266204 0.014583 0.062037
0 0.394010 0.286574 0.014063 0.049074
0 0.377865 0.302315 0.013021 0.052778
0 0.393229 0.058333 0.022917 0.070370
0 0.416146 0.030556 0.043750 0.057407
0 0.381771 0.111111 0.025000 0.062963
0 0.018229 0.295833 0.034375 0.054630
0 0.044010 0.313426 0.025521 0.045370
0 0.068750 0.310185 0.027083 0.051852
0 0.094531 0.335648 0.025521 0.032407
0 0.114844 0.340741 0.019271 0.025926
0 0.044792 0.165278 0.087500 0.073148
0 0.076042 0.209722 0.089583 0.054630
0 0.082552 0.105093 0.058854 0.043519
0 0.055990 0.053241 0.091146 0.056481
