0 0.782031 0.283333 0.097396 0.085185
0 0.725260 0.232870 0.052604 0.071296
0 0.736198 0.153704 0.075521 0.081481
0 0.680208 0.192593 0.033333 0.064815
0 0.683594 0.266204 0.030729 0.065741
0 0.651042 0.288889 0.031250 0.046296
0 0.653125 0.350000 0.032292 0.042593
0 0.682031 0.336574 0.033854 0.052778
0 0.720833 0.315278 0.040625 0.067593
0 0.913542 0.278241 0.130208 0.086111
0 0.210417 0.692593 0.216667 0.127778
0 0.208854 0.796296 0.197917 0.138889
0 0.082292 0.337963 0.162500 0.079630
0 0.904167 0.487963 0.107292 0.064815
0 0.973177 0.481019 0.043229 0.078704
0 0.652344 0.087963 0.027604 0.077778
0 0.682292 0.039352 0.036458 0.071296
0 0.705469 0.009259 0.013021 0.016667
0 0.745052 0.534722 0.160938 0.034259
0 0.647396 0.527778 0.029167 0.038889
0 0.744531 0.607870 0.159896 0.043519
0 0.653646 0.593056 0.027083 0.034259
0 0.916667 0.137500 0.118750 0.119444
0 0.892708 0.036574 0.087500 0.067593
