0 0.816406 0.654167 0.120313 0.041667
0 0.935937 0.665625 0.128125 0.043750
0 0.097656 0.558333 0.195312 0.083333
0 0.096094 0.707292 0.192188 0.081250
0 0.122656 0.078125 0.245312 0.156250
0 0.287500 0.060417 0.253125 0.120833
0 0.322656 0.172917 0.167187 0.116667
0 0.477344 0.144792 0.114062 0.110417
0 0.473438 0.253125 0.112500 0.089583
0 0.463281 0.393750 0.101562 0.058333
0 0.296875 0.518750 0.212500 0.075000
0 0.294531 0.693750 0.214062 0.066667
0 0.561719 0.421875 0.092188 0.056250
0 0.565625 0.300000 0.084375 0.075000
0 0.567969 0.211458 0.079687 0.072917
0 0.646094 0.052083 0.057813 0.087500
0 0.702344 0.115625 0.054688 0.081250
0 0.740625 0.388542 0.043750 0.047917
0 0.632812 0.335417 0.065625 0.066667
0 0.631250 0.502083 0.065625 0.045833
0 0.692969 0.459375 0.042188 0.031250
0 0.630469 0.575000 0.064062 0.037500
0 0.628125 0.655208 0.068750 0.039583
0 0.730469 0.637500 0.042188 0.037500
0 0.728906 0.617708 0.039062 0.031250
0 0.696094 0.366667 0.048438 0.037500
0 0.696094 0.335417 0.045312 0.033333
0 0.695312 0.308333 0.046875 0.037500
0 0.691406 0.277083 0.039062 0.033333
0 0.697656 0.258333 0.051562 0.037500
0 0.703125 0.225000 0.046875 0.033333
0 0.705469 0.193750 0.045312 0.041667
0 0.781250 0.204167 0.031250 0.033333
0 0.781250 0.178125 0.021875 0.022917
0 0.780469 0.158333 0.020313 0.037500
0 0.785156 0.144792 0.026562 0.035417
0 0.785937 0.116667 0.028125 0.033333
0 0.789062 0.094792 0.021875 0.031250
