0 0.626823 0.068981 0.121354 0.126852
0 0.481771 0.205556 0.065625 0.092593
0 0.435156 0.247685 0.027604 0.080556
0 0.406510 0.277778 0.015104 0.074074
0 0.386458 0.288889 0.017708 0.070370
0 0.364323 0.315741 0.020313 0.050000
0 0.006250 0.304630 0.007292 0.031481
0 0.019792 0.319907 0.029167 0.037963
0 0.040365 0.337500 0.014063 0.039815
0 0.059896 0.329167 0.022917 0.041667
0 0.078906 0.343519 0.020313 0.031481
0 0.387500 0.078704 0.030208 0.077778
0 0.367188 0.118519 0.014583 0.053704
0 0.352344 0.153704 0.016146 0.062963
0 0.090365 0.234722 0.024479 0.037963
0 0.062760 0.194907 0.022396 0.041667
