0 0.089844 0.057292 0.179688 0.114583
0 0.089063 0.395833 0.178125 0.095833
0 0.291406 0.326042 0.189062 0.089583
0 0.082812 0.557292 0.165625 0.077083
0 0.079687 0.714583 0.159375 0.079167
0 0.464062 0.219792 0.121875 0.106250
0 0.446094 0.630208 0.129688 0.047917
0 0.442969 0.676042 0.126562 0.060417
0 0.596094 0.698958 0.182812 0.077083
0 0.804688 0.735417 0.243750 0.095833
0 0.965625 0.764583 0.068750 0.075000
0 0.311719 0.151042 0.189062 0.131250
0 0.308594 0.086458 0.179688 0.118750
0 0.316406 0.047917 0.167187 0.087500
