0 0.062500 0.158333 0.125000 0.058333
0 0.224219 0.066667 0.195312 0.054167
0 0.218750 0.166667 0.193750 0.058333
0 0.433594 0.195833 0.170313 0.066667
0 0.667188 0.150000 0.078125 0.054167
0 0.660937 0.029167 0.075000 0.058333
0 0.667969 0.255208 0.079687 0.052083
0 0.049219 0.393750 0.098437 0.066667
0 0.047656 0.528125 0.095312 0.068750
0 0.053906 0.643750 0.107813 0.066667
0 0.203906 0.512500 0.201563 0.066667
0 0.215625 0.629167 0.193750 0.062500
0 0.421094 0.428125 0.160938 0.056250
0 0.414844 0.587500 0.154688 0.070833
0 0.549219 0.562500 0.117188 0.062500
0 0.600781 0.423958 0.198437 0.047917
0 0.650781 0.541667 0.089063 0.050000
0 0.835156 0.519792 0.151562 0.052083
0 0.832031 0.580208 0.142187 0.056250
