0 0.815625 0.217130 0.067708 0.076852
0 0.836458 0.121296 0.109375 0.114815
0 0.818229 0.321296 0.073958 0.075926
0 0.904167 0.294444 0.110417 0.101852
0 0.977083 0.268519 0.043750 0.087037
0 0.976562 0.110185 0.044792 0.098148
0 0.904167 0.163889 0.102083 0.127778
0 0.301042 0.626852 0.139583 0.079630
0 0.306250 0.701852 0.136458 0.088889
0 0.132812 0.724537 0.071875 0.115741
0 0.049219 0.805093 0.091146 0.154630
0 0.081771 0.567130 0.158333 0.084259
0 0.202083 0.546759 0.079167 0.056481
0 0.130469 0.315278 0.064062 0.084259
0 0.127865 0.154630 0.066146 0.081481
0 0.207031 0.345833 0.092188 0.054630
0 0.739062 0.324074 0.066667 0.061111
0 0.919010 0.476852 0.154688 0.070370
0 0.809375 0.470833 0.056250 0.058333
0 0.714063 0.519907 0.111458 0.028704
0 0.713021 0.580093 0.106250 0.045370
0 0.645052 0.501389 0.024479 0.034259
0 0.646615 0.566204 0.019271 0.036111
0 0.721875 0.217130 0.079167 0.073148
0 0.669010 0.233796 0.026562 0.043519
0 0.703646 0.272685 0.038542 0.049074
0 0.671875 0.288426 0.021875 0.034259
0 0.648698 0.306944 0.020313 0.034259
0 0.650521 0.361111 0.018750 0.027778
0 0.672656 0.347685 0.023438 0.039815
0 0.700781 0.334722 0.027604 0.043519
0 0.673958 0.110185 0.030208 0.079630
0 0.648177 0.145833 0.019271 0.052778
0 0.645573 0.089352 0.022396 0.060185
0 0.666927 0.042130 0.030729 0.056481
