0 0.927344 0.680208 0.145313 0.197917
0 0.914844 0.831250 0.164062 0.195833
0 0.976562 0.216667 0.046875 0.037500
0 0.928125 0.227083 0.046875 0.033333
0 0.924219 0.014583 0.045312 0.029167
0 0.882031 0.033333 0.035937 0.050000
0 0.844531 0.073958 0.029687 0.039583
0 0.814844 0.095833 0.023438 0.037500
0 0.866406 0.223958 0.067187 0.031250
0 0.817187 0.232292 0.025000 0.027083
0 0.771875 0.246875 0.021875 0.022917
0 0.753125 0.252083 0.015625 0.020833
0 0.466406 0.140625 0.017188 0.039583
0 0.482812 0.164583 0.012500 0.033333
0 0.496094 0.180208 0.010937 0.031250
