0 0.934115 0.042593 0.091146 0.077778
0 0.865885 0.089815 0.085938 0.162963
0 0.808854 0.156019 0.048958 0.115741
0 0.770833 0.213889 0.027083 0.087037
0 0.746615 0.252315 0.028646 0.073148
0 0.726562 0.286574 0.018750 0.049074
0 0.070312 0.115278 0.135417 0.178704
0 0.172135 0.071296 0.097396 0.114815
0 0.178385 0.188889 0.091146 0.087037
0 0.248958 0.132870 0.079167 0.075000
0 0.250000 0.232407 0.072917 0.057407
0 0.300260 0.250000 0.058854 0.075926
0 0.336719 0.278241 0.067187 0.052778
0 0.372396 0.300000 0.047917 0.044444
0 0.401042 0.298148 0.046875 0.040741
0 0.434375 0.319907 0.034375 0.041667
0 0.460156 0.338426 0.018229 0.021296
0 0.363802 0.150000 0.136979 0.077778
0 0.427604 0.199074 0.083333 0.066667
0 0.391927 0.038889 0.098437 0.062963
0 0.436719 0.083333 0.050521 0.051852
0 0.733073 0.061574 0.027604 0.071296
0 0.478646 0.569444 0.016667 0.016667
