0 0.935937 0.152083 0.075000 0.058333
0 0.868750 0.167708 0.056250 0.047917
0 0.818750 0.182292 0.043750 0.039583
0 0.778125 0.192708 0.034375 0.031250
0 0.746875 0.203125 0.025000 0.031250
0 0.723437 0.213542 0.018750 0.027083
0 0.703906 0.223958 0.017188 0.018750
0 0.783594 0.042708 0.032813 0.043750
0 0.752344 0.068750 0.023438 0.037500
0 0.729688 0.089583 0.021875 0.033333
0 0.710156 0.112500 0.017188 0.025000
0 0.694531 0.127083 0.010937 0.016667
0 0.681250 0.141667 0.012500 0.020833
0 0.689063 0.231250 0.012500 0.016667
0 0.675000 0.236458 0.012500 0.014583
0 0.662500 0.240625 0.009375 0.014583
0 0.652344 0.244792 0.007812 0.010417
0 0.293750 0.019792 0.040625 0.039583
0 0.342187 0.067708 0.040625 0.064583
0 0.370312 0.107292 0.018750 0.043750
0 0.375781 0.053125 0.017188 0.043750
0 0.396875 0.083333 0.018750 0.037500
0 0.416406 0.161458 0.010937 0.027083
