0 0.039844 0.054167 0.079687 0.058333
0 0.030469 0.181250 0.060937 0.050000
0 0.184375 0.072917 0.193750 0.062500
0 0.175781 0.183333 0.195312 0.066667
0 0.360938 0.198958 0.175000 0.072917
0 0.021875 0.366667 0.043750 0.045833
0 0.156250 0.360417 0.212500 0.050000
0 0.355469 0.447917 0.185938 0.062500
0 0.356250 0.555208 0.184375 0.072917
0 0.354687 0.657292 0.184375 0.072917
0 0.635938 0.547917 0.093750 0.050000
0 0.629687 0.583333 0.087500 0.054167
0 0.731250 0.612500 0.128125 0.066667
0 0.860938 0.641667 0.140625 0.079167
0 0.964844 0.672917 0.070312 0.062500
0 0.528125 0.360417 0.143750 0.045833
0 0.642188 0.253125 0.090625 0.064583
0 0.778906 0.102083 0.054688 0.058333
0 0.818750 0.136458 0.034375 0.039583
0 0.654687 0.020833 0.056250 0.037500
0 0.536719 0.233333 0.123438 0.050000
0 0.533594 0.193750 0.129688 0.054167
0 0.537500 0.160417 0.131250 0.058333
0 0.535156 0.119792 0.132812 0.068750
0 0.537500 0.085417 0.131250 0.070833
0 0.539844 0.053125 0.139063 0.064583
0 0.542969 0.033333 0.120313 0.045833
0 0.721094 0.059375 0.060937 0.052083
0 0.716406 0.035417 0.057813 0.045833
0 0.718750 0.014583 0.053125 0.020833
