0 0.865104 0.760648 0.235417 0.097222
0 0.803125 0.653241 0.150000 0.034259
0 0.867448 0.701389 0.242188 0.093519
0 0.801562 0.623611 0.148958 0.037963
0 0.803906 0.589352 0.150521 0.034259
0 0.801302 0.557870 0.148438 0.023148
0 0.802344 0.525000 0.147396 0.029630
0 0.754948 0.390741 0.072396 0.027778
0 0.753646 0.420833 0.080208 0.019444
0 0.756250 0.443056 0.075000 0.013889
0 0.815104 0.476852 0.120833 0.025926
0 0.530729 0.134259 0.163542 0.053704
0 0.533854 0.179630 0.150000 0.040741
0 0.537240 0.218981 0.140104 0.032407
0 0.540885 0.251852 0.125521 0.035185
0 0.567708 0.292593 0.075000 0.042593
0 0.567448 0.330556 0.072396 0.027778
0 0.562760 0.356944 0.065104 0.030556
0 0.547656 0.397685 0.042188 0.034259
0 0.559375 0.537500 0.075000 0.037963
0 0.578906 0.579630 0.034896 0.031481
0 0.583333 0.614815 0.031250 0.033333
0 0.579948 0.648611 0.033854 0.032407
0 0.578906 0.679167 0.032813 0.017593
0 0.583333 0.706944 0.021875 0.030556
0 0.752344 0.362500 0.065104 0.019444
