0 0.655469 0.723958 0.151562 0.085417
0 0.775781 0.713542 0.117188 0.072917
0 0.837500 0.698958 0.056250 0.072917
0 0.953125 0.719792 0.090625 0.052083
0 0.182812 0.578125 0.353125 0.135417
0 0.169531 0.795833 0.329688 0.158333
0 0.378125 0.079167 0.412500 0.150000
0 0.677344 0.032292 0.142187 0.056250
0 0.754687 0.091667 0.171875 0.120833
0 0.859375 0.166667 0.075000 0.079167
0 0.859375 0.059375 0.065625 0.093750
0 0.922656 0.133333 0.057813 0.079167
0 0.920312 0.221875 0.046875 0.081250
0 0.963281 0.256250 0.032813 0.070833
0 0.988281 0.285417 0.017188 0.050000
0 0.463281 0.765625 0.232813 0.093750
0 0.459375 0.691667 0.237500 0.083333
0 0.467969 0.614583 0.220312 0.070833
