0 0.632031 0.868981 0.195312 0.243519
0 0.477865 0.644444 0.095312 0.129630
0 0.409635 0.579167 0.069271 0.121296
0 0.354427 0.535648 0.063021 0.091667
0 0.475260 0.150000 0.103646 0.138889
0 0.391667 0.181019 0.061458 0.108333
0 0.340625 0.205093 0.032292 0.080556
0 0.875521 0.224537 0.076042 0.045370
0 0.968750 0.319907 0.059375 0.037963
0 0.969271 0.230556 0.058333 0.050000
0 0.210677 0.106019 0.131771 0.036111
0 0.215104 0.151389 0.144792 0.045370
0 0.214323 0.197222 0.136979 0.051852
0 0.210677 0.244907 0.145313 0.054630
0 0.213021 0.286111 0.148958 0.042593
0 0.210938 0.331481 0.150000 0.046296
0 0.214844 0.374074 0.149479 0.046296
0 0.214844 0.420833 0.145313 0.039815
0 0.214844 0.459722 0.143229 0.050926
0 0.219271 0.502778 0.138542 0.042593
0 0.218490 0.546296 0.130729 0.059259
0 0.230208 0.585648 0.123958 0.063889
