0 0.375781 0.333333 0.357812 0.116667
0 0.204687 0.456250 0.328125 0.129167
0 0.197656 0.667708 0.314063 0.097917
0 0.451562 0.650000 0.193750 0.075000
0 0.457813 0.492708 0.181250 0.093750
0 0.610156 0.517708 0.123438 0.060417
0 0.610156 0.653125 0.132812 0.064583
0 0.725781 0.638542 0.085938 0.060417
0 0.799219 0.629167 0.051562 0.054167
0 0.856250 0.627083 0.040625 0.058333
0 0.828125 0.502083 0.106250 0.054167
0 0.734375 0.465625 0.093750 0.068750
0 0.975000 0.604167 0.050000 0.037500
0 0.971875 0.676042 0.056250 0.043750
0 0.391406 0.067708 0.376563 0.127083
0 0.609375 0.051042 0.171875 0.093750
0 0.625781 0.151042 0.135937 0.110417
0 0.745313 0.242708 0.087500 0.106250
0 0.858594 0.325000 0.045312 0.054167
0 0.871875 0.201042 0.028125 0.068750
0 0.829688 0.046875 0.134375 0.085417
0 0.925000 0.376042 0.087500 0.056250
