0 0.217969 0.275000 0.329688 0.062500
0 0.228906 0.517708 0.307812 0.064583
0 0.632812 0.430208 0.115625 0.035417
0 0.571875 0.428125 0.012500 0.014583
0 0.560937 0.425000 0.012500 0.016667
0 0.760938 0.165625 0.084375 0.035417
0 0.818750 0.162500 0.034375 0.025000
0 0.966406 0.050000 0.067187 0.062500
0 0.444531 0.137500 0.039062 0.012500
0 0.486719 0.137500 0.042188 0.008333
0 0.531250 0.136458 0.040625 0.010417
0 0.449219 0.202083 0.039062 0.012500
0 0.489844 0.202083 0.039062 0.012500
0 0.449219 0.223958 0.039062 0.010417
0 0.490625 0.223958 0.040625 0.010417
0 0.487500 0.267708 0.037500 0.010417
0 0.526563 0.268750 0.037500 0.008333
0 0.449219 0.288542 0.039062 0.010417
0 0.487500 0.289583 0.037500 0.012500
0 0.526563 0.289583 0.037500 0.012500
0 0.449219 0.309375 0.039062 0.010417
0 0.489063 0.309375 0.037500 0.010417
0 0.526563 0.310417 0.037500 0.008333
0 0.448437 0.367708 0.037500 0.010417
0 0.486719 0.367708 0.039062 0.010417
0 0.449219 0.388542 0.035937 0.010417
0 0.485938 0.388542 0.037500 0.010417
0 0.621094 0.263542 0.070312 0.010417
0 0.619531 0.279167 0.073438 0.008333
0 0.621875 0.292708 0.078125 0.018750
0 0.619531 0.308333 0.076563 0.016667
0 0.621094 0.323958 0.079687 0.014583
