0 0.038281 0.050000 0.067187 0.091667
0 0.217969 0.073958 0.320312 0.131250
0 0.496094 0.128125 0.254688 0.152083
0 0.506250 0.032292 0.234375 0.060417
0 0.683594 0.206250 0.151562 0.116667
0 0.792188 0.246875 0.071875 0.089583
0 0.843750 0.284375 0.053125 0.056250
0 0.844531 0.216667 0.048438 0.062500
0 0.882031 0.244792 0.032813 0.043750
0 0.879687 0.309375 0.034375 0.047917
0 0.906250 0.326042 0.021875 0.035417
0 0.927344 0.341667 0.017188 0.029167
0 0.914844 0.287500 0.042188 0.033333
0 0.755469 0.401042 0.210938 0.052083
0 0.876563 0.396875 0.031250 0.027083
0 0.749219 0.480208 0.229687 0.052083
0 0.687500 0.626042 0.246875 0.097917
0 0.832812 0.594792 0.056250 0.056250
0 0.888281 0.550000 0.032813 0.041667
0 0.894531 0.498958 0.029687 0.035417
0 0.921094 0.538542 0.035937 0.035417
0 0.920312 0.469792 0.037500 0.031250
0 0.767188 0.037500 0.175000 0.062500
0 0.858594 0.107292 0.082812 0.077083
0 0.899219 0.164583 0.067187 0.062500
0 0.937500 0.207292 0.025000 0.047917
0 0.957031 0.235417 0.017188 0.045833
0 0.941406 0.356250 0.014063 0.033333
0 0.954688 0.361458 0.012500 0.031250
0 0.941406 0.304167 0.010937 0.020833
0 0.937500 0.409375 0.015625 0.014583
0 0.953125 0.412500 0.012500 0.016667
