0 0.943750 0.641667 0.059375 0.066667
0 0.948438 0.601042 0.059375 0.052083
0 0.950000 0.565625 0.056250 0.031250
0 0.944531 0.530208 0.073438 0.043750
0 0.946875 0.487500 0.068750 0.041667
0 0.946875 0.446875 0.068750 0.039583
0 0.884375 0.396875 0.193750 0.047917
0 0.821875 0.726042 0.137500 0.097917
0 0.660156 0.787500 0.201563 0.120833
0 0.674219 0.500000 0.217188 0.104167
0 0.389844 0.514583 0.373437 0.104167
0 0.082812 0.695833 0.165625 0.175000
0 0.092188 0.885417 0.184375 0.087500
0 0.407813 0.868750 0.306250 0.129167
0 0.842187 0.543750 0.125000 0.079167
0 0.631250 0.322917 0.043750 0.020833
0 0.676562 0.317708 0.043750 0.018750
0 0.593750 0.320833 0.043750 0.020833
0 0.533594 0.323958 0.029687 0.018750
0 0.125781 0.421875 0.029687 0.010417
0 0.097656 0.421875 0.026562 0.010417
0 0.069531 0.423958 0.029687 0.010417
0 0.015625 0.233333 0.009375 0.012500
0 0.033594 0.246875 0.007812 0.010417
0 0.010156 0.320833 0.010937 0.012500
0 0.028125 0.325000 0.009375 0.008333
0 0.035156 0.430208 0.007812 0.010417
0 0.009375 0.443750 0.012500 0.012500
0 0.936719 0.145833 0.126562 0.033333
0 0.877344 0.351042 0.210938 0.060417
0 0.878125 0.311458 0.215625 0.056250
0 0.953125 0.275000 0.081250 0.066667
0 0.944531 0.230208 0.070312 0.052083
0 0.412500 0.062500 0.325000 0.116667
