0 0.121094 0.800000 0.242188 0.175000
0 0.441406 0.635417 0.357812 0.091667
0 0.723437 0.610417 0.087500 0.045833
0 0.795312 0.612500 0.059375 0.041667
0 0.844531 0.604167 0.042188 0.033333
0 0.879687 0.603125 0.034375 0.027083
0 0.907813 0.603125 0.025000 0.018750
0 0.431250 0.081250 0.228125 0.162500
0 0.610156 0.213542 0.160938 0.135417
0 0.722656 0.290625 0.067187 0.077083
0 0.803125 0.355208 0.056250 0.056250
0 0.854688 0.391667 0.046875 0.050000
0 0.888281 0.415625 0.029687 0.043750
0 0.888281 0.232292 0.039062 0.056250
0 0.939844 0.309375 0.032813 0.047917
0 0.957812 0.331250 0.021875 0.037500
0 0.896094 0.038542 0.032813 0.064583
0 0.921875 0.100000 0.025000 0.041667
0 0.950781 0.600000 0.020313 0.025000
