0 0.835156 0.677083 0.267188 0.104167
0 0.984375 0.671875 0.021875 0.060417
0 0.842187 0.401042 0.131250 0.039583
0 0.962500 0.445833 0.056250 0.025000
0 0.162500 0.345833 0.312500 0.191667
0 0.156250 0.812500 0.309375 0.179167
0 0.412500 0.771875 0.225000 0.131250
0 0.606250 0.712500 0.109375 0.050000
0 0.607812 0.660417 0.112500 0.054167
0 0.595313 0.597917 0.137500 0.070833
0 0.595313 0.538542 0.140625 0.085417
0 0.602344 0.480208 0.135937 0.097917
0 0.603906 0.422917 0.142187 0.095833
0 0.546875 0.373958 0.256250 0.089583
0 0.508594 0.311458 0.342187 0.068750
0 0.539062 0.262500 0.287500 0.062500
0 0.856250 0.242708 0.056250 0.022917
0 0.614844 0.187500 0.129688 0.100000
