0 0.933854 0.241667 0.048958 0.059259
0 0.978906 0.221296 0.040104 0.072222
0 0.980990 0.319907 0.035937 0.063889
0 0.935937 0.342593 0.050000 0.061111
0 0.895312 0.278241 0.045833 0.067593
0 0.855990 0.300926 0.022396 0.057407
0 0.830990 0.312500 0.023438 0.041667
0 0.804427 0.329167 0.020313 0.045370
0 0.934635 0.700000 0.052604 0.088889
0 0.980990 0.745370 0.029687 0.077778
0 0.776302 0.575463 0.153646 0.052778
0 0.773698 0.639352 0.152604 0.047222
0 0.254167 0.171759 0.279167 0.113889
0 0.199740 0.066204 0.388021 0.102778
0 0.419271 0.250926 0.079167 0.070370
0 0.471615 0.237963 0.048438 0.042593
0 0.498437 0.259259 0.025000 0.029630
0 0.500521 0.312963 0.019792 0.042593
0 0.435417 0.295370 0.112500 0.038889
0 0.860417 0.037037 0.035417 0.068519
0 0.831771 0.075926 0.037500 0.081481
0 0.807552 0.124537 0.025521 0.047222
0 0.789583 0.148611 0.012500 0.041667
