0 0.532031 0.747917 0.539062 0.283333
0 0.535156 0.872917 0.507812 0.233333
0 0.096875 0.939583 0.190625 0.112500
0 0.528125 0.089583 0.143750 0.133333
0 0.370312 0.039583 0.168750 0.070833
0 0.580469 0.154167 0.242188 0.083333
0 0.596875 0.237500 0.200000 0.070833
0 0.725000 0.267708 0.056250 0.056250
0 0.770312 0.286458 0.037500 0.043750
0 0.730469 0.188542 0.057813 0.056250
0 0.785156 0.179167 0.079687 0.041667
0 0.757812 0.128125 0.125000 0.052083
0 0.746094 0.020833 0.067187 0.037500
0 0.789844 0.063542 0.051562 0.052083
0 0.821875 0.097917 0.034375 0.050000
0 0.834375 0.204167 0.025000 0.037500
0 0.829688 0.160417 0.018750 0.029167
0 0.802344 0.233333 0.048438 0.041667
0 0.831250 0.253125 0.031250 0.027083
0 0.850781 0.275000 0.014063 0.020833
0 0.850781 0.223958 0.020313 0.027083
0 0.716406 0.495833 0.067187 0.054167
0 0.763281 0.507292 0.060937 0.035417
0 0.765625 0.529167 0.053125 0.037500
0 0.800000 0.533333 0.040625 0.041667
0 0.827344 0.517708 0.035937 0.035417
0 0.914062 0.518750 0.087500 0.037500
0 0.867969 0.290625 0.020313 0.018750
0 0.866406 0.244792 0.017188 0.022917
