0 0.920833 0.144907 0.078125 0.102778
0 0.920052 0.269444 0.077604 0.072222
0 0.841146 0.297685 0.070833 0.075000
0 0.776302 0.326852 0.047396 0.066667
0 0.732552 0.307407 0.047396 0.053704
0 0.738281 0.343519 0.043229 0.055556
0 0.694271 0.360648 0.037500 0.052778
0 0.662240 0.373148 0.026562 0.038889
0 0.678646 0.315278 0.058333 0.036111
0 0.629948 0.386574 0.015104 0.025000
0 0.616406 0.392130 0.011979 0.032407
0 0.621615 0.351389 0.031771 0.026852
0 0.728646 0.619444 0.035417 0.053704
0 0.836458 0.679630 0.075000 0.079630
0 0.835417 0.525926 0.077083 0.050000
0 0.922656 0.738426 0.086979 0.087963
0 0.928125 0.626852 0.091667 0.088889
0 0.405729 0.550463 0.042708 0.023148
0 0.452083 0.549537 0.047917 0.021296
0 0.497396 0.546759 0.040625 0.023148
0 0.687240 0.580556 0.050521 0.040741
0 0.653125 0.570370 0.017708 0.033333
0 0.633333 0.529630 0.009375 0.022222
0 0.635417 0.577315 0.017708 0.028704
0 0.619792 0.568056 0.013542 0.015741
0 0.620313 0.526389 0.012500 0.021296
0 0.771354 0.045370 0.046875 0.085185
0 0.732812 0.106944 0.044792 0.056481
0 0.727604 0.036574 0.038542 0.060185
0 0.693229 0.086111 0.038542 0.064815
0 0.691927 0.148148 0.032813 0.083333
0 0.665885 0.124537 0.025521 0.054630
0 0.666927 0.184722 0.021354 0.056481
0 0.644010 0.213889 0.018229 0.059259
0 0.019792 0.294444 0.038542 0.079630
0 0.019792 0.147685 0.038542 0.097222
0 0.087500 0.071759 0.098958 0.130556
0 0.085417 0.189352 0.094792 0.119444
0 0.088542 0.320833 0.101042 0.095370
0 0.175260 0.347222 0.072396 0.079630
0 0.228125 0.363426 0.039583 0.062037
0 0.258854 0.373611 0.030208 0.039815
0 0.259635 0.304630 0.026562 0.048148
0 0.287240 0.324074 0.026562 0.031481
0 0.282031 0.381019 0.033854 0.050926
0 0.305990 0.397685 0.017188 0.034259
0 0.321615 0.401389 0.018229 0.034259
0 0.313281 0.344907 0.031771 0.028704
0 0.334635 0.403241 0.015104 0.036111
0 0.336458 0.353704 0.015625 0.022222
0 0.349740 0.407407 0.010937 0.020370
0 0.348438 0.367130 0.012500 0.019444
0 0.191146 0.492130 0.168750 0.034259
0 0.183854 0.563426 0.185417 0.050926
0 0.133073 0.702315 0.247396 0.073148
0 0.261979 0.672222 0.035417 0.050000
0 0.279687 0.477778 0.032292 0.033333
0 0.300521 0.568056 0.025000 0.037963
0 0.300781 0.624537 0.021354 0.039815
0 0.318490 0.539815 0.041146 0.033333
0 0.324479 0.605556 0.035417 0.048148
0 0.335156 0.469444 0.018229 0.025926
0 0.348958 0.468519 0.018750 0.018519
0 0.360677 0.495370 0.010937 0.016667
0 0.360677 0.534259 0.014063 0.022222
0 0.359635 0.570370 0.017188 0.027778
0 0.357552 0.412963 0.006771 0.016667
0 0.365885 0.414352 0.014063 0.019444
0 0.365365 0.395833 0.013021 0.013889
0 0.374479 0.537037 0.011458 0.020370
0 0.376302 0.551852 0.009896 0.018519
0 0.626823 0.232407 0.020313 0.040741
0 0.606250 0.262963 0.022917 0.033333
0 0.596615 0.397222 0.011979 0.025926
0 0.585938 0.398148 0.011458 0.020370
0 0.613281 0.104630 0.011979 0.042593
0 0.602344 0.130093 0.015104 0.047222
0 0.214062 0.045370 0.039583 0.087037
0 0.249219 0.102778 0.029687 0.061111
0 0.278906 0.150000 0.023438 0.050000
0 0.303906 0.184259 0.019271 0.044444
0 0.318490 0.160648 0.019271 0.037963
0 0.321354 0.216667 0.014583 0.035185
0 0.330208 0.068056 0.012500 0.036111
0 0.342969 0.099537 0.011979 0.039815
0 0.336198 0.232407 0.014063 0.033333
