0 0.618750 0.110417 0.128125 0.054167
0 0.714844 0.103125 0.060937 0.035417
0 0.607812 0.279167 0.056250 0.033333
0 0.607812 0.384375 0.050000 0.018750
0 0.820312 0.167708 0.106250 0.064583
0 0.488281 0.425000 0.145313 0.029167
0 0.410156 0.421875 0.017188 0.022917
0 0.397656 0.416667 0.014063 0.016667
0 0.046094 0.556250 0.026562 0.091667
0 0.020313 0.633333 0.040625 0.129167
0 0.257031 0.069792 0.045312 0.014583
0 0.256250 0.085417 0.043750 0.012500
0 0.305469 0.087500 0.045312 0.012500
0 0.356250 0.088542 0.046875 0.014583
0 0.263281 0.161458 0.045312 0.010417
0 0.310156 0.161458 0.045312 0.010417
0 0.263281 0.186458 0.045312 0.010417
0 0.311719 0.185417 0.045312 0.012500
0 0.309375 0.236458 0.043750 0.010417
0 0.354687 0.238542 0.043750 0.010417
0 0.263281 0.260417 0.045312 0.012500
0 0.309375 0.260417 0.043750 0.008333
0 0.353125 0.260417 0.040625 0.012500
0 0.264844 0.283333 0.045312 0.008333
0 0.310937 0.283333 0.043750 0.012500
0 0.353906 0.282292 0.039062 0.010417
0 0.264844 0.350000 0.042188 0.012500
0 0.310156 0.348958 0.042188 0.010417
0 0.266406 0.371875 0.042188 0.010417
0 0.311719 0.371875 0.045312 0.010417
0 0.464844 0.221875 0.082812 0.018750
0 0.468750 0.240625 0.075000 0.018750
0 0.468750 0.256250 0.075000 0.012500
0 0.468750 0.269792 0.075000 0.014583
0 0.471094 0.282292 0.079687 0.010417
0 0.471875 0.297917 0.078125 0.020833
