0 0.194531 0.066667 0.295312 0.129167
0 0.308594 0.125000 0.239063 0.133333
0 0.440625 0.118750 0.065625 0.083333
0 0.385937 0.195833 0.171875 0.070833
0 0.496094 0.171875 0.064062 0.064583
0 0.478125 0.243750 0.081250 0.070833
0 0.518750 0.276042 0.075000 0.043750
0 0.556250 0.311458 0.040625 0.052083
0 0.583594 0.326042 0.029687 0.043750
0 0.608594 0.329167 0.029687 0.041667
0 0.579688 0.212500 0.121875 0.070833
0 0.495312 0.061458 0.140625 0.085417
0 0.446875 0.016667 0.159375 0.033333
0 0.642188 0.261458 0.065625 0.043750
