0 0.581250 0.658333 0.190625 0.066667
0 0.532813 0.553125 0.168750 0.047917
0 0.822656 0.486458 0.148438 0.039583
0 0.232031 0.603125 0.201563 0.043750
0 0.340625 0.329167 0.046875 0.020833
0 0.335156 0.394792 0.054688 0.018750
0 0.335156 0.420833 0.054688 0.016667
0 0.092188 0.633333 0.053125 0.033333
0 0.092188 0.597917 0.053125 0.037500
0 0.094531 0.558333 0.048438 0.041667
0 0.100000 0.515625 0.059375 0.043750
0 0.101562 0.469792 0.056250 0.047917
0 0.103125 0.431250 0.059375 0.029167
0 0.105469 0.391667 0.054688 0.050000
0 0.110156 0.351042 0.064062 0.031250
0 0.110937 0.307292 0.062500 0.056250
0 0.112500 0.256250 0.065625 0.045833
