0 0.434375 0.800000 0.168750 0.133333
0 0.612500 0.746875 0.203125 0.135417
0 0.726562 0.642708 0.056250 0.068750
0 0.678906 0.198958 0.148438 0.122917
0 0.674219 0.255208 0.148438 0.110417
0 0.789062 0.292708 0.084375 0.089583
0 0.849219 0.328125 0.039062 0.056250
0 0.444531 0.110417 0.320312 0.166667
0 0.440625 0.185417 0.318750 0.158333
0 0.127344 0.161458 0.251563 0.143750
0 0.162500 0.981250 0.137500 0.033333
0 0.832812 0.041667 0.056250 0.083333
0 0.875781 0.061458 0.026562 0.060417
0 0.876563 0.088542 0.028125 0.064583
0 0.889062 0.345833 0.028125 0.029167
0 0.920312 0.358333 0.028125 0.033333
0 0.049219 0.402083 0.045312 0.020833
