0 0.928385 0.836574 0.143229 0.189815
0 0.813802 0.726389 0.105729 0.134259
0 0.727344 0.658796 0.063021 0.075000
0 0.678646 0.609722 0.046875 0.049074
0 0.936719 0.222222 0.124479 0.125926
0 0.813281 0.289352 0.117188 0.106481
0 0.733073 0.332407 0.050521 0.066667
0 0.676562 0.370370 0.050000 0.044444
0 0.643229 0.381944 0.021875 0.034259
0 0.165104 0.905556 0.181250 0.183333
0 0.267969 0.782407 0.123438 0.138889
0 0.343490 0.700000 0.030729 0.077778
0 0.188802 0.276389 0.149479 0.163889
0 0.186719 0.399074 0.130729 0.094444
0 0.286458 0.416204 0.071875 0.050926
0 0.344271 0.428241 0.039583 0.041667
0 0.373177 0.435648 0.021354 0.034259
0 0.371354 0.656481 0.028125 0.061111
0 0.360156 0.241204 0.036979 0.054630
0 0.328125 0.173148 0.038542 0.079630
0 0.059635 0.377315 0.113021 0.123148
0 0.245833 0.068981 0.121875 0.125000
0 0.712240 0.049537 0.066146 0.089815
0 0.671615 0.111111 0.035937 0.094444
0 0.639323 0.181481 0.029687 0.066667
0 0.617448 0.223611 0.017188 0.050926
0 0.614844 0.574537 0.036979 0.047222
0 0.645312 0.585648 0.021875 0.030556
0 0.584635 0.562500 0.032813 0.026852
0 0.581250 0.500463 0.030208 0.015741
0 0.507031 0.460648 0.036979 0.013889
