0 0.750781 0.566667 0.142187 0.055556
0 0.848698 0.540278 0.090104 0.028704
0 0.854167 0.569444 0.079167 0.031481
0 0.934115 0.439815 0.079687 0.037037
0 0.938802 0.503704 0.081771 0.042593
0 0.927344 0.565278 0.059896 0.032407
0 0.936979 0.234722 0.086458 0.034259
0 0.934115 0.263426 0.083854 0.041667
0 0.972396 0.568056 0.053125 0.091667
0 0.967187 0.659259 0.063542 0.114815
0 0.962760 0.757407 0.074479 0.125926
0 0.165104 0.061574 0.071875 0.110185
0 0.154427 0.081944 0.038021 0.063889
0 0.152865 0.122685 0.038021 0.063889
0 0.156250 0.154630 0.047917 0.070370
0 0.156250 0.188426 0.051042 0.073148
0 0.157812 0.227778 0.047917 0.051852
0 0.152083 0.261111 0.042708 0.044444
0 0.155208 0.306481 0.042708 0.046296
0 0.155208 0.336574 0.045833 0.037963
0 0.169271 0.627778 0.027083 0.042593
0 0.169271 0.589352 0.021875 0.028704
0 0.168750 0.552315 0.025000 0.032407
0 0.166927 0.518056 0.024479 0.032407
0 0.167448 0.481944 0.023438 0.039815
