0 0.742708 0.050926 0.103125 0.079630
0 0.643490 0.110648 0.089063 0.076852
0 0.539844 0.168981 0.073438 0.063889
0 0.483333 0.211574 0.103125 0.062037
0 0.221094 0.477315 0.031771 0.076852
0 0.451042 0.660185 0.270833 0.098148
0 0.661979 0.298148 0.062500 0.046296
0 0.709375 0.293981 0.030208 0.026852
0 0.711458 0.509259 0.037500 0.029630
0 0.679688 0.516204 0.027083 0.041667
0 0.895312 0.652315 0.201042 0.065741
0 0.896615 0.594444 0.198437 0.050000
0 0.895312 0.544444 0.201042 0.050000
0 0.894010 0.486574 0.198437 0.065741
0 0.896615 0.428241 0.198437 0.080556
0 0.894010 0.360185 0.198437 0.105556
0 0.890885 0.307870 0.198437 0.080556
0 0.892448 0.252315 0.201563 0.121296
0 0.885417 0.201852 0.209375 0.111111
0 0.894010 0.136111 0.198437 0.120370
0 0.889583 0.075926 0.195833 0.120370
0 0.767708 0.589815 0.062500 0.038889
0 0.766406 0.552315 0.059896 0.036111
0 0.764583 0.518981 0.063542 0.030556
0 0.764844 0.485648 0.064062 0.036111
0 0.765365 0.451389 0.063021 0.032407
0 0.765625 0.415741 0.063542 0.038889
0 0.761458 0.378241 0.063542 0.045370
0 0.758594 0.341667 0.063021 0.048148
0 0.758854 0.306944 0.068750 0.058333
0 0.758594 0.275926 0.063021 0.055556
0 0.753125 0.244444 0.068750 0.059259
0 0.753385 0.207870 0.077604 0.062037
0 0.624219 0.579630 0.085938 0.029630
0 0.625521 0.546296 0.088542 0.037037
0 0.621354 0.515278 0.087500 0.025000
0 0.623698 0.486574 0.092188 0.032407
0 0.624740 0.455093 0.090104 0.030556
0 0.623958 0.429167 0.088542 0.023148
0 0.619531 0.401389 0.079687 0.028704
0 0.618490 0.375926 0.094271 0.031481
0 0.620573 0.347685 0.089063 0.034259
0 0.605729 0.318981 0.114583 0.041667
0 0.593229 0.280556 0.153125 0.066667
0 0.504167 0.550000 0.134375 0.031481
0 0.501042 0.520370 0.140625 0.037037
0 0.503385 0.493056 0.143229 0.045370
0 0.501302 0.462037 0.143229 0.042593
0 0.501302 0.430556 0.144271 0.050000
0 0.498177 0.393519 0.139063 0.050000
