0 0.155469 0.802778 0.305729 0.224074
0 0.563802 0.592130 0.165104 0.060185
0 0.351562 0.487963 0.120833 0.407407
0 0.336719 0.262037 0.117188 0.087037
0 0.773698 0.144444 0.026562 0.025926
0 0.721615 0.182407 0.076563 0.066667
0 0.628906 0.229167 0.055729 0.036111
0 0.569271 0.259722 0.059375 0.043519
0 0.873698 0.600926 0.164062 0.038889
0 0.876042 0.563889 0.170833 0.038889
0 0.877344 0.531481 0.168229 0.025926
0 0.877344 0.496296 0.168229 0.044444
0 0.869792 0.457407 0.183333 0.033333
0 0.871615 0.417593 0.186979 0.046296
0 0.874479 0.381944 0.176042 0.034259
0 0.872917 0.344444 0.179167 0.040741
0 0.878646 0.311111 0.183333 0.062963
0 0.879427 0.276389 0.184896 0.071296
0 0.885677 0.241204 0.192188 0.076852
0 0.882812 0.204630 0.193750 0.077778
0 0.877604 0.166204 0.181250 0.080556
0 0.876563 0.129630 0.183333 0.081481
0 0.877083 0.089352 0.182292 0.073148
0 0.873698 0.056944 0.179688 0.097222
0 0.697396 0.562963 0.084375 0.024074
0 0.698438 0.538889 0.082292 0.024074
0 0.698958 0.515741 0.083333 0.022222
0 0.696094 0.492130 0.089063 0.025000
0 0.696094 0.467593 0.089063 0.024074
0 0.701302 0.445370 0.078646 0.020370
0 0.698958 0.425000 0.076042 0.020370
0 0.703385 0.393981 0.067187 0.041667
0 0.681250 0.358333 0.111458 0.024074
0 0.670833 0.329167 0.134375 0.030556
0 0.784896 0.567130 0.015625 0.025000
0 0.784375 0.544444 0.016667 0.020370
0 0.786719 0.522222 0.021354 0.024074
0 0.788281 0.496296 0.020313 0.027778
0 0.601042 0.524537 0.108333 0.028704
0 0.598698 0.496296 0.103646 0.027778
0 0.599219 0.473148 0.102604 0.018519
0 0.604948 0.448611 0.114062 0.030556
0 0.611719 0.419444 0.102604 0.027778
