0 0.610938 0.041204 0.129167 0.073148
0 0.616406 0.110185 0.131771 0.083333
0 0.617188 0.248611 0.118750 0.078704
0 0.552604 0.286574 0.015625 0.058333
0 0.534896 0.312500 0.013542 0.043519
0 0.622656 0.381481 0.143229 0.059259
0 0.545833 0.405093 0.034375 0.054630
0 0.036719 0.275000 0.068229 0.181481
0 0.034115 0.605093 0.061979 0.180556
0 0.034635 0.896759 0.068229 0.202778
0 0.489583 0.579630 0.094792 0.035185
0 0.638281 0.584259 0.179688 0.040741
0 0.904948 0.214352 0.042188 0.047222
0 0.947656 0.185648 0.059896 0.026852
0 0.935937 0.073148 0.064583 0.062963
0 0.951042 0.321296 0.051042 0.038889
0 0.900521 0.338889 0.051042 0.040741
