0 0.591667 0.655093 0.272917 0.099074
0 0.436979 0.566204 0.029167 0.041667
0 0.539583 0.326389 0.184375 0.089815
0 0.433854 0.364352 0.022917 0.078704
0 0.412500 0.391667 0.020833 0.038889
0 0.329948 0.631019 0.152604 0.065741
0 0.529948 0.121296 0.186979 0.140741
0 0.441927 0.203704 0.044271 0.096296
0 0.417187 0.242130 0.040625 0.060185
0 0.414844 0.073148 0.043229 0.083333
0 0.153906 0.572685 0.040104 0.028704
0 0.952344 0.293056 0.095312 0.058333
0 0.982552 0.197685 0.032813 0.039815
0 0.934115 0.219907 0.065104 0.054630
