0 0.845313 0.286111 0.241667 0.129630
0 0.658854 0.341667 0.141667 0.090741
0 0.545573 0.389815 0.079687 0.059259
0 0.461979 0.423611 0.072917 0.054630
0 0.401042 0.442130 0.048958 0.045370
0 0.380469 0.721759 0.086979 0.086111
0 0.310937 0.731944 0.057292 0.047222
0 0.276302 0.710648 0.036979 0.045370
0 0.242448 0.706019 0.066146 0.054630
0 0.117188 0.400463 0.120833 0.025000
0 0.482031 0.838426 0.196354 0.145370
0 0.589323 0.850926 0.196354 0.125926
0 0.857031 0.685648 0.075521 0.049074
0 0.938021 0.685648 0.112500 0.082407
0 0.798958 0.648611 0.072917 0.050926
0 0.698958 0.640278 0.093750 0.052778
0 0.668229 0.106019 0.176042 0.139815
0 0.559115 0.178704 0.155729 0.088889
0 0.549479 0.274537 0.128125 0.102778
0 0.454167 0.318981 0.073958 0.065741
0 0.454688 0.246296 0.065625 0.079630
0 0.974479 0.132870 0.045833 0.052778
0 0.978385 0.216667 0.030729 0.061111
0 0.162240 0.622685 0.066146 0.082407
