0 0.102344 0.186806 0.204687 0.165278
0 0.278125 0.273611 0.156250 0.138889
0 0.474609 0.175000 0.177344 0.072222
0 0.449609 0.100694 0.174219 0.104167
0 0.387109 0.030556 0.169531 0.061111
0 0.534375 0.230556 0.132812 0.063889
0 0.601562 0.274306 0.021875 0.045833
0 0.622656 0.304861 0.026562 0.043056
0 0.639062 0.331250 0.018750 0.031944
0 0.651563 0.354861 0.015625 0.031944
0 0.667969 0.386806 0.012500 0.018056
0 0.605469 0.076389 0.039062 0.050000
0 0.585938 0.027778 0.060937 0.055556
0 0.772656 0.582639 0.042188 0.015278
0 0.417969 0.750000 0.126562 0.088889
0 0.236719 0.844444 0.196875 0.138889
0 0.082812 0.904167 0.164062 0.130556
0 0.944922 0.199306 0.075781 0.081944
0 0.976953 0.053472 0.046094 0.106944
0 0.641797 0.477778 0.014844 0.022222
0 0.689453 0.418056 0.003906 0.016667
0 0.654687 0.484722 0.010937 0.019444
0 0.669531 0.493750 0.010937 0.015278
0 0.680078 0.500694 0.010156 0.018056
0 0.663672 0.370139 0.010156 0.023611
0 0.676172 0.398611 0.011719 0.019444
0 0.684375 0.409722 0.007812 0.019444
0 0.632812 0.121528 0.020313 0.045833
0 0.645312 0.159722 0.015625 0.036111
0 0.649219 0.188889 0.028125 0.033333
0 0.664062 0.215972 0.014063 0.020833
0 0.669141 0.236111 0.017969 0.025000
0 0.659375 0.069444 0.014063 0.041667
0 0.645703 0.020833 0.016406 0.041667
0 0.819141 0.071528 0.025781 0.034722
0 0.817578 0.020833 0.019531 0.041667
0 0.682422 0.281250 0.008594 0.020833
0 0.678125 0.145833 0.012500 0.027778
0 0.667188 0.099306 0.009375 0.026389
0 0.672266 0.121528 0.011719 0.026389
0 0.680469 0.256250 0.009375 0.023611
0 0.689844 0.297917 0.007812 0.018056
0 0.810156 0.097917 0.015625 0.029167
0 0.822656 0.445139 0.034375 0.015278
0 0.812500 0.334722 0.025000 0.033333
0 0.682422 0.170833 0.010156 0.022222
0 0.501953 0.706250 0.052344 0.062500
0 0.547656 0.676389 0.043750 0.050000
0 0.583203 0.653472 0.028906 0.043056
0 0.605859 0.639583 0.019531 0.034722
0 0.623828 0.631944 0.017969 0.027778
0 0.653125 0.615278 0.017188 0.022222
0 0.668750 0.608333 0.014063 0.022222
0 0.803516 0.152778 0.007031 0.027778
0 0.801953 0.177083 0.007031 0.023611
0 0.801172 0.196528 0.008594 0.018056
0 0.803125 0.243056 0.018750 0.019444
0 0.765234 0.404861 0.016406 0.006944
0 0.764453 0.395139 0.016406 0.006944
0 0.748828 0.401389 0.014844 0.005556
0 0.764844 0.390278 0.015625 0.005556
0 0.749219 0.405556 0.015625 0.005556
0 0.764844 0.400000 0.015625 0.005556
0 0.748828 0.397222 0.014844 0.005556
0 0.749219 0.393750 0.014063 0.006944
0 0.764453 0.386806 0.014844 0.006944
0 0.763672 0.382639 0.016406 0.006944
0 0.749219 0.390972 0.015625 0.006944
