0 0.965234 0.751389 0.067969 0.125000
0 0.750781 0.613889 0.103125 0.033333
0 0.752344 0.639583 0.098437 0.031944
0 0.852344 0.625694 0.070312 0.029167
0 0.933203 0.591667 0.058594 0.033333
0 0.590625 0.544444 0.031250 0.022222
0 0.633984 0.442361 0.053906 0.018056
0 0.633984 0.456944 0.055469 0.022222
0 0.635547 0.470833 0.050781 0.019444
0 0.635156 0.488889 0.051562 0.022222
0 0.636719 0.505556 0.048438 0.022222
0 0.635156 0.522222 0.051562 0.016667
0 0.635938 0.540278 0.053125 0.022222
0 0.635547 0.556250 0.052344 0.009722
0 0.705859 0.378472 0.088281 0.040278
0 0.705859 0.395833 0.088281 0.036111
0 0.707422 0.420139 0.094531 0.040278
0 0.710547 0.436806 0.092969 0.037500
0 0.712109 0.454167 0.102344 0.033333
0 0.711328 0.468056 0.105469 0.027778
0 0.709766 0.486111 0.097656 0.027778
0 0.712500 0.501389 0.098437 0.022222
0 0.710547 0.521528 0.092969 0.020833
0 0.709766 0.540278 0.088281 0.025000
0 0.710156 0.559722 0.087500 0.013889
0 0.720703 0.579167 0.060156 0.019444
0 0.727734 0.596528 0.055469 0.015278
0 0.776172 0.387500 0.052344 0.030556
0 0.779297 0.401389 0.049219 0.022222
0 0.776953 0.419444 0.053906 0.025000
0 0.779687 0.435417 0.045312 0.020833
0 0.781250 0.450694 0.045312 0.026389
0 0.784766 0.471528 0.042969 0.018056
0 0.784766 0.485417 0.052344 0.020833
0 0.783594 0.503472 0.056250 0.018056
0 0.785937 0.523611 0.054688 0.022222
0 0.782422 0.541667 0.063281 0.013889
0 0.782813 0.557639 0.060937 0.018056
0 0.782031 0.577778 0.059375 0.016667
0 0.783203 0.595139 0.061719 0.018056
0 0.821484 0.497222 0.028906 0.016667
0 0.824219 0.513194 0.025000 0.015278
0 0.825000 0.527778 0.021875 0.013889
0 0.826562 0.546528 0.018750 0.015278
0 0.817969 0.482639 0.028125 0.015278
0 0.817187 0.465972 0.029687 0.015278
0 0.814453 0.451389 0.035156 0.022222
0 0.816406 0.436111 0.028125 0.013889
0 0.817187 0.420833 0.023438 0.019444
0 0.808984 0.399306 0.033594 0.023611
