0 0.951953 0.567500 0.094531 0.075000
0 0.849609 0.559375 0.055469 0.051250
0 0.783594 0.561250 0.054688 0.042500
0 0.731250 0.553125 0.023438 0.031250
0 0.683203 0.550625 0.014844 0.026250
0 0.657031 0.550000 0.018750 0.020000
0 0.653516 0.648125 0.025781 0.038750
0 0.683984 0.683125 0.022656 0.051250
0 0.729297 0.715000 0.025781 0.042500
0 0.777344 0.741250 0.057813 0.072500
0 0.845313 0.806875 0.054688 0.098750
0 0.944141 0.888125 0.097656 0.146250
0 0.193359 0.387500 0.107031 0.070000
0 0.191016 0.425625 0.105469 0.056250
0 0.191016 0.473750 0.116406 0.042500
0 0.188672 0.516250 0.116406 0.045000
0 0.189844 0.545000 0.118750 0.040000
0 0.187500 0.585000 0.118750 0.042500
0 0.187109 0.622500 0.119531 0.052500
0 0.184766 0.656875 0.117969 0.058750
0 0.182812 0.708750 0.115625 0.067500
0 0.254297 0.688125 0.022656 0.043750
0 0.289062 0.668125 0.034375 0.036250
0 0.295703 0.581875 0.035156 0.038750
0 0.257031 0.585625 0.020313 0.038750
0 0.260937 0.476250 0.025000 0.040000
0 0.303906 0.491250 0.032813 0.035000
0 0.337109 0.475625 0.030469 0.031250
0 0.332813 0.533125 0.032813 0.023750
0 0.329297 0.591250 0.033594 0.022500
0 0.328125 0.647500 0.035937 0.030000
0 0.433594 0.627500 0.059375 0.022500
0 0.506250 0.643125 0.065625 0.023750
0 0.587109 0.637500 0.061719 0.035000
0 0.591406 0.513125 0.064062 0.021250
0 0.510938 0.504375 0.057813 0.021250
0 0.097656 0.065625 0.081250 0.123750
0 0.181641 0.158125 0.058594 0.093750
0 0.242578 0.220000 0.053906 0.082500
0 0.280078 0.266250 0.032031 0.055000
0 0.304688 0.296875 0.021875 0.043750
0 0.328516 0.316875 0.021094 0.038750
0 0.349219 0.341875 0.018750 0.036250
0 0.857812 0.276250 0.084375 0.095000
0 0.854297 0.167500 0.080469 0.107500
0 0.855469 0.054375 0.087500 0.103750
0 0.951953 0.206875 0.096094 0.108750
0 0.795703 0.321875 0.041406 0.061250
0 0.761719 0.349375 0.029687 0.043750
0 0.711719 0.296875 0.015625 0.048750
0 0.712500 0.321250 0.017188 0.035000
0 0.725781 0.341250 0.046875 0.040000
0 0.724609 0.365000 0.047656 0.040000
0 0.721875 0.393125 0.045312 0.036250
0 0.683984 0.400000 0.030469 0.035000
0 0.658984 0.426250 0.011719 0.025000
0 0.692578 0.143125 0.024219 0.051250
0 0.668750 0.113750 0.018750 0.035000
0 0.714844 0.108125 0.018750 0.063750
0 0.376172 0.537500 0.060156 0.020000
0 0.170313 0.753125 0.103125 0.068750
0 0.393359 0.573125 0.024219 0.016250
0 0.386719 0.614375 0.014063 0.016250
0 0.378516 0.495000 0.049219 0.012500
0 0.384375 0.455000 0.040625 0.012500
0 0.647656 0.435625 0.010937 0.023750
0 0.652344 0.304375 0.014063 0.026250
0 0.657422 0.143125 0.016406 0.033750
