0 0.668359 0.420833 0.246094 0.091667
0 0.765234 0.624306 0.064844 0.131944
0 0.790625 0.567361 0.053125 0.081944
0 0.583203 0.720139 0.291406 0.206944
0 0.369922 0.906250 0.227344 0.184722
0 0.210156 0.136806 0.253125 0.226389
0 0.391016 0.170833 0.130469 0.216667
0 0.781250 0.127778 0.050000 0.083333
0 0.807422 0.158333 0.035156 0.108333
0 0.826953 0.206250 0.042969 0.059722
0 0.835938 0.265972 0.079687 0.040278
0 0.868359 0.286806 0.017969 0.043056
0 0.966797 0.081250 0.041406 0.045833
0 0.986719 0.227778 0.020313 0.050000
0 0.979688 0.264583 0.025000 0.037500
0 0.964844 0.290278 0.023438 0.044444
0 0.842578 0.061806 0.022656 0.048611
0 0.829688 0.025694 0.035937 0.043056
