0 0.453906 0.195833 0.037500 0.066667
0 0.410547 0.146528 0.057031 0.081944
0 0.332813 0.065972 0.082812 0.093056
0 0.273828 0.022917 0.044531 0.043056
0 0.486328 0.236806 0.030469 0.059722
0 0.520703 0.276389 0.032031 0.041667
0 0.530859 0.325000 0.086719 0.030556
0 0.579688 0.346528 0.017188 0.031944
0 0.593359 0.361806 0.013281 0.023611
0 0.591797 0.431944 0.047656 0.016667
0 0.457422 0.363889 0.027344 0.025000
0 0.781250 0.095139 0.014063 0.048611
0 0.916406 0.091667 0.106250 0.119444
0 0.816406 0.354861 0.053125 0.031944
0 0.846484 0.156250 0.028906 0.068056
0 0.587500 0.139583 0.006250 0.023611
0 0.578906 0.116667 0.014063 0.038889
0 0.597266 0.168056 0.013281 0.033333
0 0.550781 0.072917 0.040625 0.045833
0 0.530469 0.031250 0.048438 0.048611
0 0.602344 0.377778 0.009375 0.019444
0 0.814063 0.291667 0.014063 0.036111
