0 0.541146 0.362963 0.244792 0.057407
0 0.543490 0.488889 0.238021 0.061111
0 0.544010 0.612037 0.236979 0.088889
0 0.505990 0.726852 0.149479 0.096296
0 0.379948 0.657407 0.100521 0.068519
0 0.380729 0.561574 0.098958 0.065741
0 0.379167 0.462500 0.101042 0.049074
0 0.377604 0.361111 0.105208 0.044444
0 0.309375 0.448148 0.040625 0.037037
0 0.314844 0.521296 0.038021 0.038889
0 0.313802 0.595370 0.038021 0.044444
0 0.269792 0.500463 0.058333 0.030556
0 0.267188 0.562037 0.058333 0.040741
0 0.228125 0.541204 0.015625 0.023148
0 0.230729 0.483796 0.010417 0.026852
0 0.266146 0.433333 0.046875 0.027778
0 0.283854 0.371759 0.080208 0.034259
0 0.236198 0.377315 0.022396 0.034259
0 0.228385 0.431481 0.018229 0.025926
0 0.197396 0.421759 0.050000 0.021296
0 0.199219 0.475926 0.041146 0.035185
0 0.203385 0.524074 0.035937 0.029630
0 0.161719 0.450926 0.023438 0.018519
0 0.643750 0.089352 0.155208 0.158333
0 0.422917 0.187037 0.202083 0.081481
0 0.349740 0.226852 0.149479 0.066667
0 0.258854 0.241667 0.052083 0.038889
0 0.252083 0.175000 0.047917 0.040741
0 0.291927 0.134259 0.038021 0.055556
0 0.371875 0.083796 0.103125 0.071296
0 0.297135 0.062500 0.048438 0.054630
0 0.253125 0.097685 0.048958 0.065741
0 0.246615 0.039352 0.052604 0.060185
0 0.207292 0.118519 0.067708 0.044444
0 0.200000 0.172685 0.055208 0.034259
0 0.204948 0.223148 0.059896 0.033333
0 0.208333 0.277778 0.062500 0.035185
0 0.170833 0.283796 0.025000 0.028704
0 0.165104 0.237963 0.021875 0.033333
0 0.172135 0.188426 0.024479 0.036111
0 0.166927 0.150463 0.014063 0.036111
0 0.153125 0.162963 0.018750 0.025926
0 0.153646 0.203704 0.012500 0.024074
0 0.167187 0.070370 0.018750 0.042593
0 0.151042 0.098148 0.020833 0.031481
0 0.147917 0.052315 0.022917 0.028704
0 0.189844 0.021296 0.063021 0.029630
0 0.148698 0.012500 0.020313 0.023148
0 0.125260 0.038889 0.031771 0.024074
0 0.135156 0.081481 0.026562 0.029630
0 0.133854 0.121296 0.015625 0.031481
0 0.121094 0.146759 0.019271 0.025000
0 0.134635 0.182870 0.021354 0.023148
0 0.133073 0.221759 0.023438 0.026852
0 0.133073 0.262963 0.020313 0.016667
0 0.136719 0.299537 0.020313 0.017593
0 0.152083 0.294907 0.012500 0.021296
0 0.045052 0.376389 0.034896 0.012037
0 0.047396 0.437037 0.032292 0.012963
0 0.009896 0.377778 0.019792 0.011111
0 0.012240 0.441667 0.024479 0.012963
0 0.959115 0.858333 0.075521 0.120370
0 0.606510 0.247685 0.050521 0.021296
0 0.645833 0.236111 0.030208 0.014815
0 0.102604 0.454167 0.010417 0.012037
0 0.100260 0.396296 0.010937 0.011111
