0 0.868229 0.812963 0.242708 0.357407
0 0.276562 0.725000 0.116667 0.044444
0 0.408594 0.818519 0.195312 0.087037
0 0.515365 0.705556 0.080729 0.042593
0 0.659375 0.662037 0.058333 0.024074
0 0.717187 0.668056 0.060417 0.026852
0 0.554688 0.650463 0.036458 0.032407
0 0.129948 0.839815 0.233854 0.111111
0 0.296354 0.510648 0.069792 0.032407
0 0.345573 0.412037 0.061979 0.022222
0 0.332813 0.361574 0.083333 0.026852
0 0.338021 0.311111 0.084375 0.027778
0 0.240625 0.391667 0.083333 0.035185
0 0.137760 0.370370 0.078646 0.037037
0 0.133594 0.318519 0.093229 0.038889
0 0.050781 0.354167 0.089063 0.049074
0 0.035937 0.078704 0.070833 0.085185
0 0.336198 0.118981 0.082812 0.034259
0 0.338281 0.069444 0.080729 0.035185
0 0.409635 0.166667 0.071354 0.027778
0 0.355729 0.222222 0.044792 0.033333
0 0.352865 0.172222 0.051562 0.025926
0 0.392448 0.418056 0.036979 0.025000
0 0.430208 0.427778 0.034375 0.022222
0 0.459115 0.433333 0.027604 0.016667
0 0.460156 0.390278 0.027604 0.015741
0 0.441927 0.343519 0.064062 0.018519
0 0.427604 0.258333 0.029167 0.020370
0 0.426823 0.210648 0.032813 0.023148
0 0.487760 0.433796 0.030729 0.021296
0 0.514062 0.440278 0.023958 0.019444
0 0.546354 0.448148 0.037500 0.016667
0 0.575260 0.450926 0.021354 0.014815
0 0.591406 0.456481 0.017188 0.014815
0 0.592448 0.423611 0.017188 0.013889
0 0.578385 0.391667 0.043229 0.018519
0 0.607031 0.463889 0.015104 0.012963
0 0.623437 0.464815 0.017708 0.018519
0 0.661458 0.519444 0.012500 0.024074
0 0.535677 0.307870 0.019271 0.012037
0 0.534115 0.270370 0.021354 0.018519
0 0.541406 0.229630 0.055729 0.027778
0 0.554167 0.273148 0.019792 0.020370
0 0.554688 0.319444 0.018750 0.022222
0 0.576302 0.328704 0.015104 0.020370
0 0.593490 0.337500 0.017188 0.013889
0 0.592969 0.303704 0.013021 0.014815
0 0.593490 0.271759 0.014063 0.015741
0 0.592187 0.240741 0.013542 0.016667
0 0.574740 0.273148 0.018229 0.024074
0 0.637500 0.437500 0.010417 0.010185
0 0.649219 0.423611 0.014063 0.013889
0 0.667969 0.419907 0.022396 0.013889
0 0.668490 0.446759 0.023438 0.010185
0 0.651823 0.468981 0.011979 0.008333
0 0.638021 0.468981 0.011458 0.012037
0 0.637760 0.408796 0.014063 0.013889
0 0.580990 0.637963 0.028646 0.020370
0 0.632812 0.619907 0.017708 0.017593
0 0.685937 0.474537 0.012500 0.010185
0 0.697656 0.476389 0.010937 0.012037
0 0.705469 0.476389 0.007812 0.012037
0 0.395573 0.241204 0.038021 0.025000
0 0.455729 0.271759 0.027083 0.025000
0 0.483333 0.281019 0.030208 0.021296
0 0.482552 0.234259 0.027604 0.024074
0 0.513021 0.297685 0.025000 0.019444
0 0.512500 0.269907 0.025000 0.023148
0 0.607031 0.345833 0.018229 0.015741
0 0.607552 0.294444 0.015104 0.014815
0 0.623437 0.349537 0.016667 0.013889
0 0.636979 0.358333 0.010417 0.014815
0 0.636458 0.330093 0.011458 0.013889
0 0.629687 0.301852 0.027083 0.016667
0 0.648698 0.363426 0.013021 0.010185
0 0.648177 0.316667 0.016146 0.012963
0 0.663281 0.366204 0.011979 0.012037
0 0.675260 0.373611 0.011979 0.010185
0 0.674740 0.348148 0.013021 0.009259
0 0.674479 0.323148 0.010417 0.007407
0 0.674219 0.295370 0.010937 0.012963
0 0.704167 0.387500 0.010417 0.008333
0 0.704167 0.364815 0.008333 0.007407
0 0.705469 0.339815 0.008854 0.007407
0 0.705208 0.316204 0.009375 0.010185
0 0.695833 0.381481 0.010417 0.009259
0 0.684896 0.379167 0.012500 0.010185
0 0.704688 0.454167 0.008333 0.010185
0 0.704948 0.430556 0.008854 0.009259
0 0.304688 0.780093 0.028125 0.065741
0 0.234896 0.184259 0.105208 0.064815
