0 0.907031 0.157500 0.121875 0.100000
0 0.969922 0.064375 0.060156 0.111250
0 0.826953 0.218125 0.061719 0.078750
0 0.775391 0.258750 0.046094 0.067500
0 0.741016 0.297500 0.032031 0.052500
0 0.714844 0.319375 0.025000 0.046250
0 0.693359 0.345000 0.022656 0.035000
0 0.673438 0.365000 0.018750 0.027500
0 0.220312 0.085000 0.089063 0.107500
0 0.260937 0.172500 0.048438 0.080000
0 0.300391 0.220625 0.033594 0.086250
0 0.321484 0.255000 0.022656 0.057500
0 0.160547 0.745625 0.049219 0.073750
0 0.700781 0.472500 0.070312 0.020000
0 0.756641 0.474375 0.042969 0.026250
0 0.660937 0.380625 0.015625 0.023750
0 0.645703 0.392500 0.016406 0.020000
0 0.663672 0.240625 0.091406 0.363750
0 0.693359 0.040625 0.063281 0.041250
0 0.655859 0.123750 0.058594 0.032500
0 0.646484 0.148125 0.047656 0.028750
