0 0.993750 0.193750 0.010937 0.065278
0 0.978906 0.240278 0.023438 0.050000
0 0.971094 0.281250 0.031250 0.051389
0 0.850000 0.236806 0.010937 0.051389
0 0.839453 0.214583 0.016406 0.045833
0 0.789453 0.179861 0.094531 0.059722
0 0.959375 0.073611 0.021875 0.072222
0 0.075000 0.514583 0.135937 0.262500
0 0.391016 0.892361 0.338281 0.201389
0 0.331641 0.159722 0.403906 0.283333
0 0.718359 0.038889 0.105469 0.077778
0 0.780078 0.586806 0.046094 0.095833
0 0.838672 0.515972 0.035156 0.051389
0 0.982422 0.218750 0.022656 0.048611
0 0.872266 0.278472 0.021094 0.045833
0 0.774219 0.403472 0.057813 0.068056
