0 0.804688 0.598125 0.109375 0.028750
0 0.808203 0.621875 0.100781 0.026250
0 0.808203 0.640625 0.099219 0.023750
0 0.810156 0.658125 0.095312 0.023750
0 0.818750 0.681250 0.075000 0.025000
0 0.820703 0.701875 0.069531 0.018750
0 0.676172 0.709375 0.049219 0.238750
0 0.559375 0.836250 0.187500 0.075000
0 0.423047 0.586875 0.111719 0.053750
0 0.437109 0.359375 0.128906 0.061250
0 0.413281 0.810000 0.114062 0.070000
0 0.211328 0.841875 0.300781 0.101250
0 0.217578 0.581875 0.300781 0.076250
0 0.226562 0.305625 0.287500 0.098750
0 0.530859 0.086250 0.255469 0.147500
