0 0.252734 0.360417 0.216406 0.090278
0 0.403906 0.351389 0.090625 0.072222
0 0.469922 0.359028 0.064844 0.068056
0 0.535937 0.366667 0.064062 0.052778
0 0.582031 0.375000 0.031250 0.038889
0 0.608984 0.375000 0.025781 0.038889
0 0.632422 0.381944 0.021094 0.027778
0 0.649219 0.381944 0.017188 0.030556
0 0.662891 0.387500 0.016406 0.025000
0 0.678906 0.388889 0.017188 0.022222
0 0.691406 0.389583 0.012500 0.020833
0 0.701172 0.393056 0.010156 0.022222
0 0.714063 0.395139 0.012500 0.018056
0 0.685937 0.290972 0.056250 0.029167
0 0.675000 0.277083 0.059375 0.020833
0 0.644922 0.251389 0.075781 0.038889
0 0.134766 0.160417 0.207031 0.209722
0 0.044141 0.112500 0.085156 0.158333
0 0.159375 0.705556 0.162500 0.147222
0 0.039844 0.743056 0.071875 0.088889
0 0.400391 0.069444 0.217969 0.127778
0 0.847266 0.450694 0.039844 0.029167
0 0.828125 0.427778 0.031250 0.016667
0 0.827344 0.411806 0.034375 0.012500
0 0.827734 0.395139 0.032031 0.015278
0 0.828125 0.377778 0.032813 0.013889
0 0.806641 0.435417 0.017969 0.015278
0 0.825391 0.440972 0.027344 0.015278
0 0.802734 0.271528 0.028906 0.012500
0 0.804688 0.287500 0.032813 0.008333
0 0.806641 0.303472 0.030469 0.012500
0 0.807422 0.322917 0.035156 0.009722
0 0.807813 0.339583 0.031250 0.009722
0 0.805469 0.357639 0.025000 0.009722
0 0.801172 0.370139 0.010156 0.006944
0 0.803516 0.386806 0.013281 0.012500
0 0.639844 0.114583 0.064062 0.040278
0 0.647656 0.143750 0.067187 0.031944
0 0.686719 0.168056 0.020313 0.027778
0 0.684766 0.187500 0.042969 0.027778
0 0.708594 0.262500 0.020313 0.019444
0 0.718750 0.278472 0.014063 0.018056
0 0.666016 0.031250 0.032031 0.051389
