0 0.913281 0.114583 0.093750 0.062500
0 0.826172 0.140278 0.075781 0.050000
0 0.817969 0.051389 0.070312 0.047222
0 0.976172 0.021528 0.047656 0.037500
0 0.980859 0.090972 0.038281 0.040278
0 0.732422 0.063194 0.082031 0.070833
0 0.665234 0.096528 0.053906 0.048611
0 0.674219 0.023611 0.075000 0.047222
0 0.602344 0.033333 0.054688 0.058333
0 0.604688 0.081944 0.057813 0.058333
0 0.608984 0.130556 0.058594 0.044444
0 0.579688 0.253472 0.087500 0.037500
0 0.517969 0.276389 0.034375 0.030556
0 0.482812 0.291667 0.034375 0.036111
0 0.516406 0.214583 0.034375 0.026389
0 0.526563 0.156944 0.059375 0.033333
0 0.516406 0.060417 0.034375 0.040278
0 0.516016 0.013889 0.035156 0.025000
0 0.590234 0.445833 0.094531 0.022222
0 0.591797 0.588889 0.088281 0.025000
0 0.489453 0.588194 0.119531 0.026389
0 0.419141 0.579861 0.021094 0.023611
0 0.374219 0.619444 0.082812 0.030556
0 0.284766 0.597917 0.028906 0.023611
0 0.267188 0.757639 0.128125 0.115278
0 0.237500 0.925000 0.079687 0.150000
0 0.764453 0.604861 0.053906 0.029167
0 0.897656 0.889583 0.201563 0.131944
