0 0.452344 0.765278 0.157812 0.144444
0 0.242188 0.872917 0.271875 0.218056
0 0.598047 0.618056 0.060156 0.030556
0 0.668359 0.588194 0.053906 0.020833
0 0.915234 0.670139 0.032031 0.054167
0 0.828906 0.646528 0.053125 0.026389
0 0.795312 0.620139 0.020313 0.029167
0 0.631250 0.357639 0.026562 0.009722
0 0.631250 0.350694 0.026562 0.006944
0 0.630469 0.343750 0.026562 0.006944
0 0.630469 0.336111 0.026562 0.008333
0 0.629687 0.328472 0.026562 0.009722
0 0.630469 0.320833 0.025000 0.011111
0 0.630469 0.313889 0.025000 0.008333
0 0.629687 0.306250 0.026562 0.009722
0 0.629687 0.297222 0.026562 0.011111
0 0.629297 0.289583 0.025781 0.009722
0 0.628906 0.282639 0.026562 0.009722
0 0.628906 0.274306 0.026562 0.009722
0 0.629687 0.266667 0.026562 0.008333
0 0.629297 0.259722 0.025781 0.008333
0 0.629687 0.252083 0.025000 0.009722
0 0.629297 0.245139 0.025781 0.006944
0 0.629687 0.237500 0.026562 0.008333
0 0.630078 0.230556 0.025781 0.008333
0 0.630078 0.223611 0.025781 0.008333
0 0.630078 0.215278 0.025781 0.008333
0 0.657422 0.358333 0.024219 0.008333
0 0.657422 0.350000 0.024219 0.008333
0 0.657422 0.343056 0.024219 0.008333
0 0.657422 0.336111 0.024219 0.008333
0 0.657422 0.327083 0.022656 0.009722
0 0.657422 0.321528 0.024219 0.006944
0 0.657813 0.313889 0.023438 0.008333
0 0.657813 0.305556 0.023438 0.008333
0 0.657031 0.298611 0.023438 0.008333
0 0.656250 0.290278 0.025000 0.008333
0 0.656250 0.281944 0.025000 0.008333
0 0.655469 0.272917 0.026562 0.009722
0 0.656641 0.267361 0.025781 0.006944
0 0.656250 0.260417 0.026562 0.009722
0 0.655859 0.251389 0.025781 0.008333
0 0.655859 0.244444 0.025781 0.008333
0 0.655859 0.237500 0.025781 0.008333
0 0.655859 0.229861 0.025781 0.009722
0 0.655859 0.223611 0.025781 0.008333
0 0.656250 0.215278 0.025000 0.008333
0 0.692187 0.358333 0.021875 0.008333
0 0.691406 0.350694 0.021875 0.006944
0 0.691016 0.343056 0.021094 0.008333
0 0.691016 0.334028 0.021094 0.009722
0 0.690625 0.325694 0.021875 0.009722
0 0.689844 0.318750 0.020313 0.009722
0 0.689844 0.311806 0.021875 0.006944
0 0.688672 0.304861 0.025781 0.009722
0 0.688281 0.297222 0.026562 0.011111
0 0.687891 0.288889 0.027344 0.008333
0 0.688281 0.280556 0.026562 0.011111
0 0.688672 0.273611 0.027344 0.011111
0 0.688281 0.265972 0.028125 0.009722
0 0.688281 0.257639 0.026562 0.009722
0 0.688672 0.250694 0.027344 0.009722
0 0.687500 0.243056 0.026562 0.011111
0 0.687109 0.235417 0.025781 0.009722
0 0.686719 0.228472 0.025000 0.009722
0 0.686328 0.221528 0.024219 0.009722
0 0.685937 0.213889 0.025000 0.011111
0 0.721094 0.356944 0.023438 0.008333
0 0.720703 0.350000 0.022656 0.008333
0 0.720703 0.342361 0.024219 0.009722
0 0.720703 0.334722 0.024219 0.011111
0 0.720313 0.329167 0.023438 0.008333
0 0.719922 0.320833 0.024219 0.008333
0 0.720313 0.313889 0.023438 0.008333
0 0.718359 0.303472 0.025781 0.009722
0 0.718359 0.295139 0.027344 0.012500
0 0.717578 0.287500 0.027344 0.008333
0 0.717969 0.279861 0.026562 0.009722
0 0.717969 0.272917 0.026562 0.009722
0 0.717969 0.265972 0.026562 0.009722
0 0.717578 0.258333 0.025781 0.008333
0 0.717969 0.250694 0.025000 0.009722
0 0.717969 0.243750 0.025000 0.009722
0 0.717969 0.236111 0.025000 0.008333
0 0.717187 0.229167 0.025000 0.008333
0 0.716406 0.220833 0.023438 0.008333
0 0.716016 0.213194 0.022656 0.006944
0 0.744922 0.304167 0.025781 0.011111
0 0.744922 0.294444 0.025781 0.011111
0 0.744531 0.288194 0.025000 0.009722
0 0.743750 0.281250 0.025000 0.009722
0 0.743750 0.272917 0.025000 0.009722
0 0.743359 0.265278 0.024219 0.008333
0 0.742969 0.258333 0.023438 0.008333
0 0.760156 0.273611 0.059375 0.055556
0 0.776172 0.288889 0.025781 0.011111
0 0.775781 0.281250 0.026562 0.009722
0 0.775781 0.274306 0.026562 0.009722
0 0.775781 0.267361 0.026562 0.009722
0 0.775391 0.259028 0.027344 0.009722
0 0.775000 0.252083 0.028125 0.009722
0 0.774219 0.243750 0.026562 0.009722
0 0.773438 0.236806 0.026562 0.009722
0 0.772656 0.229861 0.026562 0.009722
0 0.772656 0.222222 0.026562 0.008333
0 0.771875 0.213889 0.023438 0.011111
0 0.802734 0.304167 0.025781 0.011111
0 0.801953 0.296528 0.024219 0.009722
0 0.801953 0.288194 0.024219 0.009722
0 0.801562 0.281250 0.025000 0.009722
0 0.801172 0.273611 0.024219 0.011111
0 0.801172 0.267361 0.024219 0.009722
0 0.801172 0.259028 0.024219 0.009722
0 0.800781 0.252778 0.023438 0.008333
0 0.800391 0.245139 0.024219 0.009722
0 0.800000 0.236111 0.023438 0.008333
0 0.800391 0.230556 0.024219 0.008333
0 0.799609 0.224306 0.024219 0.009722
0 0.798828 0.215972 0.024219 0.012500
0 0.827734 0.298611 0.024219 0.011111
0 0.827344 0.291667 0.025000 0.011111
0 0.826953 0.283333 0.024219 0.011111
0 0.826562 0.276389 0.025000 0.008333
0 0.825781 0.269444 0.025000 0.011111
0 0.826172 0.261111 0.024219 0.011111
0 0.825781 0.253472 0.025000 0.009722
0 0.825391 0.246528 0.024219 0.009722
0 0.825000 0.238889 0.025000 0.011111
0 0.824609 0.231944 0.024219 0.011111
0 0.824219 0.225694 0.025000 0.009722
0 0.823438 0.216667 0.023438 0.011111
0 0.854297 0.360417 0.025781 0.009722
0 0.853516 0.354167 0.024219 0.011111
0 0.853516 0.347222 0.025781 0.011111
0 0.853516 0.339583 0.025781 0.012500
0 0.853516 0.332639 0.025781 0.012500
0 0.851953 0.324306 0.024219 0.015278
0 0.851562 0.316667 0.023438 0.011111
0 0.851562 0.307639 0.023438 0.012500
0 0.851562 0.301389 0.023438 0.011111
0 0.851562 0.293750 0.023438 0.012500
0 0.851562 0.286111 0.023438 0.011111
0 0.851562 0.279167 0.023438 0.013889
0 0.851172 0.271528 0.022656 0.009722
0 0.850391 0.263194 0.021094 0.009722
0 0.850391 0.257639 0.021094 0.012500
0 0.850000 0.249306 0.021875 0.012500
0 0.849219 0.243056 0.020313 0.011111
0 0.849219 0.234028 0.021875 0.009722
0 0.848437 0.227083 0.020313 0.009722
0 0.847266 0.220139 0.019531 0.009722
0 0.880078 0.355556 0.017969 0.008333
0 0.879687 0.347917 0.018750 0.009722
0 0.879687 0.339583 0.017188 0.009722
0 0.879297 0.334028 0.017969 0.009722
0 0.879297 0.325694 0.017969 0.009722
0 0.879297 0.317361 0.017969 0.009722
0 0.878906 0.309722 0.018750 0.008333
0 0.878516 0.302778 0.019531 0.008333
0 0.878906 0.296528 0.020313 0.009722
0 0.878516 0.287500 0.019531 0.011111
0 0.878125 0.279861 0.018750 0.009722
0 0.878516 0.272917 0.019531 0.009722
0 0.878125 0.265278 0.018750 0.011111
0 0.876953 0.259028 0.017969 0.009722
0 0.875781 0.250000 0.017188 0.008333
0 0.901172 0.329861 0.022656 0.012500
0 0.900781 0.322222 0.021875 0.013889
0 0.900781 0.315278 0.021875 0.013889
0 0.900000 0.306944 0.021875 0.013889
0 0.900000 0.298611 0.021875 0.013889
0 0.900391 0.292361 0.021094 0.012500
0 0.899609 0.284722 0.021094 0.013889
0 0.899609 0.277083 0.019531 0.012500
0 0.898828 0.270139 0.019531 0.012500
0 0.898438 0.263194 0.018750 0.012500
0 0.897656 0.256250 0.020313 0.012500
0 0.896484 0.247917 0.021094 0.012500
0 0.894531 0.243056 0.023438 0.011111
0 0.892969 0.237500 0.025000 0.019444
0 0.891797 0.231944 0.024219 0.019444
0 0.925781 0.366667 0.021875 0.011111
0 0.926172 0.359722 0.022656 0.011111
0 0.925781 0.352083 0.021875 0.012500
0 0.925391 0.345139 0.022656 0.012500
0 0.925000 0.339583 0.021875 0.012500
0 0.925000 0.331250 0.021875 0.012500
0 0.923438 0.324306 0.021875 0.012500
0 0.923438 0.316667 0.021875 0.011111
0 0.923047 0.309722 0.021094 0.011111
0 0.921875 0.302083 0.021875 0.012500
0 0.922266 0.295139 0.021094 0.012500
0 0.922266 0.288194 0.021094 0.012500
0 0.921484 0.280556 0.021094 0.013889
0 0.921094 0.273611 0.021875 0.013889
0 0.920703 0.266667 0.021094 0.013889
0 0.919141 0.259028 0.019531 0.012500
0 0.919531 0.251389 0.020313 0.011111
0 0.919141 0.243750 0.021094 0.009722
0 0.918359 0.237500 0.021094 0.011111
0 0.930859 0.278472 0.047656 0.112500
0 0.948438 0.323611 0.015625 0.011111
0 0.948438 0.317361 0.017188 0.009722
0 0.947656 0.309722 0.017188 0.011111
0 0.947656 0.304861 0.017188 0.009722
0 0.947266 0.296528 0.017969 0.012500
0 0.946875 0.290278 0.017188 0.011111
0 0.946875 0.283333 0.017188 0.011111
0 0.946094 0.276389 0.017188 0.011111
0 0.944922 0.270139 0.017969 0.009722
0 0.942187 0.263194 0.021875 0.012500
0 0.941797 0.258333 0.022656 0.011111
0 0.942969 0.249306 0.017188 0.009722
0 0.942969 0.243056 0.017188 0.011111
0 0.944531 0.286806 0.021875 0.115278
0 0.948828 0.347222 0.013281 0.008333
