0 0.450000 0.545833 0.064062 0.027778
0 0.347656 0.547222 0.098437 0.036111
0 0.352344 0.418750 0.100000 0.065278
0 0.340234 0.197222 0.157031 0.111111
0 0.356641 0.290972 0.102344 0.079167
0 0.416797 0.106250 0.061719 0.084722
0 0.334375 0.041667 0.115625 0.080556
0 0.424219 0.178472 0.151562 0.084722
0 0.473828 0.222222 0.111719 0.072222
0 0.513281 0.463889 0.037500 0.036111
0 0.450781 0.445833 0.064062 0.044444
0 0.152734 0.503472 0.199219 0.059722
0 0.211328 0.720833 0.094531 0.066667
0 0.103516 0.887500 0.207031 0.166667
0 0.348047 0.675000 0.092969 0.055556
0 0.448828 0.647222 0.063281 0.047222
0 0.512500 0.625694 0.035937 0.034722
0 0.731250 0.624306 0.479687 0.184722
0 0.888672 0.179167 0.046094 0.063889
0 0.928906 0.120139 0.103125 0.087500
0 0.919922 0.043056 0.032031 0.086111
