0 0.775781 0.702083 0.153125 0.059722
0 0.902344 0.686111 0.128125 0.072222
0 0.982422 0.689583 0.032031 0.054167
0 0.958984 0.215278 0.036719 0.058333
0 0.987109 0.182639 0.024219 0.051389
0 0.925781 0.277083 0.023438 0.045833
0 0.893359 0.218056 0.032031 0.030556
0 0.886328 0.271528 0.017969 0.034722
0 0.908984 0.300000 0.010156 0.025000
0 0.865234 0.350694 0.013281 0.026389
0 0.853125 0.358333 0.010937 0.016667
0 0.853516 0.319444 0.016406 0.016667
0 0.857422 0.275694 0.024219 0.026389
0 0.864844 0.165278 0.012500 0.033333
0 0.858594 0.125000 0.014063 0.033333
0 0.862109 0.077778 0.024219 0.030556
0 0.914453 0.024306 0.022656 0.045833
0 0.846484 0.211806 0.014844 0.023611
0 0.620313 0.567361 0.056250 0.026389
0 0.566797 0.562500 0.050781 0.019444
0 0.507031 0.497222 0.017188 0.019444
0 0.494922 0.447917 0.036719 0.020833
0 0.486719 0.493750 0.026562 0.023611
0 0.493750 0.545833 0.018750 0.022222
0 0.448828 0.546528 0.069531 0.018056
0 0.462891 0.489583 0.025781 0.015278
0 0.510156 0.542361 0.023438 0.023611
0 0.530859 0.536806 0.021094 0.018056
0 0.155078 0.588889 0.102344 0.041667
0 0.028125 0.593056 0.053125 0.044444
0 0.027344 0.451389 0.054688 0.036111
0 0.031641 0.315972 0.063281 0.045833
0 0.115625 0.342361 0.112500 0.043056
0 0.199219 0.364583 0.053125 0.031944
0 0.280078 0.388889 0.089844 0.027778
0 0.280859 0.477083 0.088281 0.029167
0 0.293750 0.560417 0.070312 0.023611
0 0.200781 0.468750 0.034375 0.020833
0 0.086719 0.457639 0.056250 0.029167
0 0.067969 0.142361 0.078125 0.054167
0 0.016406 0.114583 0.031250 0.045833
0 0.023047 0.025694 0.046094 0.048611
0 0.087109 0.018056 0.066406 0.033333
0 0.155859 0.043056 0.069531 0.058333
0 0.138281 0.167361 0.071875 0.065278
0 0.192969 0.204861 0.048438 0.040278
0 0.244922 0.228472 0.053906 0.054167
0 0.296484 0.255556 0.041406 0.038889
0 0.360547 0.293750 0.057031 0.040278
0 0.403516 0.250000 0.032031 0.036111
0 0.406250 0.214583 0.026562 0.031944
0 0.435937 0.241667 0.040625 0.033333
0 0.437109 0.276389 0.035156 0.033333
0 0.467187 0.284028 0.025000 0.029167
0 0.445703 0.352778 0.060156 0.030556
0 0.489844 0.371528 0.031250 0.023611
0 0.514453 0.378472 0.019531 0.020833
0 0.514062 0.322917 0.014063 0.018056
0 0.492188 0.310417 0.029687 0.020833
0 0.530078 0.339583 0.022656 0.018056
0 0.531641 0.393750 0.019531 0.018056
0 0.534375 0.277778 0.010937 0.019444
0 0.523438 0.267361 0.010937 0.023611
0 0.513672 0.254861 0.014844 0.023611
0 0.510938 0.218750 0.012500 0.020833
0 0.510547 0.188194 0.011719 0.023611
0 0.523047 0.213889 0.011719 0.019444
0 0.532813 0.228472 0.010937 0.018056
0 0.498437 0.237500 0.015625 0.027778
0 0.485938 0.227083 0.015625 0.029167
0 0.485547 0.186111 0.014844 0.025000
0 0.468359 0.200694 0.024219 0.029167
0 0.452734 0.180556 0.021094 0.041667
0 0.426953 0.149306 0.025781 0.031944
0 0.430469 0.111111 0.015625 0.033333
0 0.448828 0.145833 0.021094 0.033333
0 0.450391 0.105556 0.022656 0.033333
0 0.468750 0.139583 0.020313 0.026389
0 0.410938 0.129167 0.026562 0.044444
0 0.376953 0.102083 0.038281 0.048611
0 0.347266 0.072917 0.032031 0.040278
0 0.313281 0.036806 0.043750 0.051389
0 0.354297 0.202778 0.069531 0.041667
0 0.305859 0.156250 0.039844 0.043056
0 0.257422 0.121528 0.057031 0.048611
0 0.201563 0.129861 0.054688 0.043056
0 0.205078 0.063194 0.049219 0.043056
0 0.411719 0.055556 0.031250 0.038889
0 0.370703 0.027083 0.052344 0.040278
0 0.813672 0.265972 0.014844 0.015278
0 0.813281 0.238889 0.017188 0.019444
0 0.811719 0.212500 0.018750 0.016667
