0 0.896094 0.684722 0.135937 0.069444
0 0.788281 0.629167 0.070312 0.052778
0 0.975391 0.679167 0.035156 0.080556
0 0.342969 0.667361 0.187500 0.081944
0 0.098828 0.714583 0.192969 0.087500
0 0.101562 0.643056 0.190625 0.091667
0 0.504297 0.592361 0.075781 0.026389
0 0.191406 0.450000 0.131250 0.063889
0 0.186719 0.484028 0.123438 0.051389
0 0.185156 0.518750 0.132812 0.043056
0 0.189453 0.559722 0.128906 0.055556
0 0.190625 0.593056 0.123438 0.055556
0 0.208984 0.643750 0.088281 0.045833
0 0.220703 0.690972 0.086719 0.059722
0 0.278125 0.534028 0.068750 0.020833
0 0.270313 0.496528 0.073438 0.040278
0 0.275000 0.466667 0.060937 0.041667
0 0.280859 0.440972 0.067969 0.048611
0 0.280469 0.406944 0.071875 0.055556
0 0.277734 0.376389 0.067969 0.044444
0 0.284766 0.350000 0.055469 0.038889
0 0.284375 0.320833 0.065625 0.047222
0 0.285547 0.291667 0.060156 0.041667
0 0.285547 0.254861 0.060156 0.045833
0 0.287500 0.225000 0.046875 0.044444
0 0.194531 0.168750 0.128125 0.081944
0 0.192969 0.204167 0.139063 0.077778
0 0.191406 0.234028 0.128125 0.062500
0 0.189453 0.269444 0.132031 0.075000
0 0.190625 0.303472 0.131250 0.065278
0 0.186328 0.331944 0.125781 0.069444
0 0.185156 0.371528 0.117188 0.065278
0 0.187500 0.413889 0.128125 0.061111
0 0.056250 0.595833 0.110937 0.058333
0 0.059375 0.551389 0.114062 0.050000
0 0.059766 0.515972 0.108594 0.045833
0 0.059766 0.480556 0.107031 0.055556
0 0.062891 0.433333 0.113281 0.055556
0 0.060937 0.397917 0.112500 0.059722
0 0.062500 0.363194 0.118750 0.062500
0 0.062109 0.316667 0.122656 0.063889
0 0.060547 0.272917 0.114844 0.059722
0 0.064062 0.245833 0.115625 0.055556
0 0.064062 0.202083 0.123438 0.065278
0 0.064844 0.171528 0.117188 0.054167
0 0.068359 0.127778 0.107031 0.058333
