0 0.582422 0.363125 0.344531 0.131250
0 0.876172 0.446875 0.246094 0.096250
0 0.867969 0.939375 0.260937 0.121250
0 0.267969 0.900000 0.246875 0.105000
0 0.085938 0.808750 0.142187 0.052500
0 0.080078 0.680625 0.155469 0.056250
0 0.082422 0.542500 0.160156 0.057500
0 0.095703 0.412500 0.182031 0.057500
0 0.112891 0.301250 0.224219 0.092500
0 0.177734 0.090625 0.096094 0.123750
0 0.241406 0.181250 0.053125 0.077500
0 0.290625 0.236875 0.051562 0.036250
0 0.349609 0.031250 0.039844 0.062500
0 0.379297 0.092500 0.024219 0.050000
