0 0.580208 0.784722 0.097917 0.065741
0 0.407813 0.838889 0.235417 0.129630
0 0.260417 0.826852 0.100000 0.077778
0 0.192188 0.772222 0.085417 0.083333
0 0.141927 0.094444 0.066146 0.075926
0 0.319010 0.165278 0.100521 0.069444
0 0.379167 0.181481 0.052083 0.068519
0 0.534635 0.245833 0.036979 0.067593
0 0.501823 0.227315 0.044271 0.049074
0 0.471094 0.216667 0.047396 0.050000
0 0.580469 0.252315 0.038021 0.037963
0 0.693490 0.683333 0.115104 0.062963
0 0.835938 0.607407 0.039583 0.040741
0 0.924219 0.564815 0.058854 0.031481
0 0.851823 0.574537 0.050521 0.036111
