0 0.875000 0.268056 0.020313 0.013889
0 0.875781 0.281944 0.020313 0.016667
0 0.464062 0.871528 0.167187 0.195833
0 0.320703 0.942361 0.139844 0.109722
0 0.589844 0.768750 0.089063 0.120833
0 0.643750 0.713194 0.025000 0.051389
0 0.676172 0.656250 0.014844 0.040278
0 0.662109 0.672917 0.011719 0.037500
0 0.876172 0.295139 0.017969 0.012500
0 0.655078 0.413889 0.028906 0.055556
0 0.836328 0.612500 0.042969 0.019444
0 0.782422 0.618056 0.049219 0.019444
0 0.593359 0.099306 0.075781 0.090278
0 0.583594 0.028472 0.070312 0.056944
0 0.645312 0.175000 0.042188 0.083333
0 0.659766 0.243056 0.028906 0.055556
0 0.875781 0.351389 0.031250 0.025000
0 0.769531 0.138194 0.045312 0.012500
0 0.767969 0.127083 0.043750 0.012500
0 0.766797 0.116667 0.046094 0.013889
0 0.765234 0.103472 0.044531 0.012500
0 0.765625 0.093750 0.045312 0.012500
0 0.764844 0.082639 0.043750 0.012500
0 0.764062 0.071528 0.043750 0.012500
0 0.763281 0.060417 0.042188 0.012500
0 0.761719 0.049306 0.042188 0.012500
0 0.760938 0.040278 0.042188 0.011111
0 0.759766 0.029167 0.041406 0.011111
0 0.758594 0.019444 0.040625 0.011111
0 0.757031 0.008333 0.040625 0.011111
0 0.814063 0.137500 0.043750 0.016667
0 0.875000 0.256944 0.020313 0.013889
0 0.813672 0.126389 0.041406 0.013889
0 0.811328 0.117361 0.039844 0.015278
0 0.809766 0.104167 0.041406 0.013889
0 0.808594 0.092361 0.042188 0.012500
0 0.807813 0.081944 0.042188 0.013889
0 0.806641 0.070139 0.039844 0.012500
0 0.806250 0.060417 0.040625 0.012500
0 0.803906 0.050000 0.039062 0.013889
0 0.802734 0.036806 0.041406 0.012500
0 0.874219 0.243750 0.018750 0.012500
0 0.873828 0.231250 0.017969 0.012500
0 0.873437 0.218056 0.018750 0.013889
0 0.871484 0.205556 0.017969 0.013889
0 0.871484 0.194444 0.017969 0.013889
0 0.871094 0.181250 0.018750 0.015278
0 0.869531 0.170139 0.017188 0.012500
0 0.869531 0.159028 0.017188 0.012500
0 0.868750 0.145833 0.018750 0.013889
0 0.867969 0.133333 0.017188 0.016667
0 0.866797 0.122222 0.016406 0.013889
0 0.865234 0.110417 0.016406 0.015278
0 0.864062 0.099306 0.015625 0.012500
0 0.862891 0.088889 0.016406 0.013889
0 0.861328 0.077083 0.017969 0.012500
0 0.859766 0.065972 0.017969 0.012500
0 0.664062 0.063889 0.014063 0.058333
0 0.681641 0.145833 0.032031 0.013889
