0 0.756641 0.588889 0.072656 0.033333
0 0.620703 0.585417 0.067969 0.026389
0 0.975000 0.672222 0.050000 0.063889
0 0.118750 0.550694 0.060937 0.031944
0 0.065234 0.558333 0.047656 0.027778
0 0.022656 0.572917 0.045312 0.029167
0 0.063281 0.454167 0.050000 0.025000
0 0.066016 0.361806 0.055469 0.031944
0 0.121875 0.370833 0.071875 0.030556
0 0.119922 0.461806 0.071094 0.026389
0 0.113672 0.241667 0.036719 0.033333
0 0.070703 0.220833 0.053906 0.047222
0 0.022656 0.197222 0.045312 0.041667
0 0.120313 0.179167 0.039062 0.036111
0 0.126562 0.118750 0.037500 0.043056
0 0.081250 0.109028 0.059375 0.051389
0 0.141406 0.025694 0.037500 0.043056
0 0.172656 0.053472 0.043750 0.045833
0 0.178516 0.020139 0.038281 0.034722
0 0.164453 0.126389 0.041406 0.044444
0 0.162109 0.165278 0.039844 0.041667
0 0.153125 0.263194 0.043750 0.043056
0 0.911328 0.044444 0.067969 0.086111
0 0.821094 0.064583 0.026562 0.081944
0 0.801172 0.106250 0.024219 0.065278
