0 0.964063 0.642361 0.059375 0.048611
0 0.865234 0.611111 0.025781 0.036111
0 0.690625 0.636806 0.100000 0.043056
0 0.589453 0.617361 0.077344 0.029167
0 0.410547 0.577778 0.099219 0.025000
0 0.460938 0.495833 0.076563 0.016667
0 0.481250 0.572917 0.039062 0.020833
0 0.513281 0.563889 0.015625 0.011111
0 0.513672 0.498611 0.021094 0.011111
0 0.529297 0.500000 0.014844 0.013889
0 0.526563 0.560417 0.015625 0.012500
0 0.498828 0.429167 0.046094 0.016667
0 0.067969 0.621528 0.123438 0.040278
0 0.066406 0.462500 0.129688 0.033333
0 0.068750 0.295139 0.128125 0.059722
0 0.210547 0.163889 0.130469 0.094444
0 0.087500 0.066667 0.092188 0.075000
0 0.019141 0.031250 0.036719 0.051389
0 0.223828 0.022917 0.125781 0.045833
0 0.319531 0.095139 0.064062 0.062500
0 0.320703 0.044444 0.066406 0.061111
0 0.386719 0.111806 0.070312 0.045833
0 0.390234 0.162500 0.060156 0.058333
0 0.440625 0.180556 0.042188 0.044444
0 0.407422 0.290972 0.102344 0.065278
0 0.488672 0.320139 0.039844 0.031944
0 0.519141 0.337500 0.024219 0.022222
0 0.521484 0.261111 0.021094 0.027778
0 0.482422 0.233333 0.057031 0.041667
0 0.543359 0.290972 0.030469 0.023611
0 0.545703 0.358333 0.025781 0.019444
0 0.534766 0.188194 0.017969 0.040278
0 0.517188 0.162500 0.017188 0.030556
0 0.497266 0.135417 0.022656 0.043056
0 0.475000 0.105556 0.025000 0.041667
0 0.447266 0.069444 0.033594 0.050000
0 0.410938 0.020139 0.040625 0.040278
0 0.550000 0.206944 0.015625 0.030556
0 0.517188 0.120139 0.017188 0.031944
0 0.517188 0.077083 0.017188 0.031944
0 0.475000 0.057639 0.025000 0.037500
0 0.533984 0.118750 0.017969 0.034722
0 0.550000 0.143056 0.015625 0.030556
0 0.785937 0.579861 0.045312 0.015278
0 0.821484 0.572222 0.025781 0.013889
0 0.851953 0.578472 0.011719 0.012500
0 0.744141 0.576389 0.016406 0.022222
0 0.991016 0.179861 0.017969 0.026389
0 0.975000 0.092361 0.017188 0.034722
0 0.965234 0.045139 0.014844 0.034722
0 0.498047 0.059028 0.022656 0.040278
0 0.895703 0.140972 0.014844 0.023611
0 0.900391 0.174306 0.017969 0.023611
0 0.903125 0.206944 0.017188 0.022222
0 0.903906 0.239583 0.009375 0.020833
0 0.885938 0.196528 0.014063 0.023611
