0 0.858594 0.215741 0.098437 0.042593
0 0.973698 0.205556 0.052604 0.044444
0 0.713542 0.081019 0.072917 0.037963
0 0.390885 0.194444 0.482812 0.272222
0 0.536458 0.431481 0.063542 0.024074
0 0.533333 0.381481 0.064583 0.025926
0 0.480990 0.383796 0.039062 0.017593
0 0.479427 0.430556 0.050521 0.027778
0 0.531771 0.485648 0.062500 0.028704
0 0.478125 0.476852 0.048958 0.020370
0 0.432812 0.465741 0.050000 0.020370
0 0.391927 0.458333 0.022396 0.018519
0 0.394010 0.420370 0.024479 0.016667
0 0.430469 0.423148 0.047396 0.022222
0 0.431250 0.506019 0.048958 0.023148
0 0.369531 0.484722 0.023438 0.019444
0 0.363802 0.447222 0.035937 0.018519
0 0.290104 0.400926 0.015625 0.011111
0 0.291406 0.465278 0.017188 0.015741
0 0.267448 0.399074 0.011979 0.011111
0 0.269010 0.459259 0.010937 0.011111
0 0.170573 0.379630 0.029687 0.011111
0 0.139583 0.380093 0.030208 0.010185
0 0.139583 0.440278 0.030208 0.010185
0 0.170313 0.437500 0.031250 0.012037
0 0.711979 0.157407 0.068750 0.038889
0 0.705469 0.239815 0.071354 0.046296
0 0.257292 0.456019 0.009375 0.010185
0 0.255990 0.400000 0.008854 0.011111
0 0.245052 0.397685 0.016146 0.010185
0 0.245312 0.451852 0.012500 0.011111
0 0.232813 0.448611 0.010417 0.010185
0 0.202344 0.438889 0.008854 0.009259
0 0.201823 0.394907 0.008854 0.010185
0 0.215104 0.396296 0.007292 0.009259
0 0.116146 0.207870 0.042708 0.036111
