0 0.646484 0.625694 0.036719 0.045833
0 0.694922 0.643750 0.061719 0.051389
0 0.768359 0.695833 0.096094 0.061111
0 0.863672 0.695139 0.100781 0.081944
0 0.950000 0.743056 0.096875 0.091667
0 0.166406 0.840278 0.109375 0.166667
0 0.122266 0.972917 0.042969 0.048611
0 0.400000 0.634028 0.085938 0.045833
0 0.350781 0.632639 0.037500 0.043056
0 0.491016 0.586111 0.063281 0.022222
0 0.447266 0.325000 0.030469 0.011111
0 0.448047 0.314583 0.028906 0.009722
0 0.448437 0.306250 0.028125 0.009722
0 0.448047 0.296528 0.027344 0.009722
0 0.448047 0.288194 0.028906 0.009722
0 0.448047 0.279167 0.028906 0.008333
0 0.448047 0.270833 0.028906 0.011111
0 0.448047 0.261806 0.028906 0.009722
0 0.448047 0.253472 0.028906 0.009722
0 0.448047 0.245833 0.028906 0.008333
0 0.448047 0.236111 0.028906 0.011111
0 0.448828 0.227778 0.030469 0.011111
0 0.449609 0.218750 0.028906 0.009722
0 0.449219 0.209722 0.029687 0.008333
0 0.449609 0.201389 0.028906 0.008333
0 0.450781 0.193750 0.028125 0.009722
0 0.450391 0.185417 0.028906 0.009722
0 0.450781 0.177778 0.028125 0.008333
0 0.450781 0.169444 0.028125 0.008333
0 0.450781 0.161111 0.028125 0.011111
0 0.478125 0.322222 0.026562 0.011111
0 0.478125 0.313889 0.026562 0.008333
0 0.478125 0.304861 0.026562 0.009722
0 0.478906 0.296528 0.025000 0.009722
0 0.479297 0.286806 0.024219 0.009722
0 0.479297 0.278472 0.025781 0.009722
0 0.479297 0.271528 0.028906 0.009722
0 0.478906 0.261806 0.031250 0.009722
0 0.478906 0.253472 0.031250 0.009722
0 0.478906 0.246528 0.031250 0.009722
0 0.479297 0.236806 0.030469 0.012500
0 0.480078 0.228472 0.030469 0.009722
0 0.479687 0.219444 0.029687 0.008333
0 0.479687 0.211111 0.029687 0.008333
0 0.479687 0.202778 0.029687 0.008333
0 0.480078 0.194444 0.028906 0.008333
0 0.480078 0.186111 0.028906 0.008333
0 0.480078 0.179167 0.028906 0.008333
0 0.480469 0.170833 0.028125 0.008333
0 0.480078 0.162500 0.028906 0.008333
0 0.517969 0.322917 0.026562 0.009722
0 0.517578 0.313889 0.025781 0.008333
0 0.517578 0.305556 0.025781 0.008333
0 0.517188 0.296528 0.026562 0.009722
0 0.517578 0.287500 0.025781 0.008333
0 0.517578 0.279167 0.025781 0.008333
0 0.517969 0.270139 0.029687 0.012500
0 0.518359 0.263194 0.028906 0.009722
0 0.517969 0.254167 0.029687 0.011111
0 0.518359 0.245139 0.028906 0.009722
0 0.517969 0.236111 0.029687 0.011111
0 0.517969 0.227778 0.029687 0.008333
0 0.518359 0.219444 0.027344 0.008333
0 0.517969 0.211111 0.028125 0.008333
0 0.517969 0.202778 0.028125 0.008333
0 0.517969 0.193750 0.028125 0.009722
0 0.517969 0.185417 0.028125 0.006944
0 0.517969 0.177778 0.028125 0.008333
0 0.517969 0.170139 0.028125 0.006944
0 0.517188 0.161111 0.028125 0.011111
0 0.553906 0.322917 0.029687 0.009722
0 0.554297 0.314583 0.030469 0.009722
0 0.553906 0.306944 0.029687 0.008333
0 0.553906 0.297917 0.029687 0.009722
0 0.553906 0.289583 0.029687 0.009722
0 0.553516 0.281250 0.030469 0.009722
0 0.552734 0.272917 0.032031 0.009722
0 0.552344 0.263194 0.031250 0.009722
0 0.582422 0.325694 0.027344 0.009722
0 0.582812 0.316667 0.026562 0.008333
0 0.582422 0.308333 0.027344 0.008333
0 0.582422 0.299306 0.027344 0.009722
0 0.582422 0.290278 0.027344 0.008333
0 0.582422 0.281250 0.027344 0.009722
0 0.582812 0.273611 0.028125 0.008333
0 0.582812 0.264583 0.028125 0.009722
0 0.552734 0.254167 0.032031 0.008333
0 0.553125 0.246528 0.031250 0.009722
0 0.553516 0.237500 0.030469 0.011111
0 0.553125 0.229861 0.029687 0.012500
0 0.553516 0.222917 0.030469 0.012500
0 0.553125 0.214583 0.029687 0.009722
0 0.552734 0.204861 0.030469 0.012500
0 0.552734 0.197917 0.030469 0.012500
0 0.552734 0.189583 0.030469 0.012500
0 0.553125 0.179861 0.029687 0.009722
0 0.553125 0.172222 0.029687 0.011111
0 0.553125 0.162500 0.029687 0.011111
0 0.582812 0.257639 0.028125 0.009722
0 0.582422 0.249306 0.027344 0.009722
0 0.582422 0.240278 0.027344 0.011111
0 0.582031 0.231944 0.028125 0.011111
0 0.582031 0.223611 0.028125 0.011111
0 0.582031 0.215278 0.028125 0.011111
0 0.581641 0.206944 0.027344 0.011111
0 0.617969 0.259028 0.032813 0.012500
0 0.617969 0.251389 0.032813 0.011111
0 0.618359 0.327778 0.032031 0.011111
0 0.618359 0.318056 0.032031 0.011111
0 0.618750 0.309722 0.031250 0.008333
0 0.618750 0.302083 0.031250 0.009722
0 0.618750 0.294444 0.031250 0.011111
0 0.619141 0.285417 0.030469 0.012500
0 0.618359 0.277083 0.030469 0.009722
0 0.617969 0.268056 0.031250 0.011111
0 0.651563 0.329167 0.032813 0.011111
0 0.651563 0.320833 0.032813 0.008333
0 0.651563 0.312500 0.032813 0.011111
0 0.651563 0.304167 0.032813 0.011111
0 0.651563 0.295833 0.032813 0.011111
0 0.651172 0.288194 0.032031 0.009722
0 0.651172 0.278472 0.032031 0.012500
0 0.651172 0.270833 0.032031 0.011111
0 0.651172 0.262500 0.032031 0.011111
0 0.651172 0.255556 0.032031 0.011111
0 0.651172 0.246528 0.032031 0.012500
0 0.650781 0.236806 0.032813 0.009722
0 0.650781 0.228472 0.032813 0.009722
0 0.650781 0.220139 0.032813 0.009722
0 0.650781 0.212500 0.032813 0.011111
0 0.650391 0.204861 0.033594 0.009722
0 0.650391 0.197222 0.033594 0.011111
0 0.650391 0.188889 0.033594 0.011111
0 0.650391 0.181250 0.033594 0.009722
0 0.650391 0.172222 0.030469 0.008333
0 0.617969 0.243750 0.032813 0.009722
0 0.617969 0.234722 0.032813 0.008333
0 0.617969 0.227083 0.032813 0.009722
0 0.617969 0.218750 0.032813 0.009722
0 0.617969 0.210417 0.032813 0.009722
0 0.618359 0.203472 0.032031 0.009722
0 0.618359 0.195139 0.032031 0.009722
0 0.618359 0.186806 0.032031 0.009722
0 0.617969 0.178472 0.031250 0.009722
0 0.618750 0.169444 0.029687 0.011111
0 0.681641 0.325694 0.028906 0.012500
0 0.681641 0.317361 0.028906 0.012500
0 0.681641 0.307639 0.028906 0.012500
0 0.681641 0.299306 0.028906 0.009722
0 0.681250 0.290278 0.028125 0.011111
0 0.681641 0.282639 0.028906 0.012500
0 0.681641 0.274306 0.028906 0.012500
0 0.681641 0.265972 0.028906 0.012500
0 0.681641 0.258333 0.028906 0.011111
0 0.681641 0.249306 0.028906 0.012500
0 0.681250 0.240972 0.029687 0.012500
0 0.681641 0.233333 0.028906 0.011111
0 0.681250 0.224306 0.028125 0.012500
0 0.681250 0.215972 0.028125 0.012500
0 0.681250 0.209028 0.028125 0.012500
0 0.681641 0.200694 0.027344 0.012500
0 0.681250 0.192361 0.028125 0.012500
0 0.680859 0.184722 0.027344 0.011111
0 0.680469 0.175694 0.028125 0.012500
0 0.702344 0.320139 0.010937 0.012500
0 0.704688 0.311806 0.015625 0.012500
0 0.708984 0.304167 0.024219 0.011111
0 0.711328 0.295833 0.030469 0.013889
0 0.710938 0.288194 0.029687 0.012500
0 0.710938 0.279167 0.029687 0.011111
0 0.710547 0.270833 0.028906 0.011111
0 0.710156 0.261806 0.029687 0.012500
0 0.710938 0.252778 0.028125 0.011111
0 0.710156 0.244444 0.028125 0.008333
0 0.710156 0.236806 0.028125 0.012500
0 0.709766 0.227778 0.027344 0.011111
0 0.709375 0.220139 0.026562 0.012500
0 0.709375 0.211806 0.026562 0.009722
0 0.709375 0.205556 0.026562 0.011111
0 0.708594 0.197222 0.026562 0.011111
0 0.708984 0.190972 0.025781 0.009722
0 0.707812 0.182639 0.025000 0.012500
0 0.741797 0.288889 0.030469 0.011111
0 0.740625 0.281944 0.031250 0.011111
0 0.741016 0.275000 0.032031 0.013889
0 0.740625 0.265278 0.031250 0.013889
0 0.740625 0.257639 0.031250 0.009722
0 0.740234 0.250694 0.032031 0.009722
0 0.739844 0.242361 0.032813 0.012500
0 0.739844 0.234722 0.032813 0.011111
0 0.739844 0.226389 0.032813 0.011111
0 0.739062 0.217361 0.032813 0.012500
0 0.770703 0.293056 0.027344 0.011111
0 0.770703 0.286111 0.027344 0.011111
0 0.769922 0.278472 0.027344 0.009722
0 0.769922 0.270833 0.027344 0.011111
0 0.769922 0.261806 0.027344 0.009722
0 0.769922 0.254167 0.027344 0.011111
0 0.769922 0.246528 0.027344 0.012500
0 0.769141 0.238194 0.025781 0.009722
0 0.768359 0.230556 0.025781 0.011111
0 0.767969 0.222917 0.025000 0.009722
0 0.768359 0.215972 0.025781 0.009722
0 0.762891 0.207639 0.035156 0.012500
0 0.762891 0.200694 0.035156 0.012500
0 0.761328 0.197222 0.032031 0.016667
0 0.798047 0.300694 0.027344 0.012500
0 0.797656 0.291667 0.026562 0.011111
0 0.797266 0.283333 0.027344 0.011111
0 0.797266 0.275694 0.027344 0.012500
0 0.797266 0.267361 0.027344 0.009722
0 0.797266 0.259722 0.027344 0.011111
0 0.796484 0.250694 0.025781 0.012500
0 0.796094 0.244444 0.026562 0.011111
0 0.825000 0.304167 0.026562 0.011111
0 0.824609 0.295833 0.025781 0.011111
0 0.824609 0.288889 0.025781 0.011111
0 0.824219 0.282639 0.026562 0.009722
0 0.824219 0.274306 0.026562 0.012500
0 0.823828 0.267361 0.025781 0.009722
0 0.823828 0.259722 0.025781 0.011111
0 0.823047 0.252778 0.025781 0.011111
0 0.822656 0.245833 0.026562 0.011111
0 0.820703 0.238194 0.027344 0.009722
0 0.848828 0.302083 0.021094 0.009722
0 0.848437 0.295139 0.021875 0.009722
0 0.848047 0.286806 0.021094 0.009722
0 0.848047 0.279861 0.021094 0.009722
0 0.848047 0.272222 0.021094 0.011111
0 0.847266 0.265278 0.021094 0.008333
0 0.847266 0.257639 0.021094 0.009722
0 0.846484 0.250694 0.021094 0.012500
0 0.795312 0.237500 0.026562 0.013889
0 0.794531 0.229861 0.026562 0.012500
0 0.794531 0.222222 0.026562 0.011111
0 0.793750 0.214583 0.026562 0.009722
0 0.793750 0.207639 0.025000 0.012500
0 0.792578 0.198611 0.025781 0.011111
0 0.821484 0.230556 0.027344 0.013889
0 0.821094 0.222917 0.026562 0.012500
0 0.820703 0.215972 0.025781 0.012500
0 0.844922 0.243056 0.021094 0.011111
0 0.844922 0.235417 0.019531 0.009722
0 0.844922 0.228472 0.019531 0.009722
0 0.868359 0.304861 0.017969 0.012500
0 0.868750 0.298611 0.018750 0.011111
0 0.868359 0.290972 0.017969 0.009722
0 0.867969 0.282639 0.018750 0.009722
0 0.867969 0.275694 0.018750 0.009722
0 0.867578 0.268750 0.019531 0.009722
0 0.890234 0.347222 0.019531 0.011111
0 0.889844 0.340278 0.018750 0.008333
0 0.889844 0.331944 0.018750 0.011111
0 0.889453 0.325694 0.019531 0.009722
0 0.889453 0.318750 0.019531 0.009722
0 0.889062 0.311806 0.018750 0.012500
0 0.888672 0.304167 0.019531 0.011111
0 0.888281 0.297222 0.018750 0.011111
0 0.888281 0.289583 0.018750 0.009722
0 0.887109 0.283333 0.017969 0.011111
0 0.886719 0.275000 0.017188 0.011111
0 0.907422 0.308333 0.016406 0.011111
0 0.906250 0.301389 0.017188 0.011111
0 0.906250 0.295139 0.017188 0.009722
0 0.906250 0.288194 0.017188 0.009722
0 0.905859 0.281250 0.017969 0.009722
0 0.905078 0.273611 0.017969 0.011111
0 0.867188 0.261806 0.018750 0.009722
0 0.886719 0.268056 0.018750 0.011111
0 0.885938 0.261806 0.018750 0.009722
0 0.885938 0.255556 0.018750 0.011111
0 0.885547 0.248611 0.017969 0.011111
0 0.884766 0.241667 0.017969 0.011111
0 0.905469 0.267361 0.018750 0.009722
0 0.903906 0.261111 0.017188 0.011111
0 0.903125 0.253472 0.015625 0.009722
0 0.903125 0.247917 0.015625 0.009722
0 0.923438 0.314583 0.015625 0.006944
0 0.923438 0.306944 0.015625 0.008333
0 0.923438 0.301389 0.015625 0.008333
0 0.923047 0.294444 0.014844 0.008333
0 0.922656 0.287500 0.015625 0.008333
0 0.922266 0.280556 0.014844 0.008333
0 0.922266 0.274306 0.014844 0.009722
0 0.907813 0.323611 0.017188 0.008333
0 0.907813 0.315972 0.017188 0.009722
0 0.842578 0.431250 0.035156 0.009722
0 0.842578 0.422917 0.035156 0.009722
0 0.235547 0.131944 0.016406 0.027778
0 0.220312 0.106250 0.018750 0.023611
0 0.202734 0.079167 0.024219 0.033333
0 0.179688 0.043750 0.020313 0.034722
0 0.158984 0.015278 0.025781 0.030556
