0 0.559766 0.212500 0.033594 0.052778
0 0.396875 0.096528 0.170313 0.081944
0 0.391016 0.054861 0.178906 0.095833
0 0.580859 0.040278 0.086719 0.072222
0 0.642188 0.460417 0.040625 0.031944
0 0.675391 0.470139 0.021094 0.026389
0 0.691406 0.479167 0.014063 0.022222
0 0.297266 0.598611 0.183594 0.069444
0 0.288281 0.647917 0.181250 0.073611
0 0.300000 0.701389 0.184375 0.080556
0 0.121094 0.761806 0.229687 0.109722
0 0.386328 0.364583 0.171094 0.079167
0 0.536328 0.424306 0.069531 0.040278
0 0.462891 0.165278 0.158594 0.105556
