0 0.447656 0.606944 0.082812 0.022222
0 0.515625 0.605556 0.071875 0.025000
0 0.521875 0.489583 0.060937 0.029167
0 0.451562 0.489583 0.089063 0.040278
0 0.733203 0.550000 0.024219 0.013889
0 0.733203 0.559722 0.027344 0.013889
0 0.732812 0.575694 0.028125 0.018056
0 0.732812 0.588889 0.028125 0.016667
0 0.064062 0.700694 0.123438 0.056944
0 0.063281 0.643750 0.121875 0.048611
0 0.059375 0.590278 0.114062 0.050000
0 0.269531 0.145833 0.042188 0.036111
0 0.311719 0.163889 0.042188 0.036111
0 0.358594 0.186806 0.050000 0.045833
0 0.226953 0.134028 0.042969 0.037500
0 0.175781 0.122917 0.040625 0.029167
0 0.170703 0.240972 0.066406 0.051389
0 0.168359 0.260417 0.075781 0.037500
0 0.168750 0.277083 0.071875 0.043056
0 0.153125 0.289583 0.043750 0.037500
0 0.143359 0.309028 0.021094 0.029167
0 0.181641 0.309722 0.071094 0.052778
0 0.178906 0.318750 0.060937 0.031944
0 0.183203 0.337500 0.053906 0.027778
0 0.176172 0.356944 0.066406 0.033333
0 0.177344 0.378472 0.068750 0.026389
0 0.178906 0.396528 0.065625 0.026389
0 0.178516 0.413194 0.061719 0.031944
0 0.176953 0.438194 0.069531 0.031944
0 0.178125 0.454861 0.064062 0.026389
0 0.178125 0.471528 0.071875 0.029167
0 0.175391 0.490278 0.072656 0.019444
0 0.172656 0.512500 0.067187 0.025000
0 0.173828 0.531250 0.071094 0.023611
0 0.175000 0.555556 0.073438 0.027778
0 0.175781 0.572222 0.070312 0.025000
0 0.176953 0.596528 0.069531 0.023611
0 0.177344 0.612500 0.070312 0.019444
0 0.246875 0.368056 0.062500 0.019444
0 0.246484 0.387500 0.061719 0.027778
0 0.244922 0.400000 0.064844 0.016667
0 0.244531 0.423611 0.065625 0.030556
0 0.246484 0.438889 0.064844 0.022222
0 0.243359 0.461111 0.067969 0.022222
0 0.245312 0.479167 0.065625 0.022222
0 0.243359 0.497222 0.069531 0.025000
0 0.243750 0.516667 0.068750 0.019444
0 0.242578 0.539583 0.067969 0.023611
0 0.244531 0.555556 0.060937 0.019444
0 0.245703 0.574306 0.063281 0.018056
0 0.244531 0.596528 0.056250 0.023611
0 0.243359 0.615972 0.055469 0.015278
0 0.287109 0.540278 0.039844 0.022222
0 0.292578 0.560417 0.039844 0.015278
0 0.291797 0.576389 0.039844 0.016667
0 0.290625 0.590972 0.042188 0.012500
0 0.291016 0.609722 0.041406 0.025000
0 0.232422 0.300694 0.041406 0.031944
0 0.232031 0.322917 0.040625 0.031944
0 0.230859 0.342361 0.035156 0.020833
0 0.232031 0.363889 0.043750 0.019444
0 0.139453 0.385417 0.017969 0.023611
0 0.141797 0.397917 0.021094 0.026389
0 0.139063 0.415972 0.021875 0.018056
0 0.138672 0.433333 0.011719 0.016667
0 0.140625 0.450000 0.015625 0.019444
0 0.139844 0.465972 0.012500 0.015278
0 0.138672 0.479861 0.013281 0.012500
0 0.135156 0.496528 0.014063 0.015278
0 0.135156 0.514583 0.014063 0.018056
0 0.137109 0.531250 0.017969 0.015278
0 0.135937 0.543056 0.017188 0.008333
0 0.133203 0.564583 0.014844 0.018056
