0 0.955859 0.186875 0.085156 0.101250
0 0.875781 0.246875 0.076563 0.086250
0 0.797656 0.304375 0.065625 0.076250
0 0.755859 0.337500 0.036719 0.052500
0 0.726953 0.364375 0.025781 0.061250
0 0.680469 0.311875 0.015625 0.041250
0 0.680859 0.335000 0.013281 0.025000
0 0.692578 0.356250 0.042969 0.040000
0 0.690625 0.378125 0.042188 0.036250
0 0.689844 0.401250 0.042188 0.030000
0 0.656641 0.407500 0.025781 0.027500
0 0.872656 0.558750 0.068750 0.070000
0 0.798438 0.556875 0.046875 0.046250
0 0.744922 0.558750 0.049219 0.037500
0 0.698047 0.551875 0.019531 0.028750
0 0.655859 0.548125 0.014844 0.023750
0 0.632031 0.546250 0.018750 0.022500
0 0.629687 0.641875 0.015625 0.026250
0 0.655078 0.673125 0.013281 0.033750
0 0.697656 0.698750 0.018750 0.040000
0 0.742578 0.721250 0.055469 0.057500
0 0.792578 0.775625 0.041406 0.081250
0 0.868359 0.838125 0.075781 0.123750
0 0.802344 0.111875 0.064062 0.101250
0 0.798047 0.206875 0.067969 0.083750
0 0.793359 0.040625 0.046094 0.081250
0 0.701953 0.096875 0.022656 0.043750
0 0.684375 0.136250 0.020313 0.042500
0 0.664844 0.167500 0.018750 0.045000
0 0.643750 0.134375 0.020313 0.046250
0 0.569141 0.513125 0.063281 0.023750
0 0.493359 0.501875 0.057031 0.023750
0 0.489063 0.635625 0.059375 0.021250
0 0.418359 0.621875 0.055469 0.021250
0 0.564844 0.630000 0.059375 0.035000
0 0.634375 0.429375 0.014063 0.021250
0 0.204297 0.441875 0.092969 0.046250
0 0.203906 0.481875 0.098437 0.043750
0 0.203125 0.518750 0.096875 0.035000
0 0.202344 0.548750 0.096875 0.032500
0 0.200391 0.585000 0.097656 0.040000
0 0.200781 0.624375 0.101562 0.046250
0 0.198047 0.653125 0.097656 0.053750
0 0.196094 0.697500 0.096875 0.055000
0 0.188672 0.730000 0.080469 0.050000
0 0.252344 0.675000 0.031250 0.035000
0 0.286719 0.659375 0.029687 0.033750
0 0.292187 0.576875 0.031250 0.028750
0 0.258203 0.578125 0.017969 0.033750
0 0.261328 0.486250 0.021094 0.035000
0 0.297266 0.490625 0.036719 0.033750
0 0.328906 0.476875 0.026562 0.031250
0 0.325000 0.530000 0.028125 0.025000
0 0.321484 0.586250 0.030469 0.017500
0 0.322656 0.639375 0.031250 0.023750
0 0.050391 0.045625 0.099219 0.091250
0 0.126172 0.112500 0.066406 0.115000
0 0.191406 0.191250 0.053125 0.082500
0 0.240625 0.248750 0.050000 0.070000
0 0.277344 0.280625 0.026562 0.046250
0 0.299609 0.311250 0.022656 0.042500
0 0.321484 0.333125 0.024219 0.043750
0 0.340234 0.353125 0.014844 0.036250
0 0.312109 0.043750 0.027344 0.050000
0 0.370703 0.535625 0.033594 0.013750
0 0.381250 0.570625 0.018750 0.016250
0 0.203516 0.405625 0.091406 0.061250
0 0.367188 0.496250 0.048438 0.015000
