0 0.794141 0.200694 0.233594 0.093056
0 0.796875 0.850694 0.237500 0.081944
0 0.596484 0.735417 0.167969 0.070833
0 0.282031 0.763889 0.189062 0.125000
0 0.126172 0.306250 0.052344 0.037500
0 0.069531 0.287500 0.051562 0.033333
0 0.185938 0.326389 0.050000 0.033333
0 0.231641 0.338889 0.039844 0.030556
0 0.272656 0.355556 0.043750 0.030556
0 0.308594 0.366667 0.034375 0.030556
0 0.341797 0.378472 0.030469 0.026389
0 0.959375 0.323611 0.081250 0.066667
0 0.958984 0.731944 0.082031 0.080556
0 0.441016 0.393750 0.152344 0.056944
0 0.469531 0.308333 0.171875 0.075000
0 0.443750 0.490278 0.145313 0.047222
0 0.470703 0.588889 0.089844 0.038889
0 0.474219 0.686111 0.084375 0.047222
0 0.444922 0.067361 0.075781 0.098611
0 0.389844 0.015278 0.034375 0.030556
0 0.017188 0.116667 0.034375 0.111111
0 0.512109 0.155556 0.057031 0.086111
0 0.555469 0.219444 0.035937 0.058333
0 0.608203 0.070139 0.027344 0.054167
0 0.626172 0.115278 0.022656 0.047222
0 0.642969 0.154861 0.020313 0.051389
