0 0.782031 0.259028 0.195312 0.079167
0 0.770312 0.184028 0.187500 0.045833
0 0.935547 0.229861 0.122656 0.062500
0 0.938672 0.625000 0.086719 0.050000
0 0.833203 0.633333 0.074219 0.047222
0 0.714063 0.625694 0.126562 0.045833
0 0.651953 0.627083 0.050781 0.043056
0 0.603906 0.624306 0.057813 0.048611
0 0.568750 0.603472 0.060937 0.034722
0 0.482031 0.609722 0.096875 0.050000
0 0.346875 0.697917 0.157812 0.081944
0 0.246094 0.675000 0.103125 0.100000
0 0.192578 0.622917 0.060156 0.043056
0 0.133203 0.602778 0.021094 0.033333
0 0.108594 0.591667 0.039062 0.041667
0 0.076953 0.547917 0.030469 0.056944
0 0.082812 0.488889 0.017188 0.019444
0 0.061719 0.484722 0.026562 0.027778
0 0.034766 0.484722 0.027344 0.022222
0 0.064062 0.363194 0.068750 0.020833
0 0.064844 0.316667 0.071875 0.027778
0 0.464062 0.352083 0.107813 0.073611
0 0.601953 0.305556 0.175781 0.063889
0 0.605859 0.172222 0.160156 0.097222
0 0.607031 0.079167 0.171875 0.133333
0 0.475781 0.150000 0.131250 0.111111
0 0.389844 0.207639 0.140625 0.073611
0 0.387891 0.275000 0.119531 0.072222
0 0.304688 0.312500 0.054688 0.050000
0 0.298438 0.406250 0.053125 0.045833
0 0.376172 0.377778 0.061719 0.044444
0 0.727734 0.013194 0.107031 0.020833
0 0.487109 0.042361 0.052344 0.048611
0 0.533203 0.016667 0.047656 0.025000
0 0.934766 0.058333 0.121094 0.058333
