0 0.973047 0.027778 0.044531 0.044444
0 0.932422 0.093750 0.038281 0.098611
0 0.904687 0.162500 0.031250 0.083333
0 0.875781 0.221528 0.028125 0.065278
0 0.857031 0.270833 0.018750 0.047222
0 0.840234 0.306944 0.016406 0.036111
0 0.825391 0.331944 0.013281 0.038889
0 0.815234 0.352083 0.008594 0.026389
0 0.839453 0.039583 0.019531 0.073611
0 0.841797 0.100000 0.019531 0.044444
0 0.826562 0.134028 0.018750 0.068056
0 0.812500 0.181944 0.017188 0.055556
0 0.117188 0.148611 0.234375 0.227778
0 0.305469 0.265972 0.145313 0.143056
0 0.418359 0.341667 0.085156 0.094444
0 0.488672 0.386806 0.058594 0.076389
0 0.113281 0.891667 0.225000 0.172222
0 0.308594 0.812500 0.168750 0.136111
0 0.432031 0.748611 0.082812 0.094444
0 0.437109 0.031250 0.041406 0.062500
0 0.486719 0.106250 0.054688 0.098611
0 0.526953 0.170139 0.027344 0.070833
0 0.556250 0.228472 0.031250 0.065278
0 0.582031 0.029167 0.021875 0.058333
0 0.597266 0.080556 0.014844 0.050000
0 0.613672 0.122917 0.016406 0.045833
0 0.621094 0.163889 0.009375 0.036111
0 0.629687 0.191667 0.007812 0.036111
0 0.583984 0.277778 0.022656 0.050000
0 0.600391 0.307639 0.014844 0.043056
0 0.614453 0.328472 0.013281 0.031944
0 0.502734 0.698611 0.060156 0.063889
0 0.605859 0.468056 0.017969 0.027778
0 0.620703 0.478472 0.011719 0.020833
0 0.626563 0.352778 0.010937 0.030556
0 0.639062 0.377778 0.015625 0.038889
0 0.809766 0.365972 0.008594 0.023611
