0 0.129167 0.374537 0.252083 0.080556
0 0.365625 0.379630 0.208333 0.070370
0 0.555208 0.379630 0.159375 0.066667
0 0.710156 0.375926 0.113021 0.048148
0 0.815365 0.377778 0.068229 0.050000
0 0.819531 0.704630 0.075521 0.062963
0 0.719271 0.727315 0.125000 0.080556
0 0.576302 0.780556 0.158854 0.094444
0 0.389844 0.837500 0.214062 0.123148
0 0.153125 0.925463 0.262500 0.139815
0 0.713802 0.028704 0.149479 0.055556
0 0.829688 0.047222 0.085417 0.064815
0 0.931250 0.082870 0.061458 0.060185
0 0.982812 0.107870 0.033333 0.045370
