0 0.927344 0.096250 0.112500 0.142500
0 0.842578 0.188125 0.066406 0.096250
0 0.787891 0.233750 0.050781 0.077500
0 0.748047 0.276250 0.030469 0.060000
0 0.694531 0.331250 0.025000 0.042500
0 0.719531 0.303125 0.028125 0.048750
0 0.675000 0.357500 0.017188 0.030000
0 0.114844 0.772500 0.071875 0.095000
0 0.198828 0.048125 0.058594 0.096250
0 0.229297 0.130000 0.039844 0.075000
0 0.297266 0.228750 0.027344 0.057500
0 0.264844 0.183125 0.034375 0.066250
0 0.316797 0.270625 0.021094 0.036250
0 0.644531 0.384375 0.017188 0.026250
