0 0.929297 0.309028 0.039844 0.056944
0 0.916797 0.088889 0.021094 0.069444
0 0.978125 0.260417 0.031250 0.059722
0 0.883203 0.339583 0.019531 0.020833
0 0.866016 0.349306 0.010156 0.029167
0 0.857031 0.356944 0.007812 0.022222
0 0.850391 0.359722 0.007031 0.019444
0 0.840625 0.365972 0.010937 0.020833
0 0.645312 0.303472 0.028125 0.045833
0 0.660937 0.325694 0.014063 0.026389
0 0.672266 0.336111 0.010156 0.033333
0 0.585156 0.239583 0.048438 0.065278
0 0.498437 0.161806 0.118750 0.118056
0 0.655469 0.147222 0.025000 0.061111
0 0.671484 0.189583 0.024219 0.056944
0 0.880859 0.163194 0.024219 0.034722
0 0.878906 0.190972 0.039062 0.040278
0 0.939063 0.033333 0.037500 0.058333
