0 0.606641 0.692361 0.211719 0.084722
0 0.726953 0.686111 0.050781 0.044444
0 0.817969 0.600000 0.035937 0.027778
0 0.871875 0.608333 0.068750 0.041667
0 0.950391 0.655556 0.092969 0.083333
0 0.779687 0.620833 0.060937 0.038889
0 0.457813 0.620833 0.093750 0.033333
0 0.167187 0.754167 0.295312 0.169444
0 0.465234 0.474306 0.096094 0.043056
0 0.526953 0.315278 0.053906 0.033333
0 0.467969 0.213194 0.056250 0.051389
0 0.530078 0.214583 0.057031 0.059722
0 0.583984 0.210417 0.052344 0.076389
0 0.653125 0.209722 0.048438 0.058333
0 0.705469 0.216667 0.053125 0.055556
0 0.766797 0.227083 0.061719 0.045833
0 0.817578 0.231944 0.032031 0.047222
0 0.688281 0.045139 0.048438 0.068056
0 0.744922 0.058333 0.061719 0.066667
0 0.636719 0.039583 0.054688 0.062500
0 0.582422 0.038194 0.053906 0.070833
0 0.527344 0.034028 0.051562 0.065278
0 0.479297 0.042361 0.060156 0.076389
0 0.421484 0.047222 0.063281 0.075000
0 0.368750 0.054167 0.054688 0.077778
0 0.319922 0.065278 0.060156 0.083333
0 0.301953 0.222222 0.049219 0.030556
0 0.345313 0.221528 0.059375 0.031944
0 0.403906 0.204861 0.062500 0.023611
0 0.342578 0.325694 0.061719 0.034722
