0 0.760938 0.618750 0.082812 0.040278
0 0.833594 0.161806 0.046875 0.045833
0 0.854688 0.297917 0.018750 0.048611
0 0.623047 0.170833 0.024219 0.036111
0 0.563672 0.016667 0.028906 0.033333
0 0.587891 0.056944 0.025781 0.058333
0 0.604297 0.100694 0.022656 0.045833
0 0.612109 0.144444 0.013281 0.041667
0 0.631250 0.202083 0.021875 0.029167
0 0.642969 0.231250 0.012500 0.029167
0 0.589453 0.320139 0.049219 0.034722
0 0.574219 0.287500 0.057813 0.044444
0 0.565234 0.254167 0.039844 0.055556
0 0.536719 0.204861 0.043750 0.062500
0 0.483594 0.145139 0.098437 0.093056
0 0.438672 0.056944 0.077344 0.113889
0 0.183984 0.224306 0.186719 0.165278
0 0.434375 0.364583 0.089063 0.079167
0 0.616016 0.477083 0.016406 0.020833
0 0.628516 0.484028 0.010156 0.018056
0 0.628516 0.359722 0.021094 0.025000
0 0.608594 0.345139 0.039062 0.029167
0 0.040625 0.842361 0.081250 0.095833
0 0.342187 0.769444 0.143750 0.119444
0 0.176172 0.828472 0.191406 0.143056
0 0.442578 0.706944 0.058594 0.075000
0 0.492188 0.680556 0.042188 0.058333
0 0.529687 0.660417 0.034375 0.045833
0 0.560937 0.643750 0.026562 0.029167
0 0.581250 0.628472 0.014063 0.026389
0 0.596094 0.620139 0.014063 0.023611
0 0.642578 0.379167 0.010156 0.022222
0 0.650000 0.392361 0.007812 0.020833
0 0.651563 0.251389 0.010937 0.019444
0 0.823438 0.202778 0.042188 0.036111
0 0.818359 0.057639 0.067969 0.040278
0 0.790625 0.094444 0.017188 0.030556
0 0.741406 0.360417 0.021875 0.006944
0 0.740625 0.354861 0.021875 0.006944
0 0.740234 0.349306 0.021094 0.006944
0 0.740625 0.343056 0.020313 0.005556
0 0.740625 0.337500 0.020313 0.005556
0 0.739844 0.331944 0.020313 0.005556
0 0.739844 0.325694 0.020313 0.006944
0 0.739453 0.320833 0.021094 0.005556
0 0.739062 0.315278 0.020313 0.005556
0 0.739062 0.309028 0.020313 0.006944
0 0.720313 0.361806 0.020313 0.006944
0 0.719531 0.356250 0.020313 0.006944
0 0.719141 0.350694 0.021094 0.006944
0 0.719141 0.345833 0.021094 0.005556
0 0.720313 0.339583 0.021875 0.006944
0 0.720313 0.333333 0.021875 0.005556
0 0.719922 0.327778 0.022656 0.005556
0 0.719531 0.322222 0.021875 0.005556
0 0.719141 0.317361 0.021094 0.006944
0 0.719141 0.311111 0.021094 0.005556
0 0.718750 0.304861 0.020313 0.006944
