0 0.764453 0.072500 0.392969 0.145000
0 0.765625 0.203750 0.412500 0.125000
0 0.762109 0.275625 0.413281 0.123750
0 0.758984 0.342500 0.414844 0.095000
0 0.731641 0.570625 0.410156 0.101250
0 0.728125 0.640000 0.406250 0.112500
0 0.728516 0.704375 0.417969 0.118750
0 0.725391 0.779375 0.424219 0.123750
0 0.729297 0.862500 0.428906 0.115000
0 0.729297 0.924375 0.428906 0.121250
0 0.731250 0.961875 0.417187 0.076250
0 0.813672 0.038125 0.289844 0.076250
0 0.749219 0.498750 0.407813 0.100000
0 0.751953 0.421875 0.417969 0.083750
0 0.530859 0.151875 0.060156 0.083750
0 0.525000 0.329375 0.054688 0.073750
0 0.527344 0.213125 0.067187 0.078750
0 0.330469 0.956875 0.253125 0.086250
0 0.539844 0.098125 0.053125 0.056250
0 0.517969 0.436250 0.060937 0.052500
0 0.503125 0.544375 0.051562 0.053750
0 0.523828 0.266250 0.063281 0.087500
0 0.517578 0.490625 0.061719 0.071250
0 0.974609 0.453750 0.050781 0.055000
0 0.503516 0.591875 0.052344 0.063750
0 0.527734 0.383750 0.064844 0.062500
0 0.498828 0.646250 0.046094 0.070000
0 0.966406 0.593125 0.064062 0.081250
0 0.974219 0.518750 0.051562 0.085000
0 0.969922 0.884375 0.058594 0.101250
0 0.969531 0.735625 0.060937 0.101250
0 0.965625 0.809375 0.065625 0.098750
0 0.965625 0.666875 0.068750 0.096250
0 0.970313 0.961875 0.057813 0.076250
