0 0.559766 0.655000 0.099219 0.045000
0 0.212109 0.772500 0.047656 0.072500
0 0.251953 0.738750 0.041406 0.062500
0 0.285938 0.704375 0.034375 0.048750
0 0.139453 0.851875 0.127344 0.121250
0 0.039062 0.910625 0.078125 0.121250
0 0.044531 0.372500 0.085938 0.110000
0 0.213672 0.428750 0.075781 0.062500
0 0.174219 0.102500 0.173437 0.102500
0 0.151953 0.031250 0.122656 0.062500
0 0.253125 0.175625 0.112500 0.078750
0 0.354297 0.320000 0.066406 0.032500
0 0.292578 0.221875 0.082031 0.056250
0 0.315234 0.266250 0.085156 0.050000
0 0.344141 0.291250 0.063281 0.040000
0 0.389453 0.338750 0.021094 0.025000
0 0.384375 0.100625 0.039062 0.041250
0 0.373828 0.055625 0.058594 0.048750
0 0.432031 0.395000 0.015625 0.020000
0 0.421484 0.380000 0.014844 0.025000
0 0.380469 0.489375 0.023438 0.031250
0 0.363281 0.480000 0.021875 0.037500
0 0.343750 0.473125 0.029687 0.031250
0 0.308203 0.465000 0.033594 0.027500
0 0.272266 0.446250 0.042969 0.035000
0 0.406641 0.358750 0.025781 0.037500
0 0.779687 0.017500 0.023438 0.035000
0 0.402344 0.129375 0.040625 0.041250
0 0.425391 0.193125 0.013281 0.026250
0 0.432031 0.213125 0.014063 0.031250
0 0.442969 0.060625 0.015625 0.038750
0 0.547656 0.330000 0.029687 0.010000
0 0.548047 0.323750 0.028906 0.010000
0 0.547656 0.315625 0.028125 0.008750
0 0.548047 0.310000 0.027344 0.010000
0 0.548047 0.301875 0.027344 0.008750
0 0.548047 0.295625 0.027344 0.008750
0 0.548438 0.288750 0.028125 0.010000
0 0.548438 0.282500 0.028125 0.010000
0 0.548438 0.275625 0.026562 0.008750
0 0.548047 0.266875 0.027344 0.008750
0 0.519141 0.328750 0.027344 0.005000
0 0.518750 0.322500 0.026562 0.007500
0 0.519141 0.315625 0.028906 0.008750
0 0.519141 0.309375 0.027344 0.008750
0 0.519141 0.303125 0.027344 0.008750
0 0.519531 0.295625 0.028125 0.008750
0 0.519531 0.288750 0.028125 0.010000
0 0.519922 0.282500 0.027344 0.007500
0 0.519531 0.273750 0.028125 0.010000
0 0.579688 0.399375 0.014063 0.006250
0 0.580078 0.393750 0.013281 0.007500
0 0.580078 0.385625 0.011719 0.006250
0 0.580078 0.379375 0.011719 0.008750
0 0.579688 0.372500 0.010937 0.007500
0 0.580078 0.365625 0.010156 0.006250
