0 0.928906 0.786111 0.142187 0.141667
0 0.841406 0.690278 0.107813 0.086111
0 0.689844 0.693750 0.212500 0.118056
0 0.150391 0.883333 0.300781 0.227778
0 0.338672 0.594444 0.063281 0.036111
0 0.435547 0.591667 0.077344 0.033333
0 0.485156 0.575694 0.035937 0.023611
0 0.515625 0.575000 0.023438 0.016667
0 0.565234 0.585417 0.072656 0.037500
0 0.687500 0.484028 0.048438 0.020833
0 0.736328 0.487500 0.050781 0.019444
0 0.648438 0.487500 0.026562 0.022222
0 0.628906 0.486111 0.012500 0.013889
0 0.620703 0.415278 0.022656 0.022222
0 0.653125 0.412500 0.039062 0.022222
0 0.664844 0.296528 0.035937 0.031944
0 0.671875 0.253472 0.053125 0.034722
0 0.634766 0.315278 0.025781 0.036111
0 0.614453 0.329167 0.017969 0.022222
0 0.613672 0.281944 0.019531 0.025000
0 0.623437 0.236111 0.037500 0.027778
0 0.721094 0.254167 0.037500 0.038889
0 0.846875 0.170833 0.029687 0.038889
0 0.810547 0.192361 0.046094 0.048611
0 0.805469 0.114583 0.050000 0.054167
0 0.812109 0.040972 0.071094 0.054167
0 0.029297 0.202778 0.050781 0.041667
0 0.033594 0.084722 0.067187 0.058333
0 0.083203 0.127778 0.030469 0.047222
0 0.097266 0.013194 0.022656 0.026389
0 0.629687 0.138194 0.018750 0.043056
0 0.610938 0.159028 0.018750 0.026389
0 0.596094 0.281944 0.018750 0.030556
0 0.582422 0.301389 0.014844 0.030556
0 0.586328 0.255556 0.025781 0.019444
0 0.567187 0.283333 0.014063 0.025000
0 0.569531 0.311111 0.014063 0.022222
0 0.581641 0.188194 0.011719 0.023611
0 0.616016 0.114583 0.027344 0.026389
0 0.616016 0.076389 0.030469 0.030556
0 0.613281 0.035417 0.028125 0.034722
0 0.119531 0.047222 0.028125 0.052778
0 0.139453 0.081944 0.022656 0.041667
0 0.116797 0.186111 0.046094 0.038889
0 0.581250 0.147222 0.012500 0.025000
0 0.582031 0.159722 0.039062 0.116667
0 0.558594 0.370833 0.010937 0.013889
0 0.548828 0.379167 0.010156 0.011111
0 0.540234 0.383333 0.008594 0.013889
0 0.548828 0.343750 0.010156 0.012500
0 0.551953 0.309028 0.019531 0.018056
0 0.548047 0.251389 0.008594 0.019444
0 0.708984 0.027083 0.036719 0.051389
0 0.568359 0.253472 0.011719 0.023611
