0 0.857422 0.216667 0.097656 0.072222
0 0.855469 0.182639 0.104688 0.068056
0 0.851953 0.158333 0.102344 0.061111
0 0.845703 0.139583 0.113281 0.062500
0 0.492188 0.223611 0.071875 0.055556
0 0.494922 0.204861 0.071094 0.043056
0 0.498828 0.178472 0.072656 0.045833
0 0.863281 0.718750 0.168750 0.079167
0 0.148047 0.232639 0.066406 0.040278
0 0.145313 0.247222 0.057813 0.041667
0 0.146875 0.265278 0.054688 0.052778
0 0.147656 0.282639 0.057813 0.043056
0 0.155859 0.300694 0.041406 0.034722
0 0.152344 0.319444 0.043750 0.036111
0 0.153906 0.331944 0.039062 0.038889
0 0.152734 0.348611 0.039844 0.033333
0 0.152344 0.365972 0.043750 0.020833
0 0.151562 0.380556 0.043750 0.022222
0 0.150000 0.408333 0.040625 0.027778
0 0.149609 0.421528 0.038281 0.023611
0 0.153906 0.438889 0.037500 0.022222
0 0.149219 0.453472 0.042188 0.018056
0 0.149219 0.471528 0.039062 0.015278
0 0.149609 0.488194 0.035156 0.020833
0 0.148047 0.507639 0.039844 0.023611
0 0.145703 0.524306 0.035156 0.020833
0 0.152344 0.545833 0.029687 0.013889
0 0.150391 0.562500 0.030469 0.016667
0 0.147266 0.579861 0.033594 0.015278
0 0.187500 0.556250 0.021875 0.018056
0 0.190625 0.575000 0.014063 0.019444
0 0.185938 0.590972 0.017188 0.009722
