0 0.463281 0.248611 0.120313 0.052778
0 0.380078 0.168750 0.146094 0.095833
0 0.531250 0.281944 0.029687 0.050000
0 0.554297 0.311806 0.027344 0.040278
0 0.571484 0.332639 0.016406 0.031944
0 0.557813 0.402778 0.068750 0.022222
0 0.354297 0.294444 0.036719 0.036111
0 0.353125 0.084028 0.070312 0.090278
0 0.285156 0.029167 0.070312 0.058333
0 0.850000 0.304167 0.079687 0.066667
0 0.855078 0.656944 0.036719 0.052778
0 0.567578 0.083333 0.014844 0.036111
0 0.553516 0.044444 0.013281 0.041667
0 0.539844 0.013889 0.015625 0.027778
0 0.837891 0.218750 0.014844 0.054167
0 0.892969 0.169444 0.109375 0.066667
0 0.906641 0.098611 0.097656 0.077778
