0 0.850391 0.626389 0.094531 0.047222
0 0.747656 0.620833 0.082812 0.036111
0 0.631641 0.628472 0.116406 0.043056
0 0.523828 0.619444 0.053906 0.036111
0 0.567187 0.619444 0.037500 0.036111
0 0.303516 0.686806 0.149219 0.062500
0 0.194922 0.661806 0.091406 0.081944
0 0.143359 0.611111 0.069531 0.033333
0 0.087500 0.596528 0.031250 0.037500
0 0.058594 0.578472 0.042188 0.037500
0 0.407422 0.596528 0.083594 0.048611
0 0.482812 0.606944 0.050000 0.030556
0 0.024219 0.536111 0.040625 0.055556
0 0.025391 0.478472 0.028906 0.012500
0 0.027344 0.418056 0.026562 0.022222
0 0.020313 0.351389 0.039062 0.022222
0 0.021094 0.306250 0.040625 0.020833
0 0.232813 0.246528 0.056250 0.048611
0 0.229297 0.311111 0.055469 0.050000
0 0.223047 0.397917 0.044531 0.029167
0 0.309375 0.368750 0.035937 0.037500
0 0.314453 0.277083 0.110156 0.056944
0 0.310547 0.206250 0.108594 0.070833
0 0.408984 0.156944 0.133594 0.094444
0 0.387500 0.352083 0.109375 0.070833
0 0.526953 0.334722 0.161719 0.080556
0 0.705078 0.282639 0.175781 0.070833
0 0.692187 0.218750 0.164062 0.062500
0 0.886719 0.254167 0.173437 0.052778
0 0.877344 0.091667 0.167187 0.058333
0 0.683984 0.125694 0.175781 0.070833
0 0.521484 0.184722 0.133594 0.083333
0 0.533984 0.081250 0.182031 0.098611
0 0.469531 0.034028 0.042188 0.045833
0 0.417969 0.052778 0.051562 0.052778
0 0.689844 0.032639 0.165625 0.051389
0 0.980469 0.095139 0.028125 0.062500
