0 0.481641 0.178472 0.160156 0.106944
0 0.480859 0.206944 0.167969 0.108333
0 0.480469 0.227778 0.165625 0.072222
0 0.482031 0.262500 0.170313 0.061111
0 0.480469 0.300000 0.167187 0.058333
0 0.483594 0.350694 0.170313 0.084722
0 0.485156 0.386806 0.167187 0.065278
0 0.476953 0.421528 0.167969 0.068056
0 0.475391 0.465972 0.167969 0.065278
0 0.475000 0.500694 0.173437 0.054167
0 0.478125 0.535417 0.167187 0.048611
0 0.483203 0.581944 0.167969 0.044444
0 0.483594 0.615278 0.156250 0.044444
0 0.487109 0.654861 0.153906 0.048611
0 0.494141 0.691667 0.130469 0.069444
0 0.365625 0.170139 0.079687 0.040278
0 0.368750 0.205556 0.054688 0.041667
0 0.367578 0.247917 0.053906 0.043056
0 0.367969 0.275000 0.050000 0.027778
0 0.368750 0.310417 0.053125 0.031944
0 0.371094 0.347222 0.054688 0.041667
0 0.365234 0.386111 0.066406 0.038889
0 0.360938 0.418056 0.068750 0.036111
0 0.375391 0.457639 0.046094 0.045833
0 0.595313 0.419444 0.078125 0.055556
0 0.596484 0.449306 0.072656 0.043056
0 0.598047 0.478472 0.071094 0.048611
0 0.599609 0.509722 0.069531 0.041667
0 0.599219 0.538889 0.070312 0.033333
0 0.598047 0.571528 0.071094 0.037500
0 0.593359 0.600694 0.071094 0.034722
0 0.594141 0.630556 0.072656 0.050000
0 0.598437 0.666667 0.068750 0.047222
0 0.973828 0.358333 0.052344 0.038889
0 0.955078 0.092361 0.066406 0.051389
0 0.823438 0.145139 0.040625 0.018056
0 0.815234 0.045833 0.044531 0.016667
0 0.778125 0.098611 0.031250 0.019444
0 0.783203 0.179861 0.030469 0.031944
0 0.829688 0.256250 0.043750 0.015278
0 0.836328 0.370139 0.041406 0.023611
0 0.787109 0.337500 0.028906 0.016667
0 0.784766 0.255556 0.025781 0.013889
0 0.735938 0.213194 0.029687 0.012500
0 0.669922 0.197222 0.032031 0.013889
0 0.634375 0.199306 0.029687 0.015278
0 0.723828 0.579861 0.030469 0.015278
0 0.950391 0.113889 0.072656 0.033333
0 0.578906 0.357639 0.028125 0.012500
0 0.580859 0.338194 0.025781 0.018056
0 0.579688 0.297222 0.031250 0.013889
0 0.581250 0.277083 0.028125 0.015278
