0 0.807422 0.506875 0.163281 0.038750
0 0.714063 0.509375 0.032813 0.026250
0 0.667188 0.511875 0.018750 0.021250
0 0.639844 0.515000 0.012500 0.025000
0 0.515234 0.644375 0.096094 0.026250
0 0.724609 0.749375 0.049219 0.058750
0 0.779297 0.814375 0.064844 0.081250
0 0.843750 0.875000 0.081250 0.105000
0 0.938281 0.949375 0.121875 0.098750
0 0.696875 0.725000 0.032813 0.040000
0 0.672266 0.703125 0.017969 0.061250
0 0.653125 0.686875 0.020313 0.041250
0 0.279687 0.588125 0.054688 0.031250
0 0.311328 0.582500 0.028906 0.027500
0 0.338281 0.576250 0.026562 0.022500
0 0.359766 0.567500 0.017969 0.022500
0 0.285938 0.259375 0.046875 0.043750
0 0.182031 0.202500 0.187500 0.070000
0 0.072656 0.046875 0.140625 0.088750
0 0.326562 0.274375 0.031250 0.041250
0 0.949609 0.036875 0.094531 0.073750
0 0.883984 0.102500 0.157031 0.132500
0 0.852734 0.191250 0.188281 0.090000
0 0.796484 0.244375 0.157031 0.068750
0 0.783594 0.294375 0.164062 0.046250
0 0.745313 0.315625 0.121875 0.038750
0 0.708594 0.336875 0.093750 0.043750
0 0.686719 0.351875 0.079687 0.043750
0 0.377734 0.368750 0.017969 0.020000
0 0.390234 0.380625 0.010156 0.013750
0 0.711719 0.015000 0.050000 0.030000
0 0.379688 0.561875 0.023438 0.023750
0 0.364844 0.352500 0.020313 0.020000
0 0.643750 0.371875 0.010937 0.026250
0 0.669922 0.141250 0.050781 0.040000
0 0.683594 0.099375 0.062500 0.046250
0 0.699219 0.054375 0.060937 0.046250
