0 0.962891 0.193056 0.035156 0.061111
0 0.933594 0.234028 0.037500 0.054167
0 0.900391 0.279861 0.033594 0.043056
0 0.873437 0.297917 0.028125 0.026389
0 0.859766 0.271528 0.013281 0.020833
0 0.863281 0.222222 0.026562 0.030556
0 0.833984 0.280556 0.025781 0.025000
0 0.829297 0.318056 0.010156 0.013889
0 0.841406 0.350000 0.009375 0.019444
0 0.830859 0.356944 0.011719 0.022222
0 0.742578 0.679167 0.136719 0.055556
0 0.863281 0.663194 0.121875 0.076389
0 0.938281 0.670833 0.032813 0.047222
0 0.597266 0.560417 0.053906 0.023611
0 0.546484 0.554861 0.046094 0.020833
0 0.826172 0.211806 0.011719 0.026389
0 0.836719 0.131250 0.010937 0.026389
0 0.391406 0.250000 0.032813 0.030556
0 0.392188 0.211111 0.032813 0.036111
0 0.345313 0.205556 0.062500 0.038889
0 0.343750 0.290278 0.059375 0.044444
0 0.273047 0.381944 0.075781 0.033333
0 0.275391 0.470139 0.077344 0.023611
0 0.288281 0.557639 0.054688 0.034722
0 0.226953 0.572222 0.060156 0.030556
0 0.153125 0.581250 0.089063 0.037500
0 0.094141 0.450694 0.050781 0.026389
0 0.119922 0.344444 0.100781 0.047222
0 0.185938 0.357639 0.034375 0.029167
0 0.035547 0.320139 0.067969 0.051389
0 0.031641 0.445833 0.060156 0.038889
0 0.031250 0.592361 0.059375 0.040278
0 0.018359 0.118750 0.036719 0.037500
0 0.023828 0.028472 0.047656 0.040278
0 0.070703 0.144444 0.077344 0.058333
0 0.136719 0.179861 0.065625 0.056944
0 0.194922 0.206250 0.050781 0.040278
0 0.241406 0.231250 0.053125 0.043056
0 0.289453 0.259722 0.044531 0.036111
0 0.294531 0.156944 0.045312 0.050000
0 0.249219 0.124306 0.051562 0.048611
0 0.198437 0.134722 0.045312 0.041667
0 0.203125 0.068750 0.045312 0.043056
0 0.155859 0.051389 0.060156 0.058333
0 0.091797 0.019444 0.067969 0.038889
0 0.335547 0.078472 0.025781 0.040278
0 0.306641 0.043056 0.041406 0.047222
0 0.363672 0.106944 0.033594 0.038889
0 0.367969 0.030556 0.035937 0.044444
0 0.398047 0.059722 0.024219 0.033333
0 0.416797 0.112500 0.021094 0.025000
0 0.412891 0.153472 0.024219 0.031944
0 0.435156 0.177778 0.021875 0.033333
0 0.437109 0.113194 0.021094 0.043056
0 0.420312 0.242361 0.039062 0.026389
0 0.423438 0.275000 0.032813 0.025000
0 0.451172 0.280556 0.022656 0.025000
0 0.430859 0.345833 0.060156 0.025000
0 0.473438 0.367361 0.028125 0.018056
0 0.492578 0.375000 0.016406 0.013889
0 0.494531 0.318056 0.015625 0.019444
0 0.473438 0.307639 0.028125 0.018056
0 0.469141 0.222917 0.014844 0.020833
0 0.467578 0.185417 0.013281 0.023611
0 0.428125 0.539583 0.053125 0.026389
0 0.460938 0.536111 0.012500 0.016667
0 0.474609 0.536806 0.017969 0.018056
0 0.459375 0.486806 0.042188 0.012500
0 0.981250 0.063194 0.026562 0.043056
0 0.743750 0.197222 0.512500 0.119444
0 0.492188 0.218056 0.014063 0.016667
0 0.492969 0.186111 0.014063 0.016667
0 0.494531 0.154861 0.014063 0.018056
0 0.504297 0.211111 0.013281 0.016667
0 0.513672 0.225000 0.011719 0.019444
0 0.513672 0.275000 0.014844 0.019444
0 0.505469 0.262500 0.017188 0.022222
0 0.453125 0.203472 0.021875 0.031944
0 0.481641 0.238194 0.017969 0.023611
0 0.265625 0.013889 0.042188 0.027778
0 0.791797 0.268056 0.014844 0.013889
0 0.791797 0.241667 0.017969 0.016667
0 0.789844 0.213889 0.015625 0.016667
