0 0.558984 0.508333 0.186719 0.358333
0 0.426953 0.609722 0.191406 0.088889
0 0.235547 0.571528 0.083594 0.079167
0 0.178516 0.563194 0.049219 0.056944
0 0.281641 0.276389 0.186719 0.094444
0 0.169531 0.284028 0.059375 0.090278
0 0.407422 0.188889 0.097656 0.058333
0 0.512500 0.135417 0.067187 0.059722
0 0.460547 0.150000 0.064844 0.047222
0 0.595703 0.129861 0.125781 0.084722
0 0.608203 0.059028 0.107031 0.048611
0 0.600391 0.023611 0.108594 0.038889
0 0.510547 0.065278 0.057031 0.044444
0 0.463281 0.084028 0.032813 0.040278
0 0.385937 0.056944 0.115625 0.111111
0 0.298047 0.047222 0.127344 0.083333
0 0.869141 0.444444 0.039844 0.152778
0 0.071484 0.863889 0.130469 0.258333
