0 0.129688 0.695833 0.100000 0.066667
0 0.034375 0.709028 0.067187 0.070833
0 0.124219 0.350694 0.110937 0.059722
0 0.164453 0.059722 0.086719 0.075000
0 0.029687 0.327083 0.059375 0.051389
0 0.246094 0.118056 0.064062 0.075000
0 0.305469 0.154861 0.054688 0.054167
0 0.383594 0.222917 0.068750 0.059722
0 0.443750 0.121528 0.109375 0.106944
0 0.855859 0.500000 0.016406 0.019444
0 0.856641 0.593750 0.014844 0.020833
0 0.840234 0.587500 0.007031 0.016667
0 0.820703 0.423611 0.011719 0.022222
0 0.254297 0.391667 0.053906 0.050000
0 0.302734 0.406944 0.044531 0.044444
0 0.815625 0.574306 0.007812 0.012500
0 0.818750 0.547917 0.017188 0.081944
0 0.823438 0.508333 0.004687 0.011111
0 0.839844 0.504167 0.006250 0.016667
0 0.845703 0.394444 0.010156 0.022222
