0 0.921875 0.067361 0.026562 0.068056
0 0.902344 0.101389 0.020313 0.044444
0 0.872656 0.178472 0.018750 0.031944
0 0.869141 0.642361 0.075781 0.048611
0 0.168750 0.456944 0.253125 0.108333
0 0.165234 0.517361 0.241406 0.093056
0 0.162500 0.600694 0.260937 0.106944
0 0.168359 0.658333 0.263281 0.102778
0 0.162109 0.721528 0.250781 0.115278
0 0.166797 0.786111 0.241406 0.136111
0 0.401953 0.449306 0.197656 0.070833
0 0.398047 0.490972 0.205469 0.068056
0 0.400000 0.539583 0.200000 0.070833
0 0.399609 0.600000 0.205469 0.077778
0 0.392578 0.643750 0.210156 0.081944
0 0.398438 0.690278 0.198437 0.075000
0 0.394922 0.746528 0.207031 0.106944
0 0.505078 0.691667 0.055469 0.058333
0 0.509375 0.659028 0.045312 0.056944
0 0.512500 0.629861 0.031250 0.051389
0 0.510156 0.586806 0.040625 0.029167
0 0.514453 0.552083 0.033594 0.040278
0 0.518359 0.518056 0.036719 0.047222
0 0.518359 0.484028 0.032031 0.037500
0 0.505078 0.443056 0.063281 0.047222
0 0.463281 0.414583 0.153125 0.054167
0 0.466016 0.378472 0.150781 0.062500
0 0.466406 0.340278 0.145313 0.072222
0 0.464844 0.306250 0.143750 0.065278
0 0.467187 0.268750 0.143750 0.087500
0 0.467969 0.234722 0.146875 0.080556
0 0.468359 0.200000 0.138281 0.088889
0 0.466406 0.166667 0.142187 0.088889
0 0.267188 0.027778 0.082812 0.044444
0 0.308594 0.095833 0.189062 0.147222
0 0.305859 0.134722 0.189844 0.133333
0 0.305078 0.168750 0.188281 0.140278
0 0.302344 0.206944 0.182812 0.125000
0 0.297656 0.245139 0.193750 0.101389
0 0.291797 0.283333 0.197656 0.100000
0 0.290625 0.320833 0.195312 0.088889
0 0.283984 0.361111 0.205469 0.083333
0 0.287500 0.406944 0.201563 0.077778
0 0.096875 0.359028 0.110937 0.101389
0 0.098828 0.312500 0.096094 0.108333
0 0.109375 0.276389 0.103125 0.119444
0 0.107813 0.225000 0.093750 0.130556
0 0.114453 0.175000 0.088281 0.125000
0 0.115625 0.130556 0.100000 0.136111
0 0.119531 0.090278 0.090625 0.136111
0 0.135156 0.056944 0.082812 0.111111
0 0.144141 0.043750 0.067969 0.076389
0 0.169531 0.027083 0.043750 0.045833
0 0.464062 0.115278 0.070312 0.038889
0 0.458984 0.092361 0.082031 0.023611
0 0.457031 0.068056 0.075000 0.022222
0 0.458594 0.049306 0.078125 0.029167
0 0.460156 0.029861 0.081250 0.026389
0 0.460938 0.011111 0.071875 0.019444
0 0.393750 0.018056 0.062500 0.030556
0 0.394922 0.034028 0.053906 0.034722
0 0.391797 0.049306 0.050781 0.023611
0 0.339453 0.029861 0.055469 0.054167
0 0.547266 0.017361 0.091406 0.031944
0 0.546094 0.040972 0.087500 0.059722
0 0.546875 0.058333 0.084375 0.052778
0 0.545312 0.079861 0.092188 0.056944
0 0.542969 0.100000 0.089063 0.052778
0 0.547266 0.123611 0.085156 0.058333
0 0.546094 0.146528 0.087500 0.065278
0 0.549609 0.171528 0.089844 0.073611
0 0.551562 0.193056 0.081250 0.058333
0 0.550781 0.214583 0.081250 0.059722
0 0.560547 0.233333 0.060156 0.055556
0 0.566406 0.259028 0.048438 0.056944
0 0.563281 0.275000 0.042188 0.058333
0 0.564063 0.288889 0.040625 0.050000
0 0.560156 0.309722 0.046875 0.052778
0 0.560937 0.340278 0.040625 0.061111
0 0.557813 0.363889 0.046875 0.050000
0 0.559375 0.392361 0.040625 0.040278
0 0.555078 0.414583 0.044531 0.045833
0 0.557422 0.442361 0.049219 0.043056
0 0.554297 0.470139 0.049219 0.031944
0 0.557813 0.499306 0.045312 0.040278
0 0.555078 0.525000 0.047656 0.030556
0 0.555469 0.557639 0.054688 0.034722
0 0.555469 0.582639 0.056250 0.029167
0 0.551562 0.609722 0.056250 0.036111
0 0.552344 0.636806 0.053125 0.043056
0 0.553125 0.669444 0.050000 0.038889
0 0.591406 0.309028 0.015625 0.037500
0 0.591016 0.331250 0.017969 0.037500
0 0.592578 0.352083 0.014844 0.043056
0 0.589844 0.371528 0.014063 0.034722
0 0.590625 0.393056 0.017188 0.033333
0 0.587891 0.420139 0.017969 0.037500
0 0.589844 0.440972 0.018750 0.031944
0 0.588672 0.463889 0.021094 0.033333
0 0.587109 0.484722 0.013281 0.027778
0 0.588281 0.510417 0.015625 0.023611
0 0.587500 0.532639 0.017188 0.020833
0 0.587109 0.555556 0.014844 0.025000
0 0.587109 0.576389 0.014844 0.016667
0 0.588281 0.595833 0.017188 0.022222
0 0.585156 0.620833 0.023438 0.027778
0 0.586328 0.648611 0.017969 0.025000
0 0.636719 0.596528 0.067187 0.031944
0 0.635547 0.625000 0.064844 0.025000
0 0.633984 0.645139 0.067969 0.015278
0 0.638281 0.452778 0.054688 0.022222
0 0.641016 0.437500 0.053906 0.022222
0 0.638672 0.421528 0.053906 0.023611
0 0.641016 0.406250 0.053906 0.020833
0 0.639844 0.383333 0.050000 0.016667
0 0.639062 0.369444 0.048438 0.013889
0 0.637500 0.353472 0.046875 0.012500
0 0.638672 0.340278 0.044531 0.013889
0 0.637500 0.327778 0.042188 0.011111
0 0.637500 0.313889 0.042188 0.016667
0 0.637500 0.298611 0.042188 0.013889
0 0.637109 0.285417 0.042969 0.012500
0 0.637109 0.272917 0.042969 0.012500
0 0.637109 0.259028 0.042969 0.015278
0 0.637500 0.245833 0.043750 0.011111
0 0.637891 0.231944 0.042969 0.016667
0 0.637500 0.218750 0.042188 0.009722
0 0.636328 0.204861 0.044531 0.018056
0 0.634766 0.190972 0.041406 0.009722
0 0.635156 0.177083 0.040625 0.018056
0 0.758984 0.577778 0.047656 0.013889
0 0.757812 0.590278 0.050000 0.011111
0 0.756250 0.602778 0.046875 0.013889
0 0.704297 0.475000 0.047656 0.019444
0 0.705078 0.488194 0.046094 0.015278
0 0.707031 0.497222 0.046875 0.019444
0 0.706250 0.509722 0.048438 0.016667
0 0.704688 0.521528 0.043750 0.018056
0 0.705859 0.531944 0.044531 0.013889
0 0.706641 0.545139 0.046094 0.012500
0 0.706250 0.557639 0.046875 0.012500
0 0.706641 0.570833 0.047656 0.013889
0 0.708594 0.582639 0.043750 0.009722
0 0.707422 0.593750 0.041406 0.012500
0 0.707031 0.608333 0.042188 0.016667
