0 0.697135 0.746759 0.115104 0.086111
0 0.589063 0.731019 0.123958 0.082407
0 0.470052 0.692593 0.103646 0.068519
0 0.459375 0.937037 0.186458 0.107407
0 0.073958 0.898148 0.139583 0.098148
0 0.842448 0.646759 0.080729 0.045370
0 0.938802 0.637963 0.109896 0.068519
0 0.780469 0.616204 0.051562 0.037963
0 0.538802 0.670833 0.043229 0.062037
0 0.651042 0.381481 0.131250 0.077778
0 0.539583 0.411574 0.093750 0.054630
0 0.455469 0.438426 0.074479 0.054630
0 0.445833 0.337963 0.085417 0.051852
0 0.548698 0.305556 0.122396 0.070370
0 0.541406 0.231019 0.111979 0.067593
0 0.650521 0.158796 0.142708 0.091667
0 0.680729 0.038889 0.047917 0.068519
0 0.801042 0.068981 0.181250 0.117593
0 0.791146 0.183333 0.133333 0.079630
0 0.804167 0.328241 0.193750 0.078704
0 0.949219 0.217130 0.093229 0.054630
0 0.956771 0.282870 0.075000 0.043519
0 0.166927 0.230556 0.041146 0.022222
0 0.086979 0.215741 0.057292 0.029630
