0 0.955859 0.769444 0.085156 0.186111
0 0.287891 0.784028 0.302344 0.143056
0 0.083203 0.754861 0.135156 0.120833
0 0.019922 0.812500 0.033594 0.094444
0 0.666016 0.537500 0.050781 0.013889
0 0.666797 0.547917 0.052344 0.015278
0 0.667188 0.558333 0.053125 0.008333
0 0.666797 0.565972 0.053906 0.006944
0 0.667188 0.578472 0.054688 0.015278
0 0.969531 0.576389 0.057813 0.033333
0 0.478125 0.686111 0.101562 0.063889
0 0.480078 0.655556 0.107031 0.061111
0 0.475781 0.617361 0.107813 0.048611
0 0.478125 0.573611 0.110937 0.041667
0 0.478125 0.537500 0.110937 0.044444
0 0.478906 0.494444 0.106250 0.052778
0 0.481250 0.463194 0.114062 0.056944
0 0.442578 0.421528 0.177344 0.045833
0 0.445703 0.389583 0.183594 0.059722
0 0.439453 0.345139 0.178906 0.045833
0 0.440625 0.302083 0.184375 0.054167
0 0.440234 0.272222 0.186719 0.061111
0 0.439453 0.230556 0.188281 0.044444
0 0.439453 0.206944 0.183594 0.069444
0 0.434375 0.163889 0.181250 0.061111
0 0.442969 0.134028 0.171875 0.070833
0 0.439844 0.098611 0.168750 0.066667
0 0.536719 0.270833 0.015625 0.036111
0 0.539844 0.307639 0.014063 0.034722
0 0.536328 0.323611 0.022656 0.027778
0 0.538672 0.355556 0.011719 0.041667
0 0.541016 0.396528 0.013281 0.040278
0 0.541797 0.422917 0.014844 0.029167
0 0.537500 0.447917 0.023438 0.040278
0 0.537891 0.476389 0.017969 0.030556
0 0.540234 0.499306 0.022656 0.048611
0 0.535156 0.532639 0.018750 0.040278
0 0.535156 0.568056 0.025000 0.030556
0 0.537109 0.592361 0.024219 0.031944
0 0.542188 0.627083 0.025000 0.040278
0 0.533984 0.652083 0.027344 0.029167
0 0.571094 0.612500 0.021875 0.025000
0 0.564063 0.454167 0.032813 0.033333
0 0.309375 0.022222 0.146875 0.036111
0 0.309375 0.038194 0.148438 0.065278
0 0.310937 0.052778 0.137500 0.063889
0 0.304688 0.080556 0.145313 0.047222
0 0.298047 0.094444 0.147656 0.041667
0 0.292187 0.122917 0.135937 0.051389
0 0.288281 0.140972 0.137500 0.045833
0 0.287500 0.177778 0.139063 0.061111
0 0.288672 0.213194 0.146094 0.068056
0 0.283984 0.231250 0.136719 0.054167
0 0.285938 0.268750 0.142187 0.054167
0 0.282422 0.295139 0.146094 0.043056
0 0.280859 0.329861 0.144531 0.051389
0 0.281250 0.359028 0.135937 0.040278
0 0.323047 0.396528 0.047656 0.023611
0 0.194141 0.262500 0.033594 0.030556
0 0.193359 0.288889 0.027344 0.033333
0 0.194922 0.316667 0.024219 0.027778
0 0.192188 0.345139 0.023438 0.023611
0 0.385547 0.020833 0.039844 0.041667
