0 0.721354 0.810185 0.198958 0.168519
0 0.730990 0.887500 0.214062 0.113889
0 0.729948 0.962037 0.220312 0.070370
0 0.925000 0.904167 0.143750 0.186111
0 0.612500 0.790741 0.112500 0.040741
0 0.606771 0.760648 0.104167 0.032407
0 0.604688 0.728704 0.098958 0.037037
0 0.600521 0.695370 0.103125 0.044444
0 0.600521 0.660648 0.097917 0.039815
0 0.602083 0.623611 0.100000 0.034259
0 0.599219 0.589815 0.099479 0.040741
0 0.602865 0.557870 0.101562 0.049074
0 0.593490 0.526852 0.103646 0.048148
0 0.596094 0.496296 0.093229 0.053704
0 0.595052 0.463426 0.102604 0.049074
0 0.589844 0.428241 0.105729 0.045370
0 0.594792 0.399537 0.097917 0.058333
0 0.591146 0.363889 0.102083 0.048148
0 0.591406 0.326852 0.108854 0.042593
0 0.586719 0.290278 0.110937 0.041667
0 0.586979 0.260648 0.106250 0.049074
0 0.590104 0.231944 0.094792 0.047222
0 0.590625 0.196759 0.110417 0.052778
0 0.589323 0.162963 0.099479 0.055556
0 0.589063 0.132407 0.104167 0.046296
0 0.583333 0.090741 0.108333 0.048148
0 0.347396 0.635185 0.052083 0.027778
0 0.168750 0.424537 0.069792 0.036111
0 0.223438 0.430093 0.043750 0.017593
0 0.223698 0.415278 0.039062 0.019444
0 0.209896 0.405093 0.073958 0.025000
0 0.208333 0.391204 0.077083 0.021296
0 0.208073 0.376389 0.077604 0.028704
0 0.258594 0.373611 0.035937 0.021296
0 0.259896 0.382407 0.035417 0.012963
0 0.261198 0.397685 0.035937 0.015741
0 0.262240 0.409722 0.041146 0.017593
0 0.265625 0.419444 0.040625 0.014815
0 0.261458 0.437037 0.042708 0.020370
0 0.212500 0.338426 0.067708 0.039815
0 0.204427 0.322222 0.072396 0.020370
0 0.208073 0.307870 0.077604 0.025000
0 0.208073 0.293519 0.078646 0.024074
0 0.204167 0.278241 0.080208 0.025000
0 0.848177 0.567130 0.041146 0.039815
0 0.851562 0.593519 0.047917 0.031481
0 0.852604 0.623611 0.045833 0.028704
0 0.850260 0.633796 0.044271 0.028704
0 0.854688 0.662963 0.035417 0.029630
0 0.854427 0.690741 0.042188 0.025926
0 0.723177 0.335185 0.074479 0.064815
0 0.730990 0.301852 0.067187 0.042593
0 0.726562 0.281944 0.063542 0.032407
0 0.732292 0.265278 0.067708 0.026852
0 0.730729 0.241667 0.063542 0.031481
0 0.799740 0.316667 0.067187 0.027778
0 0.862760 0.362500 0.066146 0.036111
0 0.864583 0.380093 0.062500 0.023148
0 0.865885 0.400000 0.058854 0.033333
0 0.865365 0.415741 0.060937 0.027778
0 0.865625 0.436111 0.056250 0.033333
0 0.865885 0.453704 0.058854 0.027778
0 0.865885 0.480556 0.058854 0.025926
0 0.862500 0.497685 0.056250 0.013889
0 0.867708 0.516667 0.054167 0.025926
0 0.870052 0.534722 0.076563 0.032407
0 0.878125 0.555093 0.086458 0.026852
0 0.893750 0.581944 0.056250 0.028704
0 0.896094 0.599074 0.053646 0.024074
0 0.897135 0.622685 0.050521 0.023148
0 0.899219 0.642130 0.054688 0.019444
0 0.896354 0.665278 0.050000 0.019444
0 0.933073 0.568981 0.049479 0.028704
0 0.935937 0.589815 0.055208 0.018519
0 0.943750 0.608333 0.036458 0.018519
0 0.748698 0.684259 0.154688 0.088889
0 0.863281 0.122685 0.061979 0.032407
0 0.865885 0.135648 0.061979 0.023148
0 0.866146 0.155556 0.062500 0.024074
0 0.865365 0.176389 0.057813 0.021296
0 0.862760 0.189352 0.060937 0.023148
0 0.864323 0.205556 0.054688 0.022222
0 0.864323 0.221296 0.058854 0.024074
0 0.863542 0.237037 0.057292 0.024074
0 0.863802 0.255093 0.056771 0.023148
0 0.863542 0.268056 0.063542 0.023148
0 0.864323 0.286574 0.060937 0.023148
0 0.863542 0.298611 0.051042 0.021296
0 0.863542 0.315741 0.057292 0.025926
0 0.864323 0.336111 0.058854 0.018519
0 0.671094 0.081019 0.088021 0.087963
0 0.672656 0.041667 0.080729 0.042593
0 0.671615 0.016667 0.081771 0.027778
0 0.673177 0.109722 0.059896 0.052778
0 0.670573 0.133333 0.059896 0.035185
0 0.670573 0.150000 0.064062 0.042593
0 0.676562 0.178704 0.058333 0.050000
0 0.672396 0.201852 0.059375 0.038889
0 0.672396 0.225000 0.054167 0.040741
0 0.669792 0.244444 0.055208 0.029630
0 0.670052 0.263426 0.055729 0.034259
0 0.672135 0.290741 0.051562 0.031481
0 0.663802 0.312500 0.042188 0.032407
0 0.663542 0.334722 0.047917 0.025000
0 0.667448 0.348611 0.044271 0.028704
0 0.671094 0.372222 0.042188 0.024074
0 0.666927 0.397685 0.044271 0.025000
0 0.670052 0.412963 0.045312 0.025926
0 0.670833 0.436111 0.042708 0.018519
0 0.673958 0.465278 0.028125 0.023148
0 0.672656 0.484722 0.029687 0.028704
0 0.678125 0.511574 0.025000 0.023148
0 0.803385 0.137037 0.055729 0.027778
0 0.803646 0.153704 0.056250 0.031481
0 0.803385 0.169907 0.051562 0.030556
0 0.804427 0.187037 0.051562 0.018519
0 0.804167 0.202315 0.053125 0.025000
0 0.804427 0.217130 0.054688 0.021296
0 0.806510 0.232407 0.053646 0.025926
0 0.805990 0.246759 0.055729 0.026852
0 0.803125 0.263426 0.057292 0.026852
0 0.804688 0.278241 0.058333 0.025000
0 0.808073 0.293056 0.053646 0.023148
0 0.751563 0.156481 0.048958 0.033333
0 0.750000 0.170370 0.043750 0.027778
0 0.753125 0.186574 0.045833 0.030556
0 0.751823 0.200463 0.050521 0.025000
0 0.751563 0.211111 0.048958 0.022222
0 0.752865 0.234722 0.050521 0.026852
0 0.750781 0.246759 0.049479 0.028704
0 0.704427 0.165741 0.027604 0.025926
0 0.706510 0.181481 0.031771 0.018519
0 0.712760 0.198611 0.021354 0.013889
0 0.710417 0.213426 0.026042 0.017593
