0 0.933203 0.871528 0.121094 0.123611
0 0.418359 0.591667 0.133594 0.044444
0 0.416016 0.627778 0.128906 0.033333
0 0.420312 0.659028 0.125000 0.040278
0 0.317969 0.659722 0.071875 0.030556
0 0.316797 0.629167 0.069531 0.036111
0 0.317969 0.600000 0.067187 0.025000
0 0.313672 0.570139 0.058594 0.040278
0 0.205078 0.676389 0.158594 0.033333
0 0.205469 0.643750 0.160938 0.043056
0 0.207813 0.605556 0.156250 0.041667
0 0.208203 0.566667 0.161719 0.038889
0 0.208984 0.537500 0.158594 0.044444
0 0.210156 0.495139 0.160938 0.040278
0 0.213672 0.458333 0.153906 0.052778
0 0.212109 0.412500 0.163281 0.038889
0 0.213281 0.387500 0.165625 0.061111
0 0.216406 0.352083 0.164062 0.062500
0 0.217578 0.315972 0.161719 0.043056
0 0.216797 0.275000 0.160156 0.058333
0 0.219922 0.239583 0.153906 0.048611
0 0.223047 0.204167 0.157031 0.055556
0 0.222656 0.175694 0.160938 0.059722
0 0.227344 0.140972 0.164062 0.045833
0 0.223047 0.103472 0.152344 0.068056
0 0.235547 0.070833 0.136719 0.044444
0 0.232813 0.043056 0.146875 0.052778
0 0.234375 0.026389 0.129688 0.044444
0 0.287109 0.015972 0.052344 0.018056
0 0.081641 0.189583 0.032031 0.034722
0 0.437500 0.215972 0.048438 0.045833
0 0.481250 0.211111 0.042188 0.036111
0 0.526563 0.219444 0.045312 0.025000
0 0.566797 0.237500 0.035156 0.027778
0 0.604688 0.250000 0.037500 0.027778
0 0.693359 0.597917 0.050781 0.031944
0 0.692578 0.493750 0.052344 0.026389
0 0.019531 0.161806 0.028125 0.062500
0 0.016016 0.184722 0.027344 0.050000
0 0.014844 0.215278 0.018750 0.038889
0 0.017578 0.249306 0.035156 0.056944
0 0.467969 0.367361 0.060937 0.029167
0 0.469531 0.378472 0.062500 0.029167
0 0.470313 0.395833 0.064062 0.022222
0 0.469141 0.407639 0.058594 0.029167
0 0.469531 0.422222 0.062500 0.022222
0 0.467969 0.436806 0.056250 0.026389
0 0.471875 0.458333 0.064062 0.022222
0 0.471094 0.469444 0.062500 0.019444
0 0.470313 0.486111 0.067187 0.022222
0 0.468359 0.501389 0.063281 0.025000
0 0.469922 0.516667 0.061719 0.013889
0 0.469922 0.531250 0.064844 0.020833
0 0.469141 0.547222 0.066406 0.011111
0 0.468750 0.560417 0.062500 0.018056
0 0.478125 0.578472 0.046875 0.012500
0 0.489453 0.599306 0.021094 0.015278
0 0.493359 0.612500 0.021094 0.019444
0 0.448828 0.310417 0.061719 0.031944
0 0.449609 0.319444 0.057031 0.027778
0 0.448047 0.335417 0.061719 0.023611
0 0.446484 0.343056 0.053906 0.022222
0 0.446875 0.361111 0.057813 0.022222
0 0.429297 0.375000 0.022656 0.022222
0 0.428516 0.386806 0.021094 0.023611
0 0.429688 0.401389 0.021875 0.022222
0 0.428125 0.411111 0.020313 0.019444
0 0.427344 0.426389 0.018750 0.016667
0 0.428516 0.438889 0.027344 0.022222
0 0.428516 0.454861 0.025781 0.018056
0 0.429297 0.466667 0.024219 0.016667
0 0.428125 0.479861 0.021875 0.012500
0 0.425391 0.492361 0.022656 0.018056
0 0.425781 0.505556 0.023438 0.008333
0 0.425391 0.518056 0.022656 0.011111
0 0.425391 0.533333 0.017969 0.013889
0 0.425781 0.547222 0.018750 0.013889
0 0.426563 0.560417 0.017188 0.012500
0 0.429297 0.575000 0.022656 0.016667
0 0.412109 0.431944 0.011719 0.011111
0 0.411719 0.443750 0.014063 0.015278
0 0.412109 0.455556 0.014844 0.008333
0 0.412891 0.466667 0.013281 0.013889
0 0.413672 0.480556 0.016406 0.011111
0 0.413281 0.493056 0.017188 0.013889
0 0.412891 0.504861 0.014844 0.009722
0 0.411328 0.518750 0.017969 0.012500
0 0.409766 0.530556 0.013281 0.008333
0 0.411328 0.542361 0.011719 0.012500
0 0.411719 0.555556 0.012500 0.013889
0 0.505469 0.358333 0.042188 0.013889
0 0.505469 0.373611 0.042188 0.019444
0 0.510156 0.388889 0.028125 0.011111
0 0.512109 0.402083 0.028906 0.018056
0 0.529687 0.414583 0.050000 0.023611
0 0.527734 0.429861 0.053906 0.015278
0 0.529687 0.443750 0.053125 0.023611
0 0.528516 0.458333 0.053906 0.013889
0 0.530078 0.473611 0.052344 0.019444
0 0.527344 0.488889 0.050000 0.022222
0 0.527734 0.504861 0.047656 0.009722
0 0.528906 0.519444 0.048438 0.016667
0 0.528125 0.536111 0.048438 0.013889
0 0.528516 0.550000 0.049219 0.019444
0 0.527344 0.563889 0.051562 0.011111
0 0.526953 0.577083 0.052344 0.018056
0 0.527734 0.595833 0.050781 0.016667
0 0.527344 0.611806 0.050000 0.015278
0 0.563672 0.550000 0.027344 0.019444
0 0.566016 0.564583 0.032031 0.009722
0 0.566406 0.577778 0.029687 0.016667
0 0.565234 0.590278 0.027344 0.008333
0 0.562891 0.602083 0.032031 0.015278
