0 0.863672 0.571528 0.049219 0.020833
0 0.783984 0.611111 0.078906 0.055556
0 0.657813 0.607639 0.123438 0.043056
0 0.658203 0.634028 0.128906 0.037500
0 0.689844 0.330556 0.071875 0.038889
0 0.691797 0.350000 0.074219 0.030556
0 0.694922 0.370139 0.066406 0.029167
0 0.695312 0.386806 0.067187 0.031944
0 0.695312 0.409722 0.067187 0.027778
0 0.697266 0.428472 0.067969 0.029167
0 0.694922 0.451389 0.074219 0.025000
0 0.694141 0.473611 0.069531 0.027778
0 0.694141 0.495833 0.069531 0.019444
0 0.695703 0.516667 0.072656 0.022222
0 0.698047 0.538889 0.067969 0.022222
0 0.699219 0.559028 0.070312 0.018056
0 0.697266 0.577778 0.074219 0.019444
0 0.697656 0.599306 0.073438 0.023611
0 0.722656 0.625694 0.023438 0.026389
0 0.960156 0.842361 0.073438 0.206944
0 0.382422 0.564583 0.038281 0.123611
0 0.406250 0.570139 0.026562 0.129167
0 0.250391 0.571528 0.035156 0.020833
0 0.465625 0.515278 0.034375 0.022222
0 0.469922 0.538889 0.025781 0.022222
0 0.511328 0.400694 0.063281 0.031944
0 0.516016 0.422917 0.060156 0.037500
0 0.519141 0.436806 0.061719 0.023611
0 0.512500 0.455556 0.068750 0.027778
0 0.518359 0.475694 0.063281 0.020833
0 0.515234 0.495139 0.058594 0.029167
0 0.516016 0.518056 0.057031 0.022222
0 0.513672 0.537500 0.061719 0.016667
0 0.604688 0.323611 0.103125 0.058333
0 0.603125 0.345833 0.096875 0.044444
0 0.599609 0.370833 0.099219 0.055556
0 0.601953 0.388889 0.094531 0.050000
0 0.599219 0.406944 0.109375 0.036111
0 0.600000 0.428472 0.098437 0.043056
0 0.601172 0.453472 0.108594 0.031944
0 0.600000 0.471528 0.103125 0.034722
0 0.601562 0.493056 0.106250 0.027778
0 0.601562 0.520139 0.106250 0.023611
0 0.605078 0.543750 0.100781 0.023611
0 0.622656 0.562500 0.067187 0.025000
0 0.625391 0.588194 0.063281 0.026389
0 0.737109 0.355556 0.027344 0.022222
0 0.742188 0.373611 0.020313 0.011111
0 0.741016 0.391667 0.024219 0.019444
0 0.744531 0.410417 0.015625 0.015278
0 0.742578 0.428472 0.024219 0.015278
0 0.743750 0.447222 0.023438 0.013889
0 0.744141 0.463194 0.028906 0.018056
0 0.742969 0.484028 0.029687 0.020833
0 0.741016 0.499306 0.027344 0.020833
0 0.747656 0.521528 0.020313 0.015278
0 0.742188 0.538194 0.031250 0.015278
