0 0.253906 0.627778 0.185938 0.061111
0 0.242448 0.468519 0.188021 0.068519
0 0.273438 0.271759 0.309375 0.125000
0 0.497917 0.322222 0.154167 0.074074
0 0.385417 0.475000 0.094792 0.042593
0 0.471615 0.473148 0.092188 0.040741
0 0.475000 0.593519 0.073958 0.055556
0 0.389062 0.602778 0.102083 0.057407
0 0.391927 0.743981 0.096354 0.087963
0 0.267448 0.773148 0.154688 0.098148
0 0.527083 0.752315 0.042708 0.043519
0 0.582292 0.794907 0.093750 0.067593
0 0.723958 0.900000 0.270833 0.150000
0 0.897396 0.389352 0.043750 0.034259
0 0.902083 0.307870 0.034375 0.023148
0 0.852604 0.324074 0.029167 0.027778
0 0.942448 0.305093 0.029687 0.036111
0 0.982552 0.296759 0.032813 0.041667
0 0.982031 0.141204 0.033854 0.041667
0 0.936458 0.162037 0.046875 0.050000
0 0.899479 0.169907 0.037500 0.041667
0 0.580208 0.476389 0.077083 0.045370
0 0.539844 0.585648 0.057813 0.047222
