0 0.975781 0.735417 0.046875 0.084722
0 0.452734 0.743750 0.217969 0.145833
0 0.297266 0.731944 0.153906 0.108333
0 0.137500 0.624306 0.106250 0.045833
0 0.219531 0.619444 0.056250 0.041667
0 0.294141 0.017361 0.025781 0.031944
0 0.323047 0.043056 0.028906 0.041667
0 0.407813 0.389583 0.031250 0.029167
0 0.690625 0.615972 0.079687 0.023611
0 0.348438 0.071528 0.028125 0.037500
0 0.639844 0.289583 0.032813 0.015278
0 0.639844 0.279167 0.032813 0.013889
0 0.639844 0.268056 0.032813 0.013889
0 0.639062 0.257639 0.032813 0.012500
0 0.639453 0.248611 0.033594 0.013889
0 0.639453 0.236806 0.033594 0.015278
0 0.638672 0.227778 0.035156 0.013889
0 0.637109 0.217361 0.036719 0.015278
0 0.636719 0.206944 0.035937 0.016667
0 0.636719 0.195833 0.034375 0.013889
0 0.636328 0.184028 0.035156 0.015278
0 0.636328 0.174306 0.035156 0.015278
0 0.636719 0.165278 0.034375 0.013889
0 0.635938 0.154861 0.034375 0.015278
0 0.635156 0.145139 0.032813 0.015278
0 0.635547 0.134722 0.033594 0.016667
0 0.673828 0.211111 0.035156 0.013889
0 0.673047 0.201389 0.035156 0.013889
0 0.673047 0.193056 0.035156 0.011111
0 0.672656 0.181944 0.034375 0.013889
0 0.672656 0.172917 0.034375 0.012500
0 0.672266 0.161806 0.033594 0.015278
0 0.671875 0.151389 0.034375 0.013889
0 0.671094 0.142361 0.034375 0.012500
0 0.671094 0.133333 0.032813 0.013889
0 0.635938 0.125694 0.032813 0.015278
0 0.635156 0.115972 0.032813 0.018056
0 0.634766 0.106944 0.030469 0.013889
0 0.634766 0.098611 0.032031 0.016667
0 0.670703 0.125000 0.032031 0.013889
0 0.669922 0.114583 0.032031 0.015278
0 0.669531 0.104861 0.031250 0.012500
0 0.668750 0.095833 0.031250 0.013889
0 0.719531 0.209028 0.035937 0.012500
0 0.719141 0.199306 0.035156 0.012500
0 0.718750 0.188194 0.035937 0.012500
0 0.718359 0.177778 0.035156 0.013889
0 0.717969 0.168056 0.034375 0.013889
0 0.717578 0.157639 0.035156 0.012500
0 0.716406 0.147222 0.032813 0.011111
0 0.716016 0.138194 0.030469 0.012500
0 0.714844 0.128472 0.032813 0.012500
0 0.714063 0.118750 0.032813 0.012500
0 0.712891 0.109722 0.032031 0.011111
0 0.711719 0.100694 0.031250 0.012500
0 0.711328 0.091667 0.032031 0.011111
0 0.760156 0.207639 0.037500 0.012500
0 0.759766 0.197917 0.036719 0.012500
0 0.758984 0.187500 0.035156 0.013889
0 0.758203 0.175000 0.035156 0.016667
0 0.757422 0.165972 0.035156 0.015278
0 0.756641 0.157639 0.035156 0.012500
0 0.756250 0.149306 0.034375 0.012500
0 0.755469 0.138889 0.034375 0.013889
0 0.753906 0.128472 0.032813 0.012500
0 0.753516 0.118056 0.033594 0.013889
0 0.753125 0.108333 0.034375 0.011111
0 0.753125 0.099306 0.034375 0.012500
0 0.797656 0.280556 0.032813 0.013889
0 0.797266 0.271528 0.033594 0.012500
0 0.796875 0.261111 0.032813 0.013889
0 0.796484 0.249306 0.032031 0.012500
0 0.796094 0.238889 0.031250 0.013889
0 0.796094 0.228472 0.031250 0.012500
0 0.795312 0.216667 0.034375 0.013889
0 0.794922 0.206944 0.033594 0.013889
0 0.793750 0.195833 0.031250 0.013889
0 0.792969 0.186806 0.032813 0.012500
0 0.792188 0.176389 0.032813 0.013889
0 0.791406 0.165278 0.032813 0.013889
0 0.790625 0.157639 0.031250 0.015278
0 0.790234 0.148611 0.032031 0.013889
0 0.788672 0.138194 0.032031 0.012500
0 0.834375 0.218750 0.035937 0.015278
0 0.834375 0.207639 0.035937 0.015278
0 0.833594 0.197222 0.037500 0.013889
0 0.832031 0.187500 0.037500 0.011111
0 0.832422 0.177083 0.036719 0.012500
0 0.831250 0.168056 0.035937 0.011111
0 0.830469 0.159028 0.035937 0.012500
0 0.829688 0.148611 0.037500 0.013889
0 0.828906 0.138194 0.039062 0.012500
0 0.828125 0.129861 0.035937 0.012500
0 0.826953 0.120139 0.035156 0.015278
0 0.825781 0.110417 0.034375 0.012500
0 0.825000 0.101389 0.032813 0.011111
0 0.825000 0.091667 0.032813 0.013889
0 0.870703 0.228472 0.036719 0.012500
0 0.870703 0.218056 0.036719 0.013889
0 0.869922 0.207639 0.035156 0.012500
0 0.869141 0.198611 0.033594 0.013889
0 0.868359 0.188889 0.035156 0.013889
0 0.868359 0.177778 0.033594 0.011111
0 0.866797 0.168750 0.033594 0.012500
0 0.865625 0.158333 0.032813 0.013889
0 0.865625 0.147222 0.034375 0.013889
0 0.901172 0.200000 0.030469 0.013889
0 0.901172 0.190278 0.030469 0.011111
0 0.899219 0.181250 0.028125 0.015278
0 0.899219 0.171528 0.029687 0.012500
0 0.897266 0.161111 0.028906 0.013889
0 0.896484 0.151389 0.028906 0.013889
0 0.933594 0.233333 0.031250 0.013889
0 0.933203 0.224306 0.030469 0.012500
0 0.933203 0.213889 0.030469 0.013889
0 0.932031 0.204167 0.029687 0.016667
0 0.931250 0.194444 0.029687 0.013889
0 0.929688 0.184028 0.029687 0.015278
0 0.928906 0.174306 0.029687 0.015278
0 0.927734 0.164583 0.030469 0.015278
0 0.927344 0.155556 0.029687 0.013889
0 0.966797 0.238194 0.027344 0.012500
0 0.966016 0.228472 0.024219 0.015278
0 0.966016 0.218056 0.024219 0.013889
0 0.964844 0.209722 0.025000 0.016667
0 0.964453 0.199306 0.025781 0.015278
0 0.962109 0.188889 0.024219 0.013889
0 0.962109 0.179861 0.024219 0.015278
0 0.960938 0.170139 0.025000 0.015278
0 0.960547 0.161806 0.025781 0.015278
0 0.957812 0.152778 0.025000 0.016667
0 0.956641 0.142361 0.024219 0.015278
0 0.864062 0.138889 0.032813 0.011111
0 0.863281 0.129167 0.031250 0.013889
0 0.862500 0.120833 0.032813 0.011111
0 0.861328 0.111111 0.033594 0.011111
0 0.860547 0.103472 0.032031 0.012500
0 0.859766 0.093056 0.030469 0.013889
0 0.896484 0.140972 0.028906 0.012500
0 0.894922 0.132639 0.028906 0.012500
0 0.894531 0.122917 0.028125 0.012500
0 0.893750 0.113889 0.029687 0.013889
0 0.891406 0.103472 0.028125 0.012500
0 0.890234 0.093750 0.028906 0.015278
0 0.925391 0.145139 0.027344 0.012500
0 0.925391 0.136111 0.027344 0.013889
0 0.924219 0.127083 0.028125 0.012500
0 0.922656 0.118056 0.026562 0.013889
0 0.934375 0.244444 0.031250 0.013889
0 0.969141 0.257639 0.028906 0.015278
0 0.969531 0.268056 0.028125 0.013889
0 0.969141 0.277778 0.027344 0.013889
0 0.901953 0.209722 0.030469 0.016667
0 0.902344 0.220139 0.029687 0.015278
0 0.753125 0.088194 0.031250 0.012500
