0 0.607422 0.195139 0.036719 0.015278
0 0.645703 0.191667 0.036719 0.016667
0 0.685547 0.190278 0.039844 0.019444
0 0.732031 0.190972 0.037500 0.015278
0 0.776172 0.192361 0.035156 0.015278
0 0.810937 0.193750 0.034375 0.015278
0 0.850391 0.196528 0.035156 0.018056
0 0.852344 0.159028 0.020313 0.048611
0 0.885938 0.209722 0.020313 0.055556
0 0.904297 0.163889 0.027344 0.069444
0 0.930078 0.100694 0.035156 0.076389
0 0.492969 0.152083 0.062500 0.087500
0 0.494531 0.240278 0.060937 0.086111
0 0.407031 0.140278 0.100000 0.119444
0 0.418750 0.051389 0.076563 0.100000
0 0.507422 0.030556 0.039844 0.058333
0 0.544531 0.050694 0.029687 0.073611
0 0.518359 0.264583 0.121094 0.306944
0 0.489063 0.487500 0.067187 0.044444
0 0.357031 0.470139 0.157812 0.065278
0 0.194531 0.422222 0.171875 0.091667
0 0.206641 0.245833 0.164844 0.144444
0 0.046875 0.185417 0.093750 0.120833
0 0.034766 0.398611 0.067969 0.097222
0 0.035156 0.619444 0.068750 0.086111
0 0.193750 0.605556 0.175000 0.091667
0 0.195312 0.784028 0.167187 0.129167
0 0.038281 0.822917 0.075000 0.081944
0 0.362500 0.705556 0.137500 0.075000
0 0.357422 0.588889 0.155469 0.050000
0 0.540625 0.641667 0.042188 0.036111
0 0.541406 0.576389 0.043750 0.030556
0 0.486328 0.579861 0.064844 0.040278
0 0.486328 0.670139 0.066406 0.043056
0 0.544141 0.509028 0.047656 0.043056
0 0.546484 0.443750 0.046094 0.048611
0 0.494531 0.086806 0.065625 0.101389
0 0.854297 0.017361 0.019531 0.034722
0 0.866797 0.241667 0.017969 0.044444
0 0.888281 0.422917 0.045312 0.037500
0 0.925391 0.484028 0.042969 0.012500
0 0.923047 0.460417 0.047656 0.018056
0 0.925781 0.472222 0.045312 0.013889
0 0.305859 0.030556 0.072656 0.061111
0 0.924219 0.495833 0.042188 0.011111
0 0.797266 0.422222 0.049219 0.022222
0 0.923047 0.520833 0.044531 0.016667
0 0.923438 0.534722 0.046875 0.013889
0 0.923047 0.548611 0.044531 0.016667
0 0.877734 0.486111 0.041406 0.013889
