0 0.195703 0.754375 0.213281 0.088750
0 0.641797 0.675000 0.110156 0.040000
0 0.714453 0.674375 0.035156 0.033750
0 0.825000 0.668125 0.084375 0.033750
0 0.863672 0.631875 0.024219 0.016250
0 0.865625 0.645625 0.026562 0.011250
0 0.864453 0.666875 0.027344 0.026250
0 0.922266 0.553125 0.033594 0.023750
0 0.871094 0.543750 0.046875 0.027500
0 0.865625 0.413125 0.073438 0.028750
0 0.884375 0.438750 0.039062 0.037500
0 0.305859 0.178125 0.158594 0.121250
0 0.432031 0.211250 0.093750 0.072500
0 0.429688 0.189375 0.093750 0.041250
0 0.433984 0.159375 0.105469 0.053750
0 0.429297 0.133125 0.114844 0.051250
0 0.408203 0.099375 0.155469 0.051250
0 0.513672 0.131250 0.055469 0.045000
0 0.510938 0.160625 0.064062 0.038750
0 0.510938 0.176875 0.054688 0.041250
0 0.512891 0.200625 0.058594 0.041250
0 0.511719 0.226875 0.057813 0.046250
0 0.514453 0.253750 0.064844 0.050000
0 0.412500 0.040625 0.145313 0.078750
0 0.415625 0.009375 0.150000 0.018750
0 0.866797 0.252500 0.080469 0.045000
0 0.050391 0.600000 0.092969 0.052500
0 0.054297 0.434375 0.089844 0.048750
0 0.057813 0.772500 0.095312 0.070000
