0 0.621484 0.247396 0.200781 0.067708
0 0.744141 0.216146 0.028906 0.030208
0 0.793359 0.223958 0.071094 0.031250
0 0.883594 0.237500 0.117188 0.035417
0 0.864453 0.386458 0.111719 0.033333
0 0.780078 0.375000 0.067969 0.037500
0 0.730078 0.366146 0.032031 0.030208
0 0.610547 0.405729 0.191406 0.048958
0 0.491797 0.391146 0.060156 0.040625
0 0.455469 0.229167 0.134375 0.052083
0 0.629297 0.083333 0.199219 0.052083
0 0.802734 0.076563 0.157031 0.036458
0 0.470313 0.071875 0.142187 0.041667
0 0.170703 0.069792 0.074219 0.047917
0 0.169141 0.107292 0.071094 0.031250
0 0.176563 0.128125 0.059375 0.027083
0 0.174609 0.150521 0.055469 0.032292
0 0.178906 0.173958 0.051562 0.031250
0 0.179688 0.197917 0.048438 0.035417
0 0.181250 0.226562 0.042188 0.032292
0 0.179688 0.253646 0.039062 0.026042
0 0.201172 0.290625 0.078906 0.025000
0 0.191797 0.309896 0.069531 0.026042
0 0.183594 0.357292 0.070312 0.033333
0 0.190625 0.386458 0.065625 0.047917
0 0.399609 0.424479 0.078906 0.036458
0 0.153516 0.038021 0.097656 0.019792
