0 0.623437 0.584028 0.060937 0.026389
0 0.682422 0.590278 0.067969 0.027778
0 0.831641 0.577083 0.052344 0.031944
0 0.860938 0.599306 0.020313 0.031944
0 0.930469 0.875694 0.135937 0.215278
0 0.938281 0.252083 0.028125 0.023611
0 0.933203 0.297917 0.011719 0.020833
0 0.949219 0.329167 0.014063 0.025000
0 0.962500 0.313889 0.018750 0.033333
0 0.978906 0.295139 0.014063 0.029167
0 0.975000 0.235417 0.015625 0.034722
0 0.976953 0.172222 0.038281 0.041667
0 0.992188 0.270833 0.015625 0.038889
0 0.948828 0.122222 0.017969 0.044444
0 0.938672 0.077778 0.013281 0.044444
0 0.940234 0.028472 0.028906 0.037500
0 0.916406 0.053472 0.025000 0.029167
0 0.919922 0.093056 0.021094 0.038889
0 0.922656 0.131250 0.017188 0.034722
0 0.927344 0.177083 0.010937 0.034722
0 0.769531 0.563889 0.031250 0.013889
0 0.796875 0.559028 0.026562 0.012500
0 0.725781 0.561806 0.029687 0.015278
0 0.080859 0.617361 0.103906 0.045833
0 0.014453 0.456944 0.025781 0.025000
0 0.062500 0.310417 0.118750 0.054167
0 0.165625 0.337500 0.100000 0.038889
0 0.161328 0.464583 0.097656 0.026389
0 0.263672 0.475694 0.110156 0.026389
0 0.269141 0.364583 0.110156 0.040278
0 0.282422 0.586806 0.075781 0.026389
0 0.178516 0.597917 0.116406 0.043056
0 0.219141 0.168750 0.066406 0.054167
0 0.151172 0.138889 0.066406 0.047222
0 0.075391 0.100000 0.082031 0.058333
0 0.015234 0.079167 0.030469 0.038889
0 0.159375 0.052778 0.065625 0.052778
0 0.230469 0.041667 0.067187 0.058333
0 0.294531 0.086111 0.062500 0.058333
0 0.285547 0.205556 0.061719 0.061111
0 0.370312 0.262500 0.067187 0.038889
0 0.362891 0.156250 0.088281 0.045833
0 0.388672 0.038194 0.039844 0.048611
0 0.357422 0.011806 0.025781 0.023611
0 0.428516 0.070139 0.038281 0.048611
0 0.457422 0.103472 0.028906 0.040278
0 0.460547 0.059028 0.022656 0.037500
0 0.431250 0.167361 0.039062 0.043056
0 0.424609 0.206944 0.041406 0.038889
0 0.466797 0.243750 0.050781 0.048611
0 0.471875 0.206944 0.043750 0.033333
0 0.508203 0.257639 0.027344 0.029167
0 0.482422 0.336806 0.072656 0.026389
0 0.535937 0.363889 0.029687 0.019444
0 0.561328 0.370833 0.019531 0.022222
0 0.581250 0.388889 0.023438 0.022222
0 0.580859 0.331944 0.024219 0.025000
0 0.562109 0.308333 0.017969 0.022222
0 0.535547 0.297917 0.033594 0.023611
0 0.526563 0.190972 0.017188 0.026389
0 0.506641 0.167361 0.024219 0.031944
0 0.483594 0.130556 0.025000 0.036111
0 0.485547 0.059028 0.025781 0.043056
0 0.507031 0.097222 0.020313 0.038889
0 0.526563 0.151389 0.015625 0.022222
0 0.571094 0.243750 0.015625 0.023611
0 0.582422 0.260417 0.011719 0.018056
0 0.557422 0.230556 0.013281 0.016667
0 0.542188 0.210417 0.017188 0.026389
0 0.557031 0.190972 0.014063 0.020833
0 0.557031 0.156250 0.015625 0.026389
0 0.581641 0.203472 0.013281 0.023611
0 0.570312 0.186111 0.015625 0.025000
0 0.880859 0.250694 0.011719 0.015278
0 0.880078 0.220139 0.014844 0.018056
0 0.877344 0.193056 0.015625 0.013889
