0 0.558203 0.398125 0.282031 0.106250
0 0.823438 0.461250 0.260937 0.080000
0 0.806250 0.891250 0.250000 0.150000
0 0.284375 0.861875 0.225000 0.096250
0 0.116406 0.791875 0.125000 0.058750
0 0.126562 0.672500 0.117188 0.045000
0 0.128906 0.551250 0.121875 0.047500
0 0.101172 0.424375 0.202344 0.056250
0 0.117578 0.323125 0.232031 0.078750
0 0.111328 0.055625 0.105469 0.111250
0 0.949609 0.847500 0.036719 0.055000
0 0.201953 0.146875 0.072656 0.103750
0 0.254297 0.211875 0.038281 0.078750
0 0.374609 0.115000 0.021094 0.045000
