0 0.726562 0.735625 0.123438 0.088750
0 0.673828 0.723750 0.058594 0.057500
0 0.616797 0.678125 0.097656 0.033750
0 0.549609 0.656875 0.067969 0.036250
0 0.483984 0.667500 0.082031 0.047500
0 0.442188 0.732500 0.067187 0.050000
0 0.291406 0.748750 0.254688 0.080000
0 0.072656 0.651250 0.112500 0.057500
0 0.096094 0.138125 0.090625 0.091250
0 0.186328 0.162500 0.083594 0.092500
0 0.260937 0.171250 0.079687 0.080000
0 0.348047 0.188750 0.071094 0.072500
0 0.422656 0.211250 0.062500 0.060000
0 0.487500 0.225000 0.064062 0.067500
0 0.568750 0.240625 0.078125 0.058750
0 0.631641 0.253750 0.053906 0.052500
0 0.684375 0.261250 0.048438 0.055000
0 0.687891 0.059375 0.089844 0.058750
0 0.848047 0.116875 0.105469 0.071250
0 0.792578 0.395625 0.067969 0.041250
0 0.823828 0.930625 0.202344 0.133750
0 0.877344 0.456875 0.056250 0.021250
0 0.862500 0.480000 0.067187 0.025000
0 0.876563 0.513125 0.039062 0.026250
0 0.957422 0.230000 0.083594 0.035000
0 0.953516 0.247500 0.080469 0.032500
0 0.953906 0.256875 0.078125 0.028750
0 0.951562 0.271250 0.076563 0.030000
0 0.946875 0.288750 0.073438 0.035000
