0 0.928906 0.632639 0.101562 0.056944
0 0.863672 0.585417 0.033594 0.020833
0 0.818750 0.577778 0.021875 0.013889
0 0.840234 0.576389 0.014844 0.016667
0 0.784375 0.590972 0.048438 0.018056
0 0.689453 0.687500 0.146094 0.069444
0 0.544922 0.650000 0.102344 0.038889
0 0.336719 0.588194 0.117188 0.034722
0 0.418359 0.581944 0.057031 0.016667
0 0.401562 0.486806 0.096875 0.026389
0 0.463672 0.498611 0.033594 0.019444
0 0.457813 0.570833 0.037500 0.022222
0 0.444531 0.414583 0.057813 0.023611
0 0.483203 0.424306 0.027344 0.015278
0 0.480859 0.567361 0.021094 0.020833
0 0.107031 0.057639 0.110937 0.081944
0 0.240625 0.020833 0.045312 0.041667
0 0.315234 0.083333 0.067969 0.069444
0 0.314844 0.029861 0.084375 0.059722
0 0.378516 0.120139 0.050781 0.056944
0 0.343359 0.234028 0.103906 0.051389
0 0.434766 0.285417 0.046094 0.034722
0 0.470313 0.308333 0.028125 0.033333
0 0.503516 0.336806 0.030469 0.026389
0 0.500781 0.261806 0.034375 0.026389
0 0.471484 0.220833 0.027344 0.033333
0 0.427734 0.190972 0.060156 0.040278
0 0.418359 0.046528 0.032031 0.054167
0 0.446484 0.080556 0.027344 0.050000
0 0.469922 0.114583 0.021094 0.034722
0 0.491406 0.143056 0.020313 0.033333
0 0.508594 0.168056 0.018750 0.033333
0 0.955859 0.498611 0.027344 0.013889
0 0.923438 0.504167 0.023438 0.013889
0 0.932813 0.440972 0.018750 0.018056
0 0.915625 0.444444 0.015625 0.016667
0 0.921484 0.353472 0.014844 0.023611
0 0.940234 0.340278 0.022656 0.025000
0 0.937500 0.305556 0.018750 0.027778
0 0.972656 0.313194 0.023438 0.029167
0 0.913281 0.286806 0.028125 0.018056
0 0.910156 0.330556 0.020313 0.022222
0 0.908984 0.368056 0.010156 0.016667
0 0.912109 0.197222 0.014844 0.041667
0 0.900391 0.219444 0.014844 0.019444
0 0.901172 0.181944 0.017969 0.025000
0 0.895703 0.145139 0.017969 0.029167
0 0.896875 0.327778 0.007812 0.027778
0 0.886719 0.338889 0.012500 0.019444
0 0.889062 0.300694 0.020313 0.020833
0 0.879687 0.204167 0.009375 0.019444
0 0.196875 0.575694 0.026562 0.023611
0 0.990625 0.038194 0.018750 0.045833
0 0.892969 0.107639 0.018750 0.026389
0 0.470703 0.065278 0.022656 0.033333
0 0.472656 0.020833 0.021875 0.038889
0 0.493359 0.070139 0.019531 0.037500
0 0.508984 0.100694 0.014844 0.029167
0 0.879687 0.172222 0.020313 0.019444
0 0.874609 0.322917 0.010156 0.020833
0 0.878516 0.347917 0.010156 0.018056
0 0.871875 0.400694 0.010937 0.015278
0 0.880469 0.240972 0.010937 0.023611
0 0.035547 0.522222 0.028906 0.013889
