0 0.810156 0.200000 0.206771 0.094444
0 0.804948 0.243056 0.217188 0.104630
0 0.808073 0.276852 0.215104 0.090741
0 0.804427 0.316667 0.227604 0.087037
0 0.804688 0.373148 0.214583 0.077778
0 0.806510 0.413426 0.215104 0.067593
0 0.798698 0.460185 0.196354 0.064815
0 0.788021 0.512500 0.202083 0.060185
0 0.795833 0.543981 0.232292 0.067593
0 0.797917 0.598148 0.217708 0.070370
0 0.799740 0.642593 0.225521 0.081481
0 0.790104 0.696759 0.217708 0.084259
0 0.803906 0.745833 0.190104 0.078704
0 0.823958 0.794907 0.180208 0.076852
0 0.811198 0.828704 0.163021 0.098148
0 0.939844 0.464815 0.097396 0.044444
0 0.940625 0.503704 0.095833 0.033333
0 0.943750 0.547222 0.081250 0.048148
0 0.944792 0.585185 0.079167 0.053704
0 0.939583 0.633333 0.079167 0.064815
0 0.937240 0.681481 0.074479 0.046296
0 0.932292 0.713426 0.096875 0.047222
0 0.937240 0.777778 0.083854 0.100000
0 0.642969 0.188889 0.114062 0.064815
0 0.634375 0.231944 0.129167 0.049074
0 0.638281 0.273611 0.131771 0.054630
0 0.642708 0.320833 0.122917 0.056481
0 0.642708 0.368519 0.122917 0.046296
0 0.646094 0.412037 0.116146 0.040741
0 0.642708 0.455556 0.109375 0.046296
0 0.639844 0.488889 0.115104 0.020370
