0 0.574219 0.166667 0.056250 0.088889
0 0.476172 0.073611 0.144531 0.111111
0 0.427344 0.015972 0.103125 0.031944
0 0.642578 0.261806 0.030469 0.054167
0 0.664453 0.298611 0.027344 0.041667
0 0.680469 0.324306 0.023438 0.023611
0 0.532422 0.410417 0.125781 0.062500
0 0.611719 0.434028 0.035937 0.051389
0 0.694922 0.477083 0.016406 0.029167
0 0.705469 0.485417 0.009375 0.015278
0 0.712109 0.486806 0.011719 0.018056
0 0.873437 0.714583 0.178125 0.104167
0 0.564844 0.679167 0.050000 0.055556
0 0.485156 0.711111 0.079687 0.083333
0 0.387891 0.753472 0.111719 0.098611
0 0.241797 0.819444 0.183594 0.125000
0 0.051562 0.868056 0.103125 0.111111
0 0.607812 0.660417 0.034375 0.045833
0 0.634766 0.643750 0.021094 0.031944
0 0.657031 0.633333 0.021875 0.027778
0 0.677734 0.623611 0.017969 0.025000
0 0.690625 0.614583 0.007812 0.018056
0 0.703125 0.609028 0.006250 0.015278
0 0.696094 0.343750 0.007812 0.026389
0 0.651172 0.059722 0.032031 0.058333
0 0.672656 0.104861 0.017188 0.045833
0 0.680859 0.143056 0.021094 0.044444
0 0.972266 0.194444 0.053906 0.088889
0 0.719922 0.393750 0.005469 0.015278
0 0.714063 0.376389 0.007812 0.016667
0 0.786328 0.286111 0.024219 0.005556
0 0.786328 0.292361 0.024219 0.006944
0 0.785547 0.279861 0.024219 0.006944
0 0.785156 0.272222 0.023438 0.008333
0 0.784375 0.264583 0.021875 0.009722
0 0.784766 0.259028 0.022656 0.009722
0 0.784766 0.252778 0.022656 0.008333
0 0.786328 0.300000 0.024219 0.008333
0 0.710156 0.604167 0.007812 0.013889
0 0.726953 0.402083 0.013281 0.018056
0 0.634766 0.013889 0.019531 0.025000
0 0.694141 0.177778 0.019531 0.038889
0 0.703125 0.081250 0.017188 0.031944
0 0.721484 0.253472 0.013281 0.023611
0 0.787109 0.306944 0.024219 0.008333
0 0.787109 0.313194 0.024219 0.006944
0 0.787500 0.320833 0.023438 0.008333
0 0.801562 0.298611 0.004687 0.008333
0 0.804688 0.291667 0.010937 0.008333
0 0.805859 0.284028 0.014844 0.009722
0 0.806641 0.277083 0.017969 0.006944
0 0.807813 0.270833 0.020313 0.008333
0 0.808203 0.265278 0.021094 0.008333
0 0.807422 0.258333 0.022656 0.008333
0 0.898438 0.074306 0.032813 0.054167
0 0.905859 0.025000 0.033594 0.044444
0 0.890625 0.120833 0.026562 0.038889
0 0.883203 0.159028 0.022656 0.040278
