0 0.500781 0.069444 0.127604 0.122222
0 0.452344 0.123148 0.142187 0.100000
0 0.359115 0.147685 0.044271 0.056481
0 0.317708 0.175463 0.043750 0.054630
0 0.283854 0.200000 0.028125 0.042593
0 0.179167 0.277315 0.011458 0.017593
0 0.261979 0.219444 0.020833 0.031481
0 0.245833 0.231019 0.016667 0.025000
0 0.253646 0.012037 0.040625 0.024074
0 0.240365 0.029167 0.045312 0.041667
0 0.200781 0.079167 0.009896 0.021296
0 0.225260 0.055093 0.045312 0.032407
0 0.191146 0.097222 0.014583 0.027778
0 0.227865 0.242130 0.021354 0.023148
0 0.214323 0.255093 0.015104 0.023148
0 0.200000 0.262963 0.016667 0.024074
0 0.187760 0.270833 0.008854 0.017593
0 0.357552 0.383333 0.057813 0.024074
0 0.314323 0.385185 0.031771 0.022222
0 0.561458 0.385648 0.130208 0.049074
0 0.554688 0.759722 0.111458 0.121296
0 0.466406 0.685185 0.072396 0.083333
0 0.403646 0.643519 0.061458 0.070370
0 0.340365 0.608333 0.065104 0.061111
0 0.116146 0.458796 0.039583 0.012037
0 0.073177 0.455556 0.038021 0.014815
0 0.162240 0.146296 0.013021 0.020370
0 0.180208 0.116667 0.013542 0.025926
0 0.152344 0.016667 0.017188 0.018519
0 0.509896 0.225926 0.034375 0.024074
0 0.508854 0.257407 0.029167 0.018519
0 0.507552 0.289352 0.028646 0.019444
0 0.171875 0.131481 0.008333 0.018519
0 0.144010 0.051852 0.021354 0.022222
0 0.034375 0.457870 0.038542 0.010185
0 0.285156 0.387500 0.029687 0.019444
0 0.258854 0.387963 0.022917 0.022222
0 0.239583 0.386574 0.015625 0.017593
0 0.159375 0.293981 0.007292 0.012037
0 0.135417 0.312037 0.006250 0.011111
0 0.157031 0.160185 0.007812 0.018519
0 0.151562 0.169444 0.006250 0.014815
0 0.146094 0.179630 0.007812 0.012963
0 0.140104 0.065741 0.021875 0.016667
