0 0.470313 0.060417 0.023438 0.043056
0 0.488672 0.095833 0.016406 0.030556
0 0.884766 0.137500 0.019531 0.027778
0 0.879297 0.101389 0.017969 0.027778
0 0.867578 0.167361 0.019531 0.023611
0 0.865234 0.200694 0.010156 0.018056
0 0.867969 0.235417 0.010937 0.020833
0 0.675781 0.706944 0.157812 0.069444
0 0.591797 0.659028 0.039844 0.073611
0 0.514453 0.660417 0.113281 0.040278
0 0.312109 0.588889 0.113281 0.030556
0 0.384766 0.582639 0.077344 0.023611
0 0.375781 0.488194 0.089063 0.018056
0 0.438672 0.495833 0.024219 0.013889
0 0.459766 0.496528 0.019531 0.018056
0 0.439063 0.572222 0.020313 0.016667
0 0.458594 0.565972 0.017188 0.012500
0 0.422656 0.415278 0.051562 0.022222
0 0.458984 0.423611 0.021094 0.016667
0 0.925781 0.638194 0.112500 0.051389
0 0.855859 0.584028 0.041406 0.029167
0 0.807813 0.580556 0.020313 0.019444
0 0.773828 0.595833 0.052344 0.019444
0 0.826562 0.578472 0.017188 0.015278
0 0.916406 0.502778 0.032813 0.016667
0 0.948047 0.499306 0.030469 0.015278
0 0.922266 0.436111 0.019531 0.019444
0 0.904687 0.441667 0.017188 0.016667
0 0.897266 0.365278 0.011719 0.016667
0 0.895312 0.324306 0.010937 0.020833
0 0.901953 0.281944 0.028906 0.019444
0 0.913281 0.353472 0.021875 0.026389
0 0.933203 0.337500 0.028906 0.027778
0 0.926172 0.301389 0.019531 0.033333
0 0.967969 0.308333 0.029687 0.033333
0 0.990625 0.640972 0.018750 0.045833
0 0.283984 0.068750 0.071094 0.079167
0 0.300000 0.025694 0.051562 0.048611
0 0.353125 0.106250 0.046875 0.065278
0 0.313281 0.224306 0.112500 0.056944
0 0.409375 0.277778 0.046875 0.041667
0 0.446484 0.304167 0.028906 0.033333
0 0.453125 0.212500 0.026562 0.036111
0 0.401172 0.181250 0.061719 0.040278
0 0.479297 0.336111 0.035156 0.027778
0 0.476562 0.255556 0.040625 0.033333
0 0.486719 0.163194 0.018750 0.034722
0 0.469141 0.136111 0.024219 0.036111
0 0.446484 0.104167 0.021094 0.041667
0 0.423047 0.068750 0.025781 0.048611
0 0.391797 0.027083 0.036719 0.048611
0 0.064062 0.041667 0.128125 0.083333
0 0.447266 0.056250 0.022656 0.034722
0 0.449219 0.015278 0.020313 0.030556
0 0.882812 0.321528 0.014063 0.020833
0 0.901953 0.186111 0.016406 0.041667
0 0.889062 0.213194 0.012500 0.023611
0 0.888281 0.175694 0.018750 0.026389
0 0.126562 0.564583 0.056250 0.029167
0 0.166406 0.577778 0.023438 0.016667
0 0.859766 0.251389 0.010156 0.027778
0 0.876563 0.297222 0.023438 0.016667
0 0.871875 0.336111 0.010937 0.016667
0 0.863672 0.344444 0.010156 0.019444
0 0.860938 0.319444 0.010937 0.019444
0 0.857422 0.399306 0.008594 0.015278
