0 0.338281 0.093056 0.070312 0.105556
0 0.255078 0.029861 0.080469 0.059722
0 0.390625 0.158333 0.042188 0.083333
0 0.430469 0.211111 0.040625 0.058333
0 0.464453 0.255556 0.028906 0.058333
0 0.487891 0.291667 0.021094 0.044444
0 0.507422 0.315972 0.021094 0.037500
0 0.525781 0.339583 0.017188 0.029167
0 0.537891 0.361111 0.013281 0.030556
0 0.548047 0.372917 0.008594 0.023611
0 0.558594 0.388194 0.014063 0.023611
0 0.501953 0.050694 0.035156 0.054167
0 0.480469 0.019444 0.043750 0.036111
0 0.518359 0.129861 0.053906 0.040278
0 0.528906 0.161111 0.046875 0.025000
0 0.544141 0.187500 0.035156 0.030556
0 0.750781 0.115972 0.029687 0.031944
0 0.762891 0.036111 0.025781 0.047222
0 0.574609 0.408333 0.013281 0.016667
0 0.553125 0.205556 0.028125 0.022222
0 0.559375 0.220833 0.025000 0.016667
0 0.815234 0.184028 0.036719 0.065278
0 0.819141 0.276389 0.094531 0.044444
