0 0.642969 0.678472 0.128125 0.093056
0 0.531250 0.661806 0.140625 0.093056
0 0.425781 0.659722 0.100000 0.091667
0 0.236719 0.665972 0.051562 0.054167
0 0.190625 0.642361 0.117188 0.068056
0 0.058203 0.611806 0.050781 0.070833
0 0.110156 0.631250 0.053125 0.045833
0 0.973828 0.436806 0.028906 0.018056
0 0.971875 0.447917 0.023438 0.015278
0 0.972266 0.459722 0.022656 0.013889
0 0.975000 0.469444 0.029687 0.013889
0 0.975391 0.477778 0.028906 0.013889
0 0.975000 0.492361 0.029687 0.015278
0 0.976953 0.502083 0.030469 0.012500
0 0.976562 0.515278 0.031250 0.013889
0 0.976562 0.526389 0.031250 0.008333
0 0.977344 0.535417 0.031250 0.009722
0 0.983984 0.546528 0.013281 0.009722
0 0.984766 0.556944 0.013281 0.011111
0 0.987109 0.568750 0.017969 0.012500
0 0.986328 0.584028 0.021094 0.018056
0 0.947656 0.538194 0.029687 0.015278
0 0.947656 0.531250 0.028125 0.015278
0 0.947656 0.518750 0.028125 0.009722
0 0.947266 0.506944 0.027344 0.013889
0 0.948047 0.497917 0.027344 0.015278
0 0.948047 0.486111 0.027344 0.019444
0 0.946875 0.478472 0.028125 0.020833
0 0.946875 0.459722 0.028125 0.041667
0 0.955469 0.452778 0.014063 0.011111
0 0.973437 0.424306 0.028125 0.020833
0 0.925391 0.529167 0.019531 0.016667
