0 0.557422 0.200000 0.233594 0.081250
0 0.548438 0.253646 0.257812 0.057292
0 0.562891 0.285938 0.244531 0.073958
0 0.556641 0.321875 0.246094 0.058333
0 0.564063 0.358854 0.242188 0.080208
0 0.228516 0.373437 0.288281 0.090625
0 0.050000 0.364583 0.093750 0.039583
0 0.046094 0.321354 0.082812 0.051042
0 0.052344 0.286458 0.095312 0.045833
0 0.051172 0.252083 0.089844 0.037500
0 0.041016 0.207813 0.080469 0.051042
0 0.042969 0.164583 0.079687 0.041667
0 0.041797 0.121875 0.082031 0.041667
0 0.044531 0.071875 0.079687 0.064583
0 0.042969 0.034896 0.079687 0.051042
0 0.218750 0.050000 0.293750 0.062500
0 0.226562 0.088542 0.292187 0.066667
0 0.224609 0.122917 0.288281 0.060417
0 0.223828 0.168750 0.278906 0.072917
0 0.223047 0.215104 0.285156 0.073958
0 0.229297 0.255729 0.272656 0.067708
0 0.225781 0.295833 0.271875 0.050000
0 0.234375 0.322917 0.276562 0.085417
0 0.222266 0.017188 0.275781 0.034375
0 0.433594 0.020313 0.140625 0.036458
0 0.431250 0.050000 0.139063 0.039583
0 0.431250 0.085938 0.139063 0.032292
0 0.434766 0.120313 0.132031 0.036458
0 0.433984 0.162500 0.130469 0.043750
0 0.416016 0.195312 0.117969 0.038542
0 0.405469 0.234375 0.062500 0.025000
0 0.403516 0.268229 0.072656 0.042708
0 0.404297 0.298438 0.071094 0.028125
0 0.406250 0.338542 0.067187 0.047917
0 0.550781 0.013542 0.112500 0.022917
0 0.550000 0.033854 0.112500 0.030208
0 0.540625 0.069271 0.085938 0.038542
0 0.514453 0.098958 0.046094 0.033333
0 0.517578 0.127083 0.038281 0.043750
0 0.526953 0.167187 0.066406 0.044792
