0 0.521484 0.327778 0.066406 0.111111
0 0.738281 0.236806 0.035937 0.012500
0 0.773047 0.236806 0.033594 0.012500
0 0.210156 0.936111 0.184375 0.122222
0 0.387891 0.884722 0.164844 0.197222
0 0.502734 0.790278 0.071094 0.125000
0 0.562500 0.723611 0.053125 0.088889
0 0.601562 0.689583 0.028125 0.056944
0 0.624609 0.668056 0.035156 0.047222
0 0.651172 0.645833 0.021094 0.038889
0 0.741406 0.600694 0.035937 0.018056
0 0.773828 0.597222 0.014844 0.013889
0 0.665625 0.635417 0.007812 0.023611
0 0.883203 0.723611 0.064844 0.075000
0 0.575391 0.388889 0.038281 0.069444
0 0.606641 0.420139 0.024219 0.051389
0 0.544922 0.020139 0.027344 0.040278
0 0.628516 0.025000 0.028906 0.050000
0 0.603125 0.168056 0.034375 0.066667
0 0.607422 0.232639 0.049219 0.056944
0 0.652344 0.120139 0.017188 0.043056
0 0.641797 0.073611 0.027344 0.050000
0 0.641016 0.315972 0.027344 0.029167
0 0.630469 0.275694 0.048438 0.051389
0 0.736719 0.228472 0.035937 0.012500
0 0.839844 0.693056 0.025000 0.055556
0 0.818359 0.675694 0.017969 0.037500
0 0.671875 0.622222 0.006250 0.025000
0 0.653516 0.334722 0.033594 0.033333
0 0.659766 0.362500 0.022656 0.022222
0 0.772266 0.229861 0.033594 0.012500
0 0.771484 0.218750 0.033594 0.012500
0 0.771484 0.209028 0.033594 0.009722
0 0.770312 0.199306 0.034375 0.012500
0 0.770312 0.192361 0.034375 0.009722
0 0.769141 0.181250 0.033594 0.012500
0 0.768359 0.172917 0.033594 0.009722
0 0.767188 0.163194 0.034375 0.009722
0 0.767188 0.153472 0.034375 0.009722
0 0.766797 0.145139 0.033594 0.009722
0 0.765625 0.135417 0.032813 0.009722
0 0.736719 0.220139 0.035937 0.009722
0 0.736719 0.211111 0.035937 0.011111
0 0.736328 0.201389 0.035156 0.011111
0 0.735938 0.192361 0.034375 0.009722
0 0.735547 0.182639 0.035156 0.009722
0 0.734766 0.174306 0.035156 0.009722
0 0.733984 0.165278 0.033594 0.008333
0 0.733594 0.156944 0.034375 0.011111
0 0.732812 0.146528 0.034375 0.009722
0 0.732812 0.138889 0.035937 0.008333
0 0.732031 0.130556 0.034375 0.008333
0 0.823438 0.195833 0.032813 0.011111
0 0.821875 0.185417 0.034375 0.009722
0 0.821484 0.176389 0.035156 0.011111
0 0.820703 0.167361 0.033594 0.009722
0 0.820703 0.158333 0.035156 0.008333
0 0.819531 0.148611 0.034375 0.011111
0 0.819531 0.140972 0.032813 0.009722
0 0.817578 0.131944 0.030469 0.008333
0 0.842578 0.120833 0.010156 0.038889
0 0.856641 0.150694 0.013281 0.037500
0 0.828125 0.018750 0.010937 0.037500
