0 0.529687 0.125000 0.148438 0.102778
0 0.481641 0.042361 0.117969 0.079167
0 0.149219 0.856944 0.223438 0.138889
0 0.334375 0.795833 0.145313 0.127778
0 0.457422 0.742361 0.103906 0.098611
0 0.559375 0.698611 0.060937 0.066667
0 0.610938 0.673611 0.043750 0.055556
0 0.691406 0.633333 0.020313 0.030556
0 0.644141 0.656944 0.025781 0.041667
0 0.669141 0.643056 0.024219 0.033333
0 0.618750 0.426389 0.039062 0.044444
0 0.544531 0.395833 0.114062 0.066667
0 0.647656 0.236806 0.045312 0.062500
0 0.666016 0.281250 0.053906 0.048611
0 0.695312 0.313889 0.025000 0.044444
0 0.712891 0.334722 0.010156 0.033333
0 0.904687 0.747917 0.190625 0.123611
0 0.733203 0.374306 0.007031 0.023611
0 0.663281 0.032639 0.029687 0.062500
0 0.681250 0.077083 0.029687 0.056944
0 0.697656 0.123611 0.020313 0.044444
0 0.711328 0.477778 0.010156 0.022222
0 0.730469 0.491667 0.009375 0.016667
0 0.721484 0.484722 0.010156 0.019444
0 0.736719 0.390278 0.007812 0.016667
0 0.745313 0.399306 0.010937 0.020833
0 0.706641 0.622917 0.011719 0.023611
0 0.924219 0.045833 0.032813 0.063889
0 0.803125 0.248611 0.025000 0.008333
0 0.803906 0.256944 0.025000 0.008333
0 0.803906 0.263194 0.025000 0.006944
0 0.805078 0.270139 0.025781 0.006944
0 0.805859 0.276389 0.024219 0.008333
0 0.805469 0.284722 0.025000 0.008333
0 0.805469 0.290278 0.025000 0.008333
0 0.805859 0.296528 0.024219 0.009722
0 0.805859 0.304861 0.024219 0.009722
0 0.806250 0.311111 0.025000 0.008333
0 0.806641 0.318750 0.025781 0.006944
0 0.825781 0.317361 0.010937 0.009722
0 0.824609 0.311111 0.011719 0.011111
0 0.825000 0.302083 0.012500 0.006944
0 0.825000 0.295139 0.012500 0.006944
0 0.823828 0.287500 0.010156 0.008333
0 0.824219 0.281944 0.010937 0.008333
0 0.826172 0.275000 0.014844 0.005556
0 0.825391 0.268056 0.016406 0.008333
0 0.827344 0.261111 0.020313 0.008333
0 0.826953 0.253472 0.021094 0.006944
0 0.826953 0.246528 0.021094 0.006944
0 0.717969 0.616667 0.012500 0.019444
0 0.728125 0.611111 0.007812 0.019444
0 0.737109 0.606250 0.010156 0.015278
0 0.804297 0.581944 0.016406 0.008333
0 0.748047 0.600694 0.011719 0.018056
0 0.907422 0.138889 0.027344 0.033333
0 0.916406 0.097222 0.034375 0.047222
0 0.989453 0.159028 0.021094 0.115278
0 0.719531 0.063194 0.015625 0.040278
0 0.868750 0.106250 0.014063 0.037500
