0 0.832422 0.352083 0.210156 0.101389
0 0.876172 0.735417 0.136719 0.079167
0 0.178516 0.640278 0.127344 0.058333
0 0.305078 0.622917 0.033594 0.023611
0 0.307812 0.544444 0.032813 0.027778
0 0.309766 0.468750 0.032031 0.031944
0 0.310937 0.390278 0.029687 0.044444
0 0.243359 0.321528 0.036719 0.040278
0 0.249219 0.254167 0.037500 0.050000
0 0.654297 0.128472 0.072656 0.031944
0 0.455469 0.297917 0.034375 0.015278
0 0.521094 0.590278 0.040625 0.016667
0 0.239063 0.132639 0.065625 0.043056
0 0.234766 0.185417 0.066406 0.045833
0 0.250391 0.038889 0.064844 0.052778
0 0.241797 0.117361 0.063281 0.045833
0 0.242188 0.100694 0.062500 0.048611
0 0.244141 0.086806 0.061719 0.051389
0 0.251953 0.025694 0.063281 0.045833
0 0.235937 0.165972 0.067187 0.045833
0 0.249219 0.053472 0.062500 0.048611
0 0.237109 0.150000 0.066406 0.047222
0 0.246875 0.069444 0.062500 0.050000
0 0.954297 0.070833 0.075781 0.086111
0 0.876172 0.019444 0.060156 0.038889
0 0.273047 0.013194 0.030469 0.026389
0 0.285156 0.006250 0.012500 0.012500
