0 0.318359 0.333333 0.174219 0.086111
0 0.462891 0.341667 0.133594 0.080556
0 0.563281 0.352778 0.082812 0.066667
0 0.357422 0.645139 0.144531 0.156944
0 0.511328 0.556944 0.146094 0.108333
0 0.120313 0.345139 0.178125 0.098611
0 0.027344 0.352083 0.054688 0.106944
0 0.474609 0.050000 0.210156 0.091667
0 0.968750 0.369444 0.062500 0.030556
0 0.973047 0.416667 0.052344 0.025000
0 0.973047 0.454167 0.053906 0.033333
0 0.969141 0.325000 0.060156 0.036111
0 0.930469 0.329861 0.029687 0.020833
0 0.927734 0.362500 0.038281 0.019444
0 0.939063 0.298611 0.057813 0.027778
0 0.932813 0.266667 0.065625 0.041667
0 0.991016 0.168056 0.017969 0.025000
0 0.995313 0.222917 0.006250 0.023611
0 0.930859 0.233333 0.061719 0.027778
0 0.927734 0.190278 0.057031 0.025000
0 0.926562 0.158333 0.054688 0.027778
0 0.916797 0.136806 0.061719 0.043056
0 0.931250 0.465972 0.023438 0.040278
0 0.580859 0.543750 0.055469 0.065278
