0 0.716797 0.481250 0.049219 0.020833
0 0.717578 0.602778 0.050781 0.027778
0 0.262109 0.605556 0.191406 0.066667
0 0.264844 0.658333 0.196875 0.047222
0 0.261719 0.702778 0.198437 0.063889
0 0.108203 0.556944 0.153906 0.052778
0 0.100391 0.603472 0.150781 0.054167
0 0.103516 0.646528 0.147656 0.054167
0 0.096875 0.687500 0.137500 0.075000
0 0.023828 0.713889 0.041406 0.069444
0 0.017188 0.674306 0.032813 0.084722
0 0.017578 0.618750 0.033594 0.068056
0 0.016797 0.570139 0.028906 0.068056
0 0.018359 0.507639 0.032031 0.054167
0 0.015625 0.467361 0.026562 0.068056
0 0.018359 0.412500 0.030469 0.072222
0 0.023047 0.365278 0.041406 0.088889
0 0.022266 0.311806 0.038281 0.084722
0 0.024219 0.261111 0.043750 0.108333
0 0.026172 0.210417 0.050781 0.104167
0 0.027734 0.165972 0.047656 0.104167
0 0.029687 0.117361 0.056250 0.106944
0 0.035937 0.072917 0.056250 0.109722
0 0.038672 0.029167 0.067969 0.050000
0 0.101562 0.136806 0.050000 0.040278
0 0.402344 0.137500 0.051562 0.025000
0 0.452344 0.145833 0.050000 0.022222
0 0.505078 0.151389 0.047656 0.027778
0 0.961328 0.539583 0.024219 0.015278
0 0.960156 0.550000 0.023438 0.008333
0 0.960547 0.559722 0.021094 0.011111
0 0.959766 0.569444 0.017969 0.011111
0 0.956641 0.584722 0.024219 0.019444
0 0.432422 0.609028 0.053906 0.026389
0 0.435547 0.583333 0.044531 0.016667
0 0.435937 0.565972 0.050000 0.018056
0 0.437891 0.544444 0.047656 0.025000
0 0.435937 0.523611 0.048438 0.013889
0 0.436328 0.506250 0.047656 0.020833
0 0.424609 0.488889 0.078906 0.025000
0 0.425391 0.463194 0.071094 0.023611
0 0.426172 0.450000 0.074219 0.027778
0 0.421094 0.424306 0.075000 0.029167
0 0.421094 0.401389 0.068750 0.022222
0 0.425000 0.388889 0.076563 0.027778
0 0.423828 0.379167 0.072656 0.041667
0 0.422656 0.348611 0.076563 0.041667
0 0.420312 0.337500 0.067187 0.047222
0 0.425391 0.310417 0.072656 0.029167
0 0.478516 0.309722 0.042969 0.025000
0 0.478906 0.328472 0.045312 0.012500
0 0.478125 0.344444 0.035937 0.016667
0 0.473828 0.358333 0.041406 0.011111
0 0.492578 0.375000 0.077344 0.019444
0 0.496484 0.392361 0.066406 0.029167
0 0.496094 0.409722 0.070312 0.011111
0 0.495703 0.427083 0.069531 0.023611
0 0.494922 0.446528 0.067969 0.018056
0 0.494531 0.468750 0.067187 0.026389
0 0.494922 0.487500 0.066406 0.011111
0 0.494141 0.504167 0.069531 0.022222
0 0.495312 0.526389 0.059375 0.022222
0 0.495703 0.542361 0.061719 0.029167
0 0.492969 0.564583 0.064062 0.018056
0 0.494922 0.586111 0.067969 0.027778
0 0.496875 0.609028 0.062500 0.018056
0 0.491016 0.623611 0.058594 0.019444
0 0.538672 0.547222 0.019531 0.016667
0 0.539844 0.561806 0.021875 0.012500
0 0.538281 0.578472 0.023438 0.020833
0 0.537109 0.598611 0.022656 0.019444
0 0.381250 0.336806 0.025000 0.026389
0 0.380859 0.350694 0.017969 0.026389
0 0.378906 0.365278 0.020313 0.025000
0 0.379297 0.380556 0.021094 0.030556
0 0.380078 0.395139 0.025781 0.029167
0 0.408594 0.255556 0.070312 0.052778
0 0.405078 0.275000 0.074219 0.050000
0 0.407422 0.289583 0.074219 0.045833
0 0.405078 0.308333 0.074219 0.055556
