0 0.865104 0.721759 0.112500 0.076852
0 0.954427 0.685648 0.076563 0.095370
0 0.376823 0.270833 0.108854 0.052778
0 0.272656 0.250463 0.115104 0.071296
0 0.054688 0.215278 0.088542 0.145370
0 0.268229 0.887500 0.057292 0.075000
0 0.740625 0.053704 0.033333 0.040741
0 0.766406 0.067130 0.038021 0.054630
0 0.714583 0.059722 0.050000 0.043519
0 0.717187 0.089352 0.053125 0.045370
0 0.717708 0.114352 0.047917 0.049074
0 0.751823 0.134722 0.028646 0.045370
0 0.716667 0.139352 0.050000 0.036111
0 0.718750 0.169907 0.050000 0.050926
0 0.720313 0.195833 0.044792 0.030556
0 0.718750 0.222685 0.058333 0.043519
0 0.718229 0.258796 0.044792 0.036111
0 0.719792 0.281019 0.047917 0.034259
0 0.720833 0.308333 0.050000 0.031481
0 0.721875 0.336574 0.043750 0.039815
0 0.721875 0.361574 0.052083 0.025000
0 0.719792 0.388889 0.047917 0.029630
0 0.721354 0.418981 0.044792 0.030556
0 0.722396 0.447685 0.048958 0.026852
0 0.724479 0.474074 0.042708 0.025926
0 0.722917 0.498611 0.039583 0.023148
0 0.725781 0.527315 0.035937 0.034259
0 0.724479 0.553704 0.038542 0.018519
0 0.764583 0.293981 0.037500 0.030556
0 0.759375 0.318981 0.033333 0.034259
0 0.758333 0.343981 0.035417 0.032407
0 0.759115 0.369907 0.030729 0.023148
0 0.760938 0.396296 0.036458 0.018519
0 0.764583 0.417130 0.037500 0.023148
0 0.765104 0.443981 0.034375 0.030556
0 0.629427 0.564815 0.159896 0.044444
0 0.624479 0.527778 0.158333 0.037037
0 0.621615 0.506944 0.161979 0.047222
0 0.618750 0.472685 0.156250 0.023148
0 0.617969 0.452315 0.151562 0.062037
0 0.615885 0.422222 0.157812 0.059259
0 0.616406 0.390741 0.159896 0.057407
0 0.614062 0.363889 0.161458 0.059259
0 0.612500 0.333333 0.165625 0.068519
0 0.614323 0.306019 0.169271 0.069444
0 0.616927 0.269907 0.166146 0.067593
0 0.611198 0.240278 0.165104 0.067593
0 0.612500 0.208796 0.167708 0.075000
0 0.612500 0.182407 0.164583 0.085185
0 0.612760 0.157407 0.158854 0.090741
0 0.610677 0.122222 0.166146 0.100000
0 0.608854 0.086574 0.163542 0.073148
0 0.610156 0.056019 0.165104 0.082407
0 0.609896 0.024537 0.157292 0.043519
0 0.468490 0.015278 0.029687 0.025000
0 0.487500 0.025000 0.076042 0.042593
0 0.491667 0.032407 0.073958 0.059259
0 0.493750 0.062500 0.078125 0.069444
0 0.491406 0.088426 0.075521 0.062037
0 0.491927 0.110648 0.074479 0.062037
0 0.491146 0.135185 0.078125 0.075926
0 0.492708 0.166667 0.078125 0.062963
0 0.491146 0.187963 0.080208 0.068519
0 0.491146 0.216204 0.078125 0.071296
0 0.490625 0.242130 0.079167 0.069444
0 0.495573 0.268519 0.074479 0.064815
0 0.497917 0.291204 0.077083 0.060185
0 0.495052 0.315741 0.077604 0.051852
0 0.498177 0.342130 0.076563 0.050926
0 0.497396 0.366667 0.078125 0.055556
0 0.492448 0.391667 0.075521 0.048148
0 0.512760 0.411111 0.050521 0.044444
0 0.513281 0.440741 0.046354 0.038889
0 0.513802 0.463426 0.050521 0.037963
0 0.515625 0.490278 0.046875 0.028704
0 0.514062 0.518056 0.047917 0.032407
0 0.520312 0.542593 0.042708 0.031481
0 0.520052 0.568981 0.047396 0.028704
0 0.410417 0.364815 0.088542 0.020370
0 0.410417 0.392593 0.095833 0.035185
