0 0.057813 0.595833 0.112500 0.052778
0 0.058203 0.645833 0.114844 0.050000
0 0.059766 0.696528 0.111719 0.062500
0 0.168750 0.232639 0.064062 0.034722
0 0.169922 0.255556 0.064844 0.041667
0 0.167969 0.265278 0.054688 0.027778
0 0.165625 0.286806 0.057813 0.031944
0 0.146484 0.307639 0.025781 0.043056
0 0.146094 0.327778 0.018750 0.030556
0 0.144141 0.350694 0.016406 0.029167
0 0.142578 0.368056 0.011719 0.022222
0 0.138672 0.381944 0.022656 0.027778
0 0.139844 0.397917 0.017188 0.020833
0 0.141406 0.413194 0.012500 0.023611
0 0.138672 0.431250 0.019531 0.026389
0 0.136328 0.451389 0.022656 0.033333
0 0.135547 0.465278 0.013281 0.022222
0 0.135937 0.479167 0.020313 0.016667
0 0.135547 0.497222 0.019531 0.016667
0 0.136328 0.514583 0.019531 0.018056
0 0.134766 0.529861 0.021094 0.012500
0 0.132422 0.545833 0.016406 0.019444
0 0.134375 0.563889 0.012500 0.016667
0 0.132422 0.581250 0.011719 0.018056
0 0.132812 0.603472 0.010937 0.015278
0 0.174219 0.611806 0.070312 0.026389
0 0.175781 0.593750 0.070312 0.029167
0 0.172656 0.569444 0.064062 0.022222
0 0.173828 0.554861 0.064844 0.023611
0 0.178906 0.533333 0.064062 0.025000
0 0.177344 0.514583 0.070312 0.023611
0 0.177344 0.492361 0.070312 0.023611
0 0.178516 0.472222 0.064844 0.022222
0 0.181250 0.454167 0.067187 0.016667
0 0.180859 0.436111 0.061719 0.025000
0 0.178516 0.408333 0.064844 0.027778
0 0.182422 0.395139 0.061719 0.031944
0 0.183594 0.374306 0.070312 0.026389
0 0.186328 0.356944 0.066406 0.022222
0 0.183984 0.335417 0.061719 0.026389
0 0.185938 0.315278 0.057813 0.027778
0 0.187500 0.296528 0.057813 0.023611
0 0.237109 0.305556 0.042969 0.025000
0 0.228516 0.318750 0.039844 0.018056
0 0.232813 0.334722 0.032813 0.013889
0 0.235937 0.352778 0.042188 0.016667
0 0.248828 0.365278 0.058594 0.025000
0 0.246875 0.385417 0.068750 0.018056
0 0.245703 0.401389 0.066406 0.019444
0 0.245703 0.420139 0.066406 0.015278
0 0.247656 0.445139 0.060937 0.023611
0 0.244531 0.465278 0.067187 0.016667
0 0.245703 0.481250 0.066406 0.018056
0 0.243359 0.499306 0.066406 0.015278
0 0.244922 0.517361 0.067969 0.020833
0 0.243359 0.536111 0.067969 0.016667
0 0.240625 0.556944 0.062500 0.025000
0 0.242188 0.578472 0.059375 0.018056
0 0.242969 0.597917 0.060937 0.020833
0 0.246094 0.616667 0.056250 0.016667
0 0.291797 0.540972 0.035156 0.015278
0 0.290234 0.556944 0.039844 0.011111
0 0.290625 0.571528 0.040625 0.015278
0 0.291016 0.589583 0.041406 0.018056
0 0.289453 0.608333 0.035156 0.019444
0 0.953516 0.624306 0.078906 0.068056
0 0.728906 0.550000 0.028125 0.013889
0 0.730078 0.563194 0.028906 0.012500
0 0.733203 0.575694 0.024219 0.015278
0 0.741406 0.595833 0.035937 0.022222
0 0.527734 0.605556 0.049219 0.027778
0 0.515234 0.490278 0.064844 0.019444
0 0.269922 0.147917 0.044531 0.043056
0 0.312891 0.158333 0.047656 0.041667
0 0.365234 0.182639 0.044531 0.034722
0 0.224219 0.127778 0.048438 0.030556
0 0.176953 0.120833 0.050781 0.033333
