0 0.089063 0.679375 0.176563 0.061250
0 0.178906 0.606250 0.043750 0.050000
0 0.180859 0.628125 0.038281 0.031250
0 0.179297 0.654375 0.041406 0.043750
0 0.179688 0.248125 0.131250 0.043750
0 0.185156 0.284375 0.112500 0.053750
0 0.296484 0.138125 0.071094 0.053750
0 0.766016 0.157500 0.028906 0.017500
0 0.765234 0.138750 0.027344 0.020000
0 0.792578 0.125000 0.071094 0.027500
0 0.779687 0.111250 0.060937 0.012500
0 0.775391 0.098125 0.061719 0.021250
0 0.778516 0.080625 0.060156 0.016250
0 0.781641 0.067500 0.067969 0.020000
0 0.777734 0.051875 0.060156 0.013750
0 0.778125 0.038750 0.059375 0.017500
0 0.776953 0.026875 0.060156 0.028750
0 0.776563 0.008125 0.067187 0.011250
0 0.173437 0.466875 0.114062 0.066250
0 0.273828 0.481250 0.047656 0.027500
0 0.277344 0.334375 0.025000 0.041250
