0 0.572266 0.202083 0.114844 0.101389
0 0.664062 0.225694 0.067187 0.045833
0 0.658203 0.195833 0.071094 0.041667
0 0.652344 0.174306 0.085938 0.040278
0 0.653125 0.161806 0.089063 0.037500
0 0.645312 0.134028 0.103125 0.037500
0 0.717187 0.157639 0.042188 0.037500
0 0.714453 0.176389 0.039844 0.033333
0 0.716406 0.196528 0.043750 0.040278
0 0.717578 0.213889 0.052344 0.033333
0 0.718359 0.230556 0.055469 0.038889
0 0.716406 0.259028 0.064062 0.043056
0 0.172266 0.135417 0.083594 0.106944
0 0.316016 0.416667 0.175781 0.063889
0 0.315234 0.547917 0.183594 0.043056
0 0.312500 0.686111 0.164062 0.052778
0 0.485547 0.692361 0.163281 0.051389
0 0.833594 0.622917 0.065625 0.031944
0 0.876172 0.611806 0.027344 0.031944
0 0.941016 0.598611 0.025781 0.019444
0 0.955859 0.593750 0.021094 0.018056
0 0.958203 0.584028 0.014844 0.018056
0 0.632812 0.090972 0.106250 0.084722
0 0.627734 0.069444 0.111719 0.069444
0 0.633203 0.044444 0.114844 0.055556
0 0.632031 0.027778 0.110937 0.047222
0 0.642188 0.009028 0.095312 0.015278
0 0.177344 0.066667 0.087500 0.030556
0 0.173047 0.034722 0.088281 0.033333
0 0.178906 0.017361 0.093750 0.026389
