0 0.879167 0.592130 0.060417 0.034259
0 0.802865 0.619444 0.064062 0.037037
0 0.637500 0.712500 0.121875 0.058333
0 0.556250 0.694444 0.078125 0.055556
0 0.457552 0.865741 0.150521 0.109259
0 0.241146 0.928241 0.288542 0.119444
0 0.069271 0.889815 0.064583 0.075926
0 0.035677 0.813426 0.060937 0.082407
0 0.258594 0.139815 0.097396 0.072222
0 0.327083 0.166667 0.067708 0.079630
0 0.422135 0.205093 0.051562 0.045370
0 0.466927 0.214352 0.043229 0.058333
0 0.496615 0.228241 0.031771 0.060185
0 0.565104 0.252315 0.037500 0.049074
0 0.634375 0.270833 0.030208 0.034259
0 0.634896 0.348148 0.036458 0.016667
0 0.379948 0.088426 0.057813 0.032407
