0 0.556641 0.295139 0.091406 0.051389
0 0.603516 0.330556 0.055469 0.044444
0 0.648047 0.375694 0.024219 0.026389
0 0.666797 0.396528 0.014844 0.018056
0 0.676953 0.397222 0.013281 0.019444
0 0.579297 0.540278 0.049219 0.027778
0 0.617578 0.544444 0.033594 0.027778
0 0.642188 0.546528 0.029687 0.020833
0 0.667969 0.547222 0.021875 0.022222
0 0.685156 0.545139 0.017188 0.020833
0 0.768750 0.588194 0.045312 0.018056
0 0.560156 0.039583 0.075000 0.079167
0 0.626953 0.036111 0.063281 0.052778
0 0.658594 0.100000 0.034375 0.038889
0 0.637500 0.214583 0.064062 0.051389
0 0.664844 0.246528 0.037500 0.037500
0 0.969531 0.362500 0.039062 0.072222
0 0.992969 0.324306 0.014063 0.068056
0 0.854297 0.489583 0.014844 0.020833
0 0.844531 0.491667 0.007812 0.019444
0 0.873437 0.295139 0.020313 0.040278
0 0.879687 0.253472 0.023438 0.051389
0 0.897266 0.212500 0.024219 0.055556
0 0.922656 0.142361 0.059375 0.087500
0 0.948047 0.054861 0.064844 0.109722
0 0.853906 0.011111 0.032813 0.022222
0 0.858594 0.322222 0.017188 0.036111
0 0.936719 0.689583 0.029687 0.059722
0 0.973437 0.720139 0.043750 0.062500
0 0.917578 0.666667 0.019531 0.036111
0 0.895312 0.647222 0.023438 0.033333
0 0.877734 0.634028 0.016406 0.031944
0 0.865234 0.627083 0.010156 0.020833
0 0.853906 0.619444 0.012500 0.027778
0 0.688672 0.429167 0.010156 0.019444
0 0.696484 0.436111 0.007031 0.016667
0 0.844141 0.363889 0.011719 0.022222
0 0.850391 0.347222 0.010156 0.022222
0 0.683984 0.279167 0.008594 0.025000
0 0.691797 0.309028 0.016406 0.020833
0 0.826562 0.413889 0.006250 0.019444
0 0.832031 0.405556 0.007812 0.016667
0 0.835938 0.396528 0.006250 0.015278
0 0.839844 0.383333 0.006250 0.013889
0 0.844531 0.050000 0.017188 0.055556
0 0.839844 0.099306 0.017188 0.043056
