0 0.682813 0.754167 0.254688 0.133333
0 0.789844 0.677778 0.054688 0.050000
0 0.832422 0.654167 0.053906 0.052778
0 0.876172 0.650000 0.050781 0.052778
0 0.913672 0.604167 0.032031 0.038889
0 0.801172 0.420833 0.091406 0.030556
0 0.802734 0.438194 0.069531 0.034722
0 0.801172 0.413194 0.088281 0.045833
0 0.796484 0.201389 0.085156 0.050000
0 0.792578 0.217361 0.078906 0.040278
0 0.517969 0.270833 0.062500 0.066667
0 0.450391 0.629861 0.122656 0.081944
0 0.370703 0.618750 0.089844 0.054167
0 0.166797 0.629861 0.085156 0.054167
0 0.083594 0.779861 0.162500 0.237500
0 0.542969 0.701389 0.106250 0.083333
0 0.389844 0.089583 0.071875 0.062500
0 0.448437 0.102083 0.056250 0.051389
0 0.514062 0.130556 0.059375 0.044444
0 0.300391 0.068750 0.088281 0.073611
0 0.234766 0.050694 0.085156 0.062500
0 0.161719 0.036806 0.085938 0.059722
0 0.075391 0.037500 0.071094 0.058333
0 0.021875 0.033333 0.040625 0.050000
0 0.633203 0.045139 0.086719 0.065278
0 0.796094 0.344444 0.084375 0.036111
0 0.796484 0.356250 0.080469 0.029167
0 0.796875 0.374306 0.082812 0.031944
0 0.798047 0.387500 0.080469 0.030556
