0 0.450000 0.409259 0.098958 0.079630
0 0.205469 0.449074 0.263021 0.096296
0 0.123177 0.912963 0.243229 0.168519
0 0.119271 0.130093 0.235417 0.119444
0 0.529167 0.398148 0.065625 0.070370
0 0.594010 0.384722 0.061979 0.063889
0 0.638021 0.378241 0.032292 0.045370
0 0.670833 0.368519 0.023958 0.051852
0 0.696875 0.361574 0.030208 0.032407
0 0.720573 0.357407 0.017188 0.048148
0 0.738802 0.358796 0.022396 0.047222
0 0.756771 0.350926 0.017708 0.020370
0 0.747396 0.333333 0.018750 0.022222
0 0.465625 0.026389 0.207292 0.050926
0 0.714583 0.177315 0.102083 0.045370
0 0.749479 0.204167 0.084375 0.028704
0 0.770573 0.218056 0.069271 0.030556
0 0.787240 0.244444 0.047396 0.020370
0 0.803646 0.179630 0.045833 0.038889
0 0.751563 0.019444 0.068750 0.029630
0 0.776042 0.056944 0.045833 0.045370
0 0.986458 0.435648 0.026042 0.030556
0 0.966406 0.315278 0.061979 0.015741
0 0.967969 0.342130 0.059896 0.013889
0 0.968750 0.365741 0.058333 0.018519
0 0.970833 0.384722 0.057292 0.019444
0 0.970573 0.410648 0.057813 0.019444
0 0.942708 0.286574 0.052083 0.017593
0 0.933073 0.308333 0.023438 0.012963
0 0.930990 0.324537 0.020313 0.017593
0 0.944010 0.240278 0.052604 0.015741
0 0.947917 0.262963 0.054167 0.014815
0 0.945833 0.211574 0.053125 0.023148
0 0.949479 0.187037 0.052083 0.014815
0 0.945573 0.165278 0.052604 0.026852
