0 0.575781 0.659028 0.160938 0.045833
0 0.733594 0.529167 0.028125 0.011111
0 0.733203 0.538889 0.027344 0.011111
0 0.732031 0.549306 0.023438 0.009722
0 0.732031 0.556944 0.025000 0.011111
0 0.731641 0.566667 0.024219 0.008333
0 0.732031 0.576389 0.023438 0.013889
0 0.842969 0.645833 0.039062 0.038889
0 0.886719 0.428472 0.118750 0.037500
0 0.231250 0.639583 0.093750 0.051389
0 0.352344 0.223611 0.112500 0.061111
0 0.357422 0.123611 0.114844 0.058333
0 0.171094 0.271528 0.045312 0.040278
0 0.248438 0.231250 0.093750 0.076389
0 0.181250 0.147917 0.079687 0.056944
0 0.174219 0.088194 0.120313 0.054167
0 0.093750 0.147917 0.050000 0.045833
0 0.168750 0.204861 0.057813 0.048611
0 0.058203 0.125694 0.036719 0.051389
0 0.054297 0.181944 0.027344 0.027778
0 0.189844 0.020139 0.120313 0.037500
0 0.116016 0.062500 0.055469 0.052778
0 0.114453 0.020139 0.039844 0.034722
0 0.070312 0.032639 0.050000 0.040278
0 0.071875 0.075000 0.045312 0.047222
0 0.033594 0.084028 0.029687 0.040278
0 0.033594 0.113194 0.031250 0.045833
0 0.078906 0.197917 0.031250 0.040278
0 0.235547 0.387500 0.100781 0.050000
0 0.233203 0.470833 0.096094 0.038889
0 0.160156 0.472917 0.042188 0.037500
0 0.163281 0.398611 0.042188 0.038889
0 0.159375 0.544444 0.042188 0.036111
0 0.232813 0.556944 0.104688 0.044444
0 0.923047 0.184028 0.033594 0.034722
0 0.918750 0.064583 0.064062 0.112500
0 0.162891 0.622222 0.046094 0.036111
0 0.025000 0.160417 0.025000 0.040278
