0 0.951172 0.640278 0.094531 0.063889
0 0.444922 0.085417 0.036719 0.045833
0 0.583594 0.218056 0.110937 0.075000
0 0.513281 0.053472 0.089063 0.079167
0 0.880859 0.585417 0.014844 0.012500
0 0.862109 0.593056 0.033594 0.019444
0 0.684766 0.343750 0.014844 0.006944
0 0.684375 0.348611 0.014063 0.005556
0 0.685156 0.352778 0.015625 0.005556
0 0.699219 0.343750 0.012500 0.006944
0 0.698828 0.339583 0.011719 0.006944
0 0.673047 0.364583 0.007031 0.004167
0 0.673047 0.369444 0.007031 0.005556
0 0.699219 0.354167 0.014063 0.005556
0 0.699609 0.349306 0.013281 0.006944
0 0.673438 0.361111 0.006250 0.005556
0 0.673047 0.356250 0.007031 0.004167
0 0.673438 0.351389 0.006250 0.005556
0 0.673047 0.345833 0.005469 0.005556
0 0.673438 0.374306 0.006250 0.006944
0 0.779687 0.347917 0.017188 0.006944
0 0.780469 0.343056 0.015625 0.005556
0 0.779687 0.337500 0.015625 0.005556
0 0.779687 0.333333 0.015625 0.005556
0 0.779687 0.328472 0.015625 0.006944
0 0.779297 0.323611 0.016406 0.008333
0 0.797656 0.345139 0.015625 0.006944
0 0.797656 0.339583 0.015625 0.006944
0 0.796875 0.335417 0.015625 0.004167
0 0.796875 0.329861 0.015625 0.006944
0 0.796875 0.324306 0.015625 0.006944
0 0.832422 0.345139 0.014844 0.006944
0 0.832812 0.339583 0.015625 0.006944
0 0.816797 0.341667 0.014844 0.005556
0 0.816797 0.336111 0.016406 0.005556
0 0.852344 0.346528 0.018750 0.006944
0 0.852344 0.340972 0.018750 0.004167
0 0.852344 0.336806 0.018750 0.006944
0 0.851953 0.330556 0.017969 0.008333
0 0.872656 0.344444 0.017188 0.005556
0 0.873047 0.338194 0.016406 0.006944
0 0.872266 0.333333 0.016406 0.005556
0 0.872266 0.327778 0.016406 0.008333
0 0.872656 0.321528 0.017188 0.006944
0 0.871875 0.316667 0.017188 0.008333
0 0.871875 0.310417 0.017188 0.006944
0 0.891016 0.354861 0.016406 0.006944
0 0.891016 0.347917 0.016406 0.006944
0 0.889844 0.341667 0.017188 0.008333
0 0.889844 0.336111 0.017188 0.008333
0 0.889844 0.330556 0.017188 0.008333
0 0.888672 0.325000 0.017969 0.008333
0 0.889062 0.320833 0.017188 0.008333
0 0.889062 0.313889 0.017188 0.008333
0 0.907813 0.367361 0.015625 0.009722
0 0.907422 0.361111 0.016406 0.008333
0 0.907422 0.355556 0.016406 0.005556
0 0.907031 0.349306 0.017188 0.006944
0 0.907031 0.343056 0.017188 0.008333
0 0.916406 0.344444 0.035937 0.025000
0 0.926562 0.348611 0.015625 0.005556
0 0.926172 0.342361 0.016406 0.006944
0 0.926172 0.336806 0.016406 0.006944
0 0.926172 0.329861 0.016406 0.006944
0 0.925391 0.324306 0.016406 0.006944
0 0.925391 0.318750 0.016406 0.006944
0 0.925000 0.313194 0.015625 0.006944
0 0.925000 0.306944 0.015625 0.008333
0 0.944141 0.356250 0.016406 0.006944
0 0.944141 0.349306 0.016406 0.006944
0 0.944141 0.344444 0.016406 0.005556
0 0.943750 0.338889 0.017188 0.008333
0 0.943750 0.332639 0.015625 0.006944
0 0.943359 0.327083 0.016406 0.006944
0 0.942969 0.321528 0.015625 0.006944
0 0.942969 0.315972 0.015625 0.006944
0 0.942578 0.309722 0.014844 0.008333
0 0.942187 0.303472 0.015625 0.006944
0 0.941797 0.297917 0.016406 0.006944
0 0.960938 0.337500 0.015625 0.008333
0 0.960547 0.331250 0.016406 0.006944
0 0.960156 0.325694 0.017188 0.006944
0 0.959766 0.319444 0.017969 0.005556
0 0.960156 0.314583 0.018750 0.006944
0 0.960156 0.309028 0.018750 0.006944
0 0.958594 0.302778 0.017188 0.008333
0 0.731641 0.363889 0.013281 0.005556
0 0.731250 0.357639 0.012500 0.009722
