0 0.725781 0.651389 0.138021 0.058333
0 0.882031 0.652778 0.183854 0.083333
0 0.845313 0.254630 0.096875 0.087037
0 0.928906 0.128241 0.099479 0.058333
0 0.927083 0.222685 0.090625 0.043519
0 0.160938 0.348148 0.321875 0.064815
0 0.157812 0.416667 0.315625 0.107407
0 0.156771 0.502315 0.313542 0.126852
0 0.156250 0.572222 0.312500 0.114815
0 0.154167 0.644444 0.308333 0.142593
0 0.052344 0.952315 0.104688 0.093519
0 0.158594 0.188889 0.315104 0.116667
0 0.158333 0.267130 0.314583 0.108333
0 0.155990 0.721759 0.310937 0.169444
0 0.158073 0.785185 0.316146 0.183333
0 0.049479 0.884259 0.098958 0.124074
0 0.158333 0.122685 0.316667 0.143519
