0 0.861328 0.321528 0.208594 0.156944
0 0.691797 0.390278 0.121094 0.091667
0 0.693359 0.561806 0.117969 0.065278
0 0.865625 0.557639 0.221875 0.098611
0 0.852734 0.786111 0.197656 0.113889
0 0.693750 0.727083 0.120313 0.098611
0 0.580859 0.651389 0.107031 0.050000
0 0.581250 0.620139 0.109375 0.043056
0 0.578906 0.581250 0.114062 0.051389
0 0.580859 0.545139 0.111719 0.043056
0 0.579297 0.507639 0.114844 0.045833
0 0.580469 0.477083 0.112500 0.054167
0 0.578125 0.443750 0.112500 0.065278
0 0.578125 0.403472 0.110937 0.070833
0 0.541016 0.218056 0.049219 0.066667
0 0.504297 0.262500 0.030469 0.050000
0 0.475000 0.288889 0.026562 0.044444
0 0.451172 0.324306 0.025781 0.040278
0 0.432031 0.293056 0.025000 0.041667
0 0.411719 0.330556 0.018750 0.030556
0 0.594922 0.144444 0.067969 0.091667
0 0.669141 0.064583 0.088281 0.106944
0 0.060547 0.445833 0.049219 0.055556
0 0.101172 0.465278 0.032031 0.036111
0 0.141016 0.481250 0.028906 0.031944
0 0.143359 0.614583 0.024219 0.031944
0 0.101953 0.631944 0.035156 0.047222
0 0.059766 0.655556 0.049219 0.050000
0 0.013281 0.083333 0.026562 0.075000
0 0.091797 0.123611 0.032031 0.080556
0 0.103906 0.055556 0.026562 0.083333
0 0.048828 0.147222 0.053906 0.111111
0 0.085938 0.222917 0.035937 0.087500
0 0.120703 0.281944 0.028906 0.058333
0 0.146875 0.326389 0.028125 0.047222
0 0.170703 0.358333 0.019531 0.036111
0 0.473438 0.077083 0.028125 0.059722
