0 0.819141 0.568229 0.177344 0.107292
0 0.692578 0.511979 0.192969 0.092708
0 0.544922 0.477083 0.139844 0.060417
0 0.433984 0.443229 0.108594 0.067708
0 0.219531 0.373437 0.078125 0.057292
0 0.208203 0.177083 0.061719 0.045833
0 0.269531 0.184896 0.070312 0.048958
0 0.391797 0.201042 0.178906 0.081250
0 0.517969 0.220312 0.126562 0.059375
0 0.646875 0.239063 0.125000 0.067708
0 0.791406 0.254688 0.209375 0.080208
0 0.904687 0.024479 0.100000 0.026042
0 0.898438 0.044271 0.100000 0.036458
0 0.806641 0.026562 0.077344 0.021875
0 0.806641 0.046875 0.083594 0.022917
0 0.716797 0.028646 0.080469 0.030208
0 0.716797 0.053646 0.080469 0.028125
0 0.634766 0.028646 0.074219 0.021875
0 0.635547 0.056771 0.121094 0.038542
