0 0.475000 0.236111 0.092188 0.033333
0 0.469531 0.249306 0.096875 0.031944
0 0.471875 0.266667 0.090625 0.027778
0 0.473047 0.284028 0.088281 0.034722
0 0.476953 0.297222 0.083594 0.033333
0 0.492578 0.318750 0.050781 0.023611
0 0.492969 0.331250 0.048438 0.029167
0 0.499219 0.351389 0.034375 0.030556
0 0.502344 0.370139 0.026562 0.026389
0 0.503516 0.400000 0.030469 0.027778
0 0.503125 0.415278 0.028125 0.027778
0 0.505859 0.438889 0.028906 0.019444
0 0.502734 0.456944 0.030469 0.019444
0 0.501172 0.477083 0.022656 0.026389
0 0.561719 0.321528 0.089063 0.026389
0 0.564063 0.338889 0.085938 0.022222
0 0.564063 0.354861 0.093750 0.020833
0 0.565625 0.374306 0.092188 0.020833
0 0.566016 0.395833 0.092969 0.022222
0 0.564063 0.413194 0.093750 0.023611
0 0.564453 0.430556 0.092969 0.019444
0 0.565625 0.450694 0.092188 0.023611
0 0.564844 0.471528 0.087500 0.029167
0 0.571875 0.488889 0.076563 0.022222
0 0.548438 0.645833 0.098437 0.044444
0 0.425000 0.668750 0.137500 0.056944
0 0.283594 0.669444 0.129688 0.086111
0 0.179688 0.640972 0.081250 0.056944
0 0.836719 0.637500 0.084375 0.055556
0 0.880469 0.580556 0.043750 0.036111
0 0.930078 0.565278 0.063281 0.033333
0 0.923828 0.589583 0.069531 0.026389
0 0.918359 0.617361 0.057031 0.034722
0 0.920703 0.648611 0.057031 0.038889
0 0.876172 0.610417 0.038281 0.029167
0 0.879687 0.640972 0.028125 0.045833
0 0.430859 0.090972 0.025781 0.048611
0 0.451172 0.125694 0.019531 0.037500
0 0.466797 0.154861 0.017969 0.034722
0 0.483203 0.187500 0.016406 0.030556
0 0.639062 0.549306 0.017188 0.009722
0 0.639453 0.558333 0.016406 0.008333
0 0.635156 0.565278 0.010937 0.008333
0 0.636328 0.572917 0.010156 0.006944
0 0.637109 0.580556 0.011719 0.011111
0 0.983203 0.107639 0.032031 0.059722
0 0.988672 0.134722 0.017969 0.047222
0 0.987891 0.164583 0.019531 0.034722
0 0.991016 0.184722 0.011719 0.036111
0 0.992969 0.207639 0.014063 0.034722
0 0.993359 0.237500 0.013281 0.033333
