0 0.794531 0.020313 0.100000 0.038542
0 0.794531 0.042708 0.103125 0.041667
0 0.789453 0.067187 0.110156 0.028125
0 0.789453 0.090625 0.116406 0.029167
0 0.784375 0.114583 0.115625 0.027083
0 0.783594 0.138542 0.117188 0.027083
0 0.783203 0.159896 0.113281 0.026042
0 0.780859 0.181771 0.117969 0.026042
0 0.783203 0.206771 0.116406 0.023958
0 0.782813 0.227604 0.115625 0.021875
0 0.809766 0.251042 0.063281 0.027083
0 0.807422 0.275521 0.050781 0.028125
0 0.948438 0.232813 0.101562 0.023958
0 0.947656 0.209896 0.104688 0.021875
0 0.946875 0.191667 0.104688 0.025000
0 0.947656 0.166667 0.104688 0.031250
0 0.948047 0.145313 0.102344 0.028125
0 0.947266 0.120313 0.105469 0.028125
0 0.948047 0.101562 0.102344 0.032292
0 0.948047 0.073438 0.103906 0.030208
0 0.949219 0.056250 0.100000 0.033333
0 0.950000 0.032813 0.100000 0.034375
0 0.646875 0.382812 0.059375 0.023958
0 0.328516 0.026562 0.022656 0.007292
0 0.328906 0.033854 0.023438 0.009375
0 0.328906 0.041146 0.021875 0.007292
0 0.328906 0.046875 0.020313 0.008333
0 0.328516 0.053125 0.021094 0.008333
0 0.328906 0.058854 0.023438 0.009375
0 0.328906 0.065104 0.020313 0.007292
0 0.329297 0.071875 0.021094 0.006250
0 0.329297 0.021875 0.019531 0.008333
0 0.328906 0.017188 0.020313 0.007292
0 0.327734 0.009375 0.021094 0.008333
0 0.406641 0.019792 0.022656 0.008333
0 0.406250 0.013021 0.023438 0.007292
0 0.406641 0.005729 0.022656 0.007292
0 0.407031 0.027083 0.023438 0.006250
0 0.406250 0.033854 0.023438 0.007292
0 0.407422 0.039583 0.022656 0.008333
0 0.406641 0.046354 0.024219 0.007292
0 0.406641 0.052604 0.024219 0.007292
0 0.487109 0.004167 0.027344 0.006250
0 0.428906 0.120313 0.021875 0.007292
0 0.428906 0.114062 0.023438 0.005208
0 0.428906 0.109375 0.021875 0.006250
0 0.429297 0.103125 0.021094 0.006250
0 0.429297 0.096875 0.021094 0.008333
0 0.429297 0.089583 0.022656 0.008333
0 0.428906 0.083333 0.021875 0.008333
0 0.429297 0.076042 0.022656 0.008333
0 0.515234 0.003125 0.027344 0.006250
