0 0.464453 0.628750 0.094531 0.032500
0 0.891406 0.941250 0.212500 0.117500
0 0.288672 0.720625 0.153906 0.111250
0 0.152344 0.725625 0.167187 0.078750
0 0.420312 0.275000 0.042188 0.017500
0 0.419922 0.264375 0.042969 0.016250
0 0.419531 0.251875 0.040625 0.021250
0 0.418359 0.238750 0.042969 0.020000
0 0.419141 0.226250 0.044531 0.017500
0 0.420312 0.216250 0.042188 0.020000
0 0.420312 0.203125 0.045312 0.018750
0 0.419531 0.191250 0.045312 0.017500
0 0.419531 0.179375 0.046875 0.021250
0 0.421484 0.168125 0.046094 0.021250
0 0.421094 0.156250 0.045312 0.020000
0 0.423438 0.144375 0.045312 0.018750
0 0.424609 0.131875 0.044531 0.021250
0 0.425000 0.117500 0.043750 0.017500
0 0.425391 0.107500 0.042969 0.017500
0 0.426953 0.095625 0.042969 0.021250
0 0.427734 0.084375 0.042969 0.018750
0 0.427344 0.072500 0.042188 0.017500
0 0.428906 0.060000 0.043750 0.017500
0 0.441406 0.161250 0.067187 0.247500
0 0.458203 0.265625 0.036719 0.016250
0 0.460938 0.255625 0.040625 0.016250
0 0.463672 0.243125 0.038281 0.016250
0 0.464844 0.230625 0.035937 0.018750
0 0.467578 0.220000 0.038281 0.017500
0 0.466797 0.208750 0.042969 0.020000
0 0.466406 0.196875 0.043750 0.018750
0 0.466797 0.185000 0.044531 0.017500
0 0.466797 0.172500 0.044531 0.017500
0 0.468359 0.161250 0.044531 0.017500
0 0.467969 0.148125 0.043750 0.016250
0 0.469922 0.136875 0.044531 0.018750
0 0.469531 0.123750 0.043750 0.020000
0 0.471094 0.112500 0.043750 0.017500
0 0.471094 0.101875 0.043750 0.018750
0 0.471094 0.089375 0.045312 0.016250
0 0.472266 0.078125 0.044531 0.016250
0 0.472656 0.065000 0.045312 0.015000
0 0.473438 0.053125 0.043750 0.016250
0 0.524219 0.213125 0.043750 0.013750
0 0.523828 0.200000 0.044531 0.015000
0 0.524219 0.189375 0.045312 0.016250
0 0.525000 0.176875 0.043750 0.016250
0 0.525391 0.164375 0.042969 0.016250
0 0.526172 0.153750 0.042969 0.015000
0 0.527734 0.142500 0.042969 0.015000
0 0.527344 0.128750 0.043750 0.017500
0 0.528125 0.116875 0.043750 0.016250
0 0.527734 0.105000 0.042969 0.017500
0 0.528125 0.093125 0.042188 0.016250
0 0.527734 0.080625 0.041406 0.018750
0 0.528516 0.068750 0.042969 0.017500
0 0.528516 0.057500 0.042969 0.015000
0 0.575391 0.242500 0.041406 0.017500
0 0.576172 0.230625 0.041406 0.016250
0 0.576172 0.218125 0.041406 0.016250
0 0.575000 0.205625 0.039062 0.018750
0 0.576172 0.193750 0.041406 0.017500
0 0.576562 0.181250 0.043750 0.017500
0 0.577734 0.170000 0.042969 0.017500
0 0.578125 0.159375 0.043750 0.018750
0 0.577734 0.147500 0.042969 0.017500
0 0.578516 0.136250 0.044531 0.017500
0 0.579297 0.124375 0.044531 0.018750
0 0.580078 0.111875 0.042969 0.018750
0 0.580078 0.100000 0.042969 0.017500
0 0.582031 0.088125 0.042188 0.016250
0 0.582031 0.075625 0.042188 0.016250
0 0.582031 0.061875 0.043750 0.018750
0 0.614844 0.280625 0.039062 0.016250
0 0.614062 0.268125 0.039062 0.013750
0 0.614844 0.256875 0.037500 0.013750
0 0.615625 0.245625 0.037500 0.013750
0 0.616016 0.233750 0.038281 0.015000
0 0.618750 0.221875 0.043750 0.013750
0 0.619531 0.209375 0.043750 0.013750
0 0.618750 0.196875 0.042188 0.013750
0 0.619922 0.187500 0.042969 0.015000
0 0.619922 0.175000 0.042969 0.017500
0 0.621094 0.162500 0.042188 0.015000
0 0.620703 0.150625 0.042969 0.013750
0 0.622266 0.139375 0.042969 0.013750
0 0.622656 0.126250 0.042188 0.015000
0 0.675781 0.225000 0.043750 0.015000
0 0.676562 0.213125 0.042188 0.013750
0 0.677344 0.202500 0.043750 0.015000
0 0.677344 0.191250 0.042188 0.015000
0 0.677734 0.181250 0.041406 0.017500
0 0.678516 0.168750 0.042969 0.015000
0 0.678516 0.158125 0.042969 0.016250
0 0.678906 0.145625 0.043750 0.018750
0 0.679297 0.134375 0.044531 0.018750
0 0.679297 0.123125 0.044531 0.016250
0 0.681641 0.109375 0.041406 0.018750
0 0.682813 0.099375 0.039062 0.016250
0 0.682813 0.086250 0.040625 0.017500
0 0.684375 0.073750 0.042188 0.017500
0 0.724609 0.301875 0.042969 0.018750
0 0.725391 0.290625 0.042969 0.013750
0 0.725000 0.279375 0.043750 0.016250
0 0.725781 0.265625 0.043750 0.018750
0 0.726953 0.255000 0.044531 0.015000
0 0.726562 0.241875 0.043750 0.016250
0 0.726953 0.230625 0.046094 0.016250
0 0.727734 0.220000 0.044531 0.015000
0 0.728125 0.208750 0.045312 0.017500
0 0.728516 0.196875 0.046094 0.016250
0 0.728906 0.185625 0.046875 0.016250
0 0.728906 0.172500 0.045312 0.015000
0 0.729688 0.160000 0.046875 0.017500
0 0.729688 0.147500 0.046875 0.015000
0 0.730078 0.136250 0.046094 0.015000
0 0.730469 0.125625 0.046875 0.013750
0 0.731250 0.114375 0.046875 0.013750
0 0.731641 0.102500 0.047656 0.015000
0 0.732031 0.091250 0.046875 0.015000
0 0.732031 0.076875 0.046875 0.016250
0 0.772266 0.307500 0.042969 0.020000
0 0.771875 0.296250 0.043750 0.017500
0 0.772266 0.285000 0.044531 0.017500
0 0.772656 0.272500 0.045312 0.017500
0 0.773047 0.261250 0.044531 0.017500
0 0.773438 0.248750 0.045312 0.017500
0 0.775000 0.237500 0.046875 0.015000
0 0.775391 0.226250 0.049219 0.017500
0 0.775391 0.213750 0.049219 0.017500
0 0.775781 0.201875 0.048438 0.016250
0 0.776172 0.190000 0.047656 0.017500
0 0.776172 0.178125 0.047656 0.016250
0 0.776172 0.166875 0.047656 0.018750
0 0.776953 0.154375 0.047656 0.018750
0 0.777344 0.142500 0.046875 0.017500
0 0.778125 0.130625 0.045312 0.016250
0 0.778125 0.118750 0.048438 0.017500
0 0.778906 0.106250 0.046875 0.015000
0 0.778516 0.094375 0.046094 0.016250
0 0.779297 0.078750 0.046094 0.020000
0 0.824609 0.289375 0.041406 0.016250
0 0.823438 0.278750 0.042188 0.017500
0 0.823828 0.266250 0.041406 0.017500
0 0.825000 0.252500 0.042188 0.017500
0 0.825781 0.241875 0.043750 0.018750
0 0.825781 0.229375 0.040625 0.021250
0 0.827734 0.217500 0.041406 0.017500
0 0.828906 0.205625 0.042188 0.018750
0 0.828125 0.193750 0.040625 0.017500
0 0.827344 0.181250 0.043750 0.020000
0 0.829688 0.170625 0.043750 0.018750
0 0.830078 0.158125 0.042969 0.021250
0 0.828906 0.146875 0.040625 0.018750
0 0.828906 0.136250 0.040625 0.017500
0 0.829688 0.122500 0.042188 0.015000
0 0.830469 0.110625 0.045312 0.016250
0 0.831641 0.100000 0.042969 0.012500
0 0.855469 0.193125 0.093750 0.228750
0 0.878516 0.283750 0.046094 0.020000
0 0.878125 0.271250 0.045312 0.017500
0 0.878906 0.260000 0.045312 0.017500
0 0.878516 0.248750 0.046094 0.020000
0 0.879297 0.236250 0.046094 0.017500
0 0.879687 0.225000 0.045312 0.020000
0 0.880469 0.213125 0.045312 0.018750
0 0.880469 0.200000 0.045312 0.017500
0 0.881641 0.188750 0.044531 0.020000
0 0.882812 0.177500 0.045312 0.020000
0 0.882812 0.165625 0.042188 0.016250
0 0.883984 0.153750 0.038281 0.017500
0 0.884766 0.140000 0.039844 0.017500
0 0.927734 0.300625 0.050781 0.016250
0 0.926172 0.290625 0.050781 0.016250
0 0.926562 0.278125 0.051562 0.016250
0 0.927344 0.265625 0.050000 0.016250
0 0.926953 0.253750 0.050781 0.017500
0 0.927734 0.241875 0.050781 0.016250
0 0.928125 0.230000 0.051562 0.017500
0 0.927734 0.218125 0.052344 0.016250
0 0.928516 0.206875 0.052344 0.016250
0 0.928906 0.193750 0.051562 0.017500
0 0.929688 0.181875 0.048438 0.016250
0 0.930859 0.170000 0.049219 0.015000
0 0.929688 0.159375 0.051562 0.013750
0 0.982422 0.320625 0.033594 0.016250
0 0.976172 0.308125 0.046094 0.018750
0 0.975781 0.295000 0.046875 0.015000
0 0.975781 0.283750 0.048438 0.015000
0 0.975781 0.272500 0.046875 0.015000
0 0.975781 0.260000 0.048438 0.015000
0 0.976562 0.248125 0.046875 0.013750
0 0.976172 0.235625 0.046094 0.016250
0 0.976562 0.223125 0.045312 0.016250
0 0.977344 0.211250 0.045312 0.017500
0 0.976953 0.199375 0.044531 0.016250
0 0.977344 0.186250 0.045312 0.017500
0 0.977344 0.174375 0.043750 0.016250
0 0.977734 0.163750 0.042969 0.015000
0 0.978516 0.151250 0.042969 0.015000
0 0.978516 0.139375 0.041406 0.013750
0 0.978516 0.128125 0.041406 0.013750
0 0.977734 0.115625 0.041406 0.013750
0 0.978906 0.103125 0.042188 0.013750
0 0.933984 0.148125 0.047656 0.016250
0 0.935937 0.135000 0.043750 0.015000
0 0.936719 0.124375 0.042188 0.011250
0 0.936719 0.113125 0.040625 0.013750
0 0.935547 0.100000 0.041406 0.017500
