0 0.971484 0.829167 0.055469 0.161111
0 0.858984 0.585417 0.086719 0.015278
0 0.825391 0.298611 0.025781 0.008333
0 0.848828 0.299306 0.024219 0.009722
0 0.871484 0.300694 0.024219 0.009722
0 0.904687 0.302083 0.023438 0.009722
0 0.920703 0.302778 0.010156 0.011111
0 0.874609 0.352778 0.024219 0.008333
0 0.851562 0.352778 0.023438 0.008333
0 0.828125 0.352083 0.025000 0.009722
0 0.907031 0.354167 0.023438 0.008333
0 0.922656 0.354167 0.012500 0.008333
0 0.829688 0.428472 0.026562 0.006944
0 0.853906 0.429167 0.023438 0.008333
0 0.875781 0.427778 0.023438 0.008333
0 0.912500 0.427778 0.023438 0.008333
0 0.928125 0.428472 0.010937 0.009722
