0 0.610677 0.649074 0.181771 0.087037
0 0.903125 0.628704 0.171875 0.087037
0 0.980208 0.713889 0.039583 0.057407
0 0.404948 0.573148 0.061979 0.037037
0 0.300260 0.590278 0.152604 0.058333
0 0.205469 0.561111 0.056771 0.037037
0 0.090365 0.619444 0.174479 0.144444
0 0.732812 0.505093 0.057292 0.026852
0 0.793750 0.518519 0.066667 0.035185
0 0.802604 0.433333 0.069792 0.022222
0 0.645833 0.475463 0.032292 0.013889
0 0.483594 0.368519 0.022396 0.011111
0 0.492188 0.462500 0.025000 0.015741
0 0.464323 0.459259 0.031771 0.012963
0 0.463542 0.370370 0.017708 0.011111
0 0.445052 0.368056 0.019271 0.012037
0 0.442188 0.408333 0.012500 0.011111
0 0.424740 0.370370 0.018229 0.012963
0 0.739844 0.251852 0.090104 0.042593
0 0.739062 0.152778 0.091667 0.044444
0 0.815104 0.115741 0.053125 0.046296
0 0.913802 0.089815 0.124479 0.061111
0 0.902344 0.214815 0.105729 0.042593
0 0.815365 0.225463 0.061979 0.045370
0 0.668750 0.191667 0.053125 0.027778
0 0.666406 0.147685 0.061979 0.023148
0 0.617708 0.175463 0.045833 0.026852
0 0.619271 0.209722 0.048958 0.023148
0 0.576562 0.208796 0.034375 0.019444
0 0.545052 0.225926 0.042188 0.018519
0 0.513542 0.236111 0.021875 0.014815
0 0.509896 0.296759 0.019792 0.015741
0 0.541406 0.291204 0.035937 0.013889
0 0.592708 0.281481 0.066667 0.014815
0 0.642708 0.073148 0.030208 0.025926
0 0.677083 0.052315 0.038542 0.032407
0 0.719271 0.035185 0.045833 0.038889
0 0.642448 0.023148 0.029687 0.027778
0 0.611719 0.014815 0.031771 0.029630
0 0.583333 0.043981 0.026042 0.030556
0 0.581510 0.118519 0.029687 0.033333
0 0.612500 0.089815 0.032292 0.033333
0 0.558854 0.136574 0.027083 0.019444
0 0.537240 0.142130 0.021354 0.021296
0 0.546875 0.076389 0.038542 0.028704
0 0.514583 0.093519 0.021875 0.024074
0 0.515365 0.152778 0.025521 0.025926
0 0.496354 0.231944 0.017708 0.013889
0 0.497135 0.266204 0.019271 0.012037
0 0.496875 0.303704 0.019792 0.016667
0 0.478385 0.304167 0.017188 0.015741
0 0.477344 0.249537 0.020313 0.017593
0 0.449740 0.248611 0.014063 0.010185
0 0.448437 0.279630 0.015625 0.012963
0 0.450521 0.307407 0.011458 0.012963
0 0.466146 0.307870 0.018750 0.012037
0 0.480469 0.120370 0.018229 0.020370
0 0.495833 0.098611 0.015625 0.021296
0 0.495052 0.133796 0.016146 0.013889
0 0.448958 0.132407 0.015625 0.016667
0 0.448958 0.193056 0.017708 0.013889
0 0.534635 0.030093 0.054688 0.019444
0 0.461979 0.254630 0.012500 0.011111
0 0.766667 0.014815 0.046875 0.029630
0 0.464323 0.186574 0.016146 0.015741
