0 0.929688 0.291667 0.090625 0.061111
0 0.929297 0.311806 0.082031 0.051389
0 0.928516 0.334722 0.091406 0.027778
0 0.932813 0.362500 0.076563 0.036111
0 0.950781 0.395139 0.064062 0.034722
0 0.948828 0.421528 0.060156 0.029167
0 0.950391 0.443750 0.060156 0.029167
0 0.952344 0.475000 0.064062 0.033333
0 0.951562 0.503472 0.064062 0.026389
0 0.871484 0.359028 0.075781 0.045833
0 0.874219 0.391667 0.089063 0.033333
0 0.877734 0.420833 0.082031 0.030556
0 0.877344 0.448611 0.085938 0.030556
0 0.876563 0.479167 0.089063 0.033333
0 0.875781 0.509722 0.089063 0.038889
0 0.767578 0.520139 0.107031 0.065278
0 0.591406 0.530556 0.093750 0.061111
