0 0.731250 0.553704 0.097917 0.068519
0 0.731250 0.762037 0.094792 0.070370
0 0.830990 0.682407 0.110937 0.070370
0 0.833594 0.551852 0.113021 0.053704
0 0.844792 0.424537 0.107292 0.067593
0 0.820833 0.158796 0.187500 0.106481
0 0.805469 0.182870 0.186979 0.089815
0 0.941406 0.408796 0.078646 0.039815
0 0.930990 0.525463 0.081771 0.041667
0 0.923698 0.633333 0.083854 0.064815
0 0.982031 0.614352 0.030729 0.039815
0 0.985938 0.512500 0.027083 0.036111
0 0.990885 0.410185 0.011979 0.040741
0 0.850260 0.059259 0.197396 0.112963
0 0.893490 0.094907 0.211979 0.095370
0 0.803125 0.281019 0.195833 0.045370
