0 0.140625 0.603472 0.078125 0.031944
0 0.085156 0.573611 0.043750 0.022222
0 0.086328 0.422917 0.050781 0.020833
0 0.075000 0.436111 0.028125 0.019444
0 0.074609 0.448611 0.027344 0.016667
0 0.073828 0.463889 0.027344 0.019444
0 0.074609 0.478472 0.027344 0.020833
0 0.074609 0.492361 0.027344 0.018056
0 0.075000 0.508333 0.028125 0.016667
0 0.076563 0.522222 0.026562 0.016667
0 0.069531 0.531250 0.010937 0.012500
0 0.059766 0.194444 0.010156 0.019444
0 0.086328 0.408333 0.050781 0.019444
0 0.049219 0.212500 0.009375 0.019444
0 0.081641 0.161806 0.013281 0.023611
0 0.069922 0.183333 0.010156 0.019444
0 0.094922 0.138889 0.016406 0.030556
0 0.150000 0.051389 0.021875 0.038889
0 0.174219 0.018750 0.026562 0.037500
