0 0.658594 0.145139 0.273438 0.115278
0 0.736328 0.204861 0.172656 0.087500
0 0.733594 0.237500 0.215625 0.069444
0 0.774219 0.545139 0.162500 0.076389
0 0.406641 0.631944 0.267969 0.136111
0 0.223047 0.513889 0.050781 0.050000
0 0.269531 0.515972 0.053125 0.054167
0 0.267578 0.388194 0.047656 0.048611
0 0.221875 0.392361 0.046875 0.037500
0 0.172266 0.395833 0.055469 0.036111
0 0.124219 0.397222 0.048438 0.038889
0 0.069922 0.411806 0.047656 0.040278
0 0.026172 0.413194 0.041406 0.043056
0 0.019922 0.322917 0.028906 0.029167
0 0.048047 0.324306 0.035156 0.026389
0 0.080078 0.322917 0.030469 0.023611
0 0.114453 0.323611 0.038281 0.025000
0 0.150781 0.318750 0.035937 0.020833
0 0.185547 0.315278 0.033594 0.027778
0 0.283984 0.319444 0.027344 0.027778
0 0.669141 0.065972 0.132031 0.123611
