0 0.804427 0.069444 0.127604 0.081481
0 0.693490 0.108796 0.102604 0.076852
0 0.603906 0.151389 0.075521 0.054630
0 0.538802 0.184259 0.058854 0.053704
0 0.483073 0.207870 0.054688 0.039815
0 0.678385 0.242130 0.058854 0.025000
0 0.682292 0.280093 0.062500 0.021296
0 0.681250 0.315741 0.065625 0.020370
0 0.197396 0.385648 0.393750 0.141667
0 0.779687 0.697222 0.129167 0.100000
0 0.675260 0.642130 0.083854 0.065741
0 0.596875 0.618519 0.081250 0.048148
0 0.521615 0.586111 0.071354 0.050000
0 0.534115 0.386574 0.060937 0.036111
0 0.479948 0.392130 0.047396 0.026852
