0 0.928125 0.736111 0.140625 0.155556
0 0.348047 0.754861 0.258594 0.134722
0 0.184766 0.754861 0.103906 0.079167
0 0.073828 0.797222 0.133594 0.122222
0 0.453906 0.154861 0.162500 0.073611
0 0.460156 0.193056 0.157812 0.061111
0 0.455469 0.227778 0.167187 0.063889
0 0.461328 0.263889 0.167969 0.036111
0 0.462109 0.284028 0.166406 0.059722
0 0.460156 0.315972 0.164062 0.059722
0 0.459375 0.345139 0.165625 0.059722
0 0.461328 0.372917 0.161719 0.051389
0 0.460547 0.407639 0.172656 0.059722
0 0.482812 0.441667 0.118750 0.050000
0 0.493750 0.475694 0.096875 0.048611
0 0.503516 0.506944 0.077344 0.041667
0 0.501172 0.539583 0.082031 0.043056
0 0.501172 0.576389 0.078906 0.030556
0 0.499609 0.606944 0.080469 0.044444
0 0.505859 0.636111 0.082031 0.044444
0 0.507812 0.675000 0.071875 0.027778
0 0.543750 0.604167 0.018750 0.025000
0 0.544141 0.574306 0.011719 0.031944
0 0.545703 0.547917 0.008594 0.020833
0 0.543750 0.522222 0.015625 0.030556
0 0.545312 0.493750 0.010937 0.034722
0 0.546094 0.467361 0.018750 0.031944
0 0.542188 0.438889 0.012500 0.030556
0 0.548047 0.421528 0.007031 0.020833
0 0.545312 0.395833 0.010937 0.027778
0 0.543359 0.366667 0.016406 0.030556
0 0.547266 0.340278 0.016406 0.030556
0 0.545312 0.315972 0.007812 0.029167
0 0.563672 0.609028 0.014844 0.020833
0 0.562891 0.473611 0.021094 0.022222
0 0.650781 0.543750 0.039062 0.015278
0 0.653125 0.552778 0.043750 0.011111
0 0.650781 0.563194 0.043750 0.009722
0 0.652734 0.571528 0.039844 0.006944
0 0.653516 0.582639 0.041406 0.015278
0 0.329688 0.418056 0.103125 0.030556
0 0.314453 0.390972 0.138281 0.034722
0 0.308984 0.361806 0.132031 0.043056
0 0.314453 0.331250 0.127344 0.040278
0 0.313281 0.302778 0.126562 0.044444
0 0.312891 0.273611 0.139844 0.055556
0 0.312109 0.251389 0.132031 0.047222
0 0.316797 0.221528 0.130469 0.062500
0 0.318750 0.195139 0.132812 0.054167
0 0.320703 0.170139 0.135156 0.062500
0 0.328516 0.143056 0.142969 0.055556
0 0.329297 0.123611 0.147656 0.058333
0 0.332813 0.091667 0.143750 0.052778
0 0.330859 0.072222 0.142969 0.061111
0 0.332813 0.044444 0.137500 0.063889
0 0.425000 0.097222 0.029687 0.047222
0 0.380859 0.021528 0.032031 0.034722
