0 0.492708 0.547222 0.161458 0.048148
0 0.496094 0.402315 0.161979 0.045370
0 0.319531 0.368981 0.186979 0.063889
0 0.313802 0.550000 0.183854 0.059259
0 0.483333 0.692130 0.167708 0.062037
0 0.818750 0.620370 0.110417 0.038889
0 0.898177 0.622685 0.048438 0.025000
0 0.894010 0.532407 0.106771 0.029630
0 0.909375 0.452315 0.084375 0.032407
0 0.933333 0.609722 0.019792 0.021296
0 0.117448 0.857870 0.202604 0.125000
0 0.207292 0.553704 0.056250 0.051852
0 0.121354 0.340278 0.236458 0.076852
0 0.264062 0.060648 0.140625 0.091667
0 0.389844 0.125463 0.132812 0.099074
0 0.508854 0.165278 0.113542 0.073148
0 0.643229 0.229630 0.113542 0.061111
0 0.636719 0.061111 0.150521 0.062963
0 0.735156 0.137500 0.071354 0.065741
0 0.739583 0.076389 0.064583 0.052778
0 0.807031 0.121759 0.075521 0.052778
0 0.803385 0.179167 0.076563 0.049074
0 0.864583 0.190741 0.044792 0.042593
0 0.908594 0.230556 0.049479 0.031481
0 0.949740 0.246296 0.035937 0.031481
0 0.911979 0.329167 0.054167 0.030556
0 0.833333 0.306019 0.100000 0.037963
0 0.950521 0.341667 0.034375 0.031481
0 0.902083 0.078704 0.029167 0.042593
0 0.867708 0.045370 0.042708 0.050000
0 0.926302 0.103704 0.028646 0.040741
0 0.951042 0.125000 0.023958 0.042593
0 0.954167 0.064352 0.025000 0.030556
0 0.902604 0.013426 0.028125 0.026852
0 0.954427 0.605093 0.023438 0.025000
0 0.619531 0.591667 0.088021 0.040741
0 0.326823 0.757407 0.210938 0.101852
0 0.983854 0.357870 0.030208 0.021296
0 0.981250 0.269907 0.036458 0.021296
0 0.976042 0.144444 0.026042 0.040741
0 0.994271 0.165278 0.011458 0.025000
0 0.977344 0.051852 0.024479 0.031481
0 0.994010 0.075463 0.011979 0.025000
0 0.954688 0.010648 0.021875 0.019444
