0 0.276302 0.449074 0.185938 0.072222
0 0.437500 0.456944 0.131250 0.047222
0 0.557552 0.458333 0.094271 0.044444
0 0.638802 0.465278 0.071354 0.036111
0 0.725000 0.463889 0.033333 0.033333
0 0.764583 0.469444 0.041667 0.031481
0 0.088021 0.441667 0.172917 0.081481
0 0.283073 0.888889 0.172396 0.129630
0 0.094271 0.948611 0.182292 0.097222
0 0.429427 0.819907 0.125521 0.100926
0 0.561458 0.760648 0.093750 0.076852
0 0.642188 0.730556 0.069792 0.050000
0 0.714844 0.703704 0.036979 0.044444
0 0.764062 0.684259 0.042708 0.040741
0 0.811458 0.667130 0.043750 0.041667
0 0.658854 0.206944 0.071875 0.063889
0 0.567708 0.155093 0.107292 0.082407
0 0.448437 0.099074 0.129167 0.101852
0 0.299219 0.039815 0.166146 0.079630
0 0.759115 0.048148 0.216146 0.096296
0 0.876823 0.142593 0.149479 0.074074
0 0.927083 0.209722 0.138542 0.058333
0 0.807552 0.272685 0.034896 0.034259
0 0.727604 0.237963 0.030208 0.044444
0 0.761458 0.263426 0.039583 0.041667
0 0.948698 0.324537 0.098437 0.054630
0 0.847656 0.299537 0.030729 0.030556
