0 0.953906 0.625000 0.076563 0.069444
0 0.734375 0.549306 0.026562 0.012500
0 0.735547 0.559028 0.028906 0.012500
0 0.735547 0.567361 0.025781 0.009722
0 0.735938 0.578472 0.026562 0.012500
0 0.736719 0.592361 0.025000 0.018056
0 0.059375 0.593056 0.112500 0.058333
0 0.056641 0.647917 0.111719 0.054167
0 0.058594 0.695139 0.114062 0.056944
0 0.175781 0.611111 0.070312 0.025000
0 0.179297 0.593750 0.077344 0.026389
0 0.176172 0.570833 0.066406 0.022222
0 0.176172 0.554861 0.071094 0.026389
0 0.177344 0.534722 0.068750 0.022222
0 0.176172 0.510417 0.072656 0.020833
0 0.177734 0.496528 0.071094 0.026389
0 0.178906 0.479167 0.068750 0.027778
0 0.177734 0.456944 0.067969 0.033333
0 0.176172 0.433333 0.063281 0.027778
0 0.180469 0.413889 0.067187 0.025000
0 0.180469 0.397917 0.068750 0.034722
0 0.180859 0.375000 0.067969 0.030556
0 0.179688 0.359722 0.071875 0.030556
0 0.181250 0.338889 0.073438 0.030556
0 0.179688 0.320139 0.065625 0.031944
0 0.183203 0.296528 0.069531 0.031944
0 0.235547 0.301389 0.033594 0.022222
0 0.233594 0.318056 0.039062 0.019444
0 0.232813 0.336111 0.035937 0.025000
0 0.229297 0.346528 0.039844 0.012500
0 0.244922 0.365972 0.069531 0.031944
0 0.247266 0.383333 0.064844 0.030556
0 0.244141 0.399306 0.066406 0.023611
0 0.246875 0.419444 0.064062 0.025000
0 0.246875 0.442361 0.064062 0.026389
0 0.244922 0.460417 0.064844 0.026389
0 0.241406 0.480556 0.056250 0.016667
0 0.245312 0.498611 0.064062 0.025000
0 0.244531 0.520139 0.064062 0.018056
0 0.244922 0.534028 0.063281 0.020833
0 0.244141 0.556250 0.060156 0.023611
0 0.244531 0.575694 0.059375 0.023611
0 0.243750 0.595139 0.059375 0.020833
0 0.242188 0.613889 0.062500 0.016667
0 0.289844 0.541667 0.040625 0.022222
0 0.289844 0.559722 0.040625 0.016667
0 0.291406 0.574306 0.039062 0.015278
0 0.291797 0.593750 0.039844 0.023611
0 0.294141 0.607639 0.035156 0.006944
0 0.447656 0.606250 0.076563 0.020833
0 0.521484 0.607639 0.060156 0.015278
0 0.517578 0.489583 0.063281 0.023611
0 0.445703 0.486111 0.082031 0.030556
0 0.364844 0.187500 0.039062 0.047222
0 0.314453 0.163194 0.039844 0.043056
0 0.270703 0.146528 0.060156 0.043056
0 0.226953 0.129167 0.050781 0.030556
0 0.175000 0.120833 0.053125 0.033333
0 0.169531 0.241667 0.070312 0.050000
0 0.169922 0.256944 0.061719 0.041667
0 0.164062 0.274306 0.064062 0.037500
0 0.163672 0.290972 0.057031 0.031944
0 0.135156 0.497222 0.012500 0.013889
0 0.135937 0.481944 0.014063 0.027778
0 0.137500 0.463194 0.015625 0.015278
0 0.135937 0.445833 0.017188 0.027778
0 0.137891 0.430556 0.017969 0.019444
0 0.137500 0.415278 0.015625 0.025000
0 0.139063 0.400694 0.015625 0.020833
0 0.138281 0.385417 0.017188 0.023611
0 0.142187 0.371528 0.012500 0.018056
0 0.139844 0.361806 0.010937 0.026389
0 0.141016 0.334028 0.016406 0.018056
0 0.143359 0.311806 0.010156 0.029167
0 0.133984 0.511111 0.011719 0.013889
0 0.136719 0.526389 0.014063 0.016667
0 0.136719 0.547917 0.014063 0.026389
0 0.135547 0.563889 0.016406 0.022222
0 0.135156 0.579861 0.012500 0.018056
