0 0.814063 0.640972 0.120313 0.062500
0 0.592187 0.333333 0.134375 0.044444
0 0.592578 0.363194 0.133594 0.037500
0 0.594922 0.392361 0.132031 0.043056
0 0.596875 0.417361 0.132812 0.037500
0 0.595313 0.445139 0.126562 0.031944
0 0.591016 0.475000 0.135156 0.027778
0 0.591797 0.506250 0.135156 0.034722
0 0.591406 0.531250 0.132812 0.031944
0 0.542578 0.563194 0.032031 0.026389
0 0.454297 0.649306 0.092969 0.043056
0 0.330078 0.658333 0.164844 0.047222
0 0.326953 0.620833 0.166406 0.036111
0 0.327734 0.591667 0.174219 0.041667
0 0.328906 0.564583 0.168750 0.048611
0 0.325000 0.534722 0.164062 0.041667
0 0.328906 0.499306 0.165625 0.043056
0 0.333594 0.470833 0.151562 0.044444
0 0.343359 0.438889 0.169531 0.061111
0 0.343359 0.397917 0.160156 0.065278
0 0.265234 0.268750 0.133594 0.045833
0 0.267188 0.300000 0.132812 0.047222
0 0.260156 0.329167 0.137500 0.072222
0 0.265625 0.349306 0.126562 0.054167
0 0.248047 0.377083 0.103906 0.048611
0 0.238672 0.395139 0.080469 0.034722
0 0.237109 0.418056 0.077344 0.041667
0 0.229297 0.448611 0.066406 0.022222
0 0.227344 0.476389 0.068750 0.030556
0 0.220312 0.506944 0.054688 0.027778
0 0.219531 0.532639 0.053125 0.020833
0 0.217188 0.559722 0.048438 0.033333
0 0.216406 0.584722 0.050000 0.019444
0 0.219922 0.605556 0.053906 0.033333
0 0.215625 0.629167 0.051562 0.030556
0 0.974609 0.622222 0.049219 0.033333
0 0.228125 0.029861 0.037500 0.040278
0 0.192578 0.056944 0.033594 0.036111
0 0.268750 0.008333 0.028125 0.016667
0 0.494922 0.408333 0.069531 0.030556
0 0.495312 0.429167 0.067187 0.025000
0 0.497266 0.450694 0.075781 0.023611
0 0.492188 0.473611 0.067187 0.027778
0 0.492969 0.490278 0.068750 0.027778
0 0.492578 0.515972 0.069531 0.023611
0 0.491797 0.536806 0.066406 0.031944
0 0.491016 0.560417 0.066406 0.020833
0 0.491016 0.578472 0.064844 0.026389
0 0.491016 0.599306 0.064844 0.020833
0 0.488672 0.620139 0.063281 0.023611
0 0.124219 0.040278 0.078125 0.077778
