0 0.145703 0.855729 0.217969 0.282292
0 0.302344 0.930729 0.135937 0.132292
0 0.260547 0.959896 0.085156 0.073958
0 0.148438 0.704688 0.293750 0.213542
0 0.378125 0.405729 0.075000 0.046875
0 0.330078 0.403646 0.049219 0.046875
0 0.450000 0.203646 0.076563 0.059375
0 0.514844 0.211458 0.073438 0.064583
0 0.511328 0.182292 0.066406 0.037500
0 0.616016 0.180729 0.111719 0.036458
0 0.621875 0.219792 0.098437 0.050000
0 0.742969 0.178646 0.121875 0.044792
0 0.383984 0.206250 0.057031 0.052083
0 0.325391 0.201563 0.052344 0.053125
0 0.297266 0.030208 0.082031 0.052083
0 0.225781 0.039062 0.087500 0.061458
0 0.969141 0.185417 0.055469 0.041667
