0 0.885156 0.877500 0.106250 0.110000
0 0.308203 0.695000 0.119531 0.052500
0 0.227734 0.692500 0.046094 0.047500
0 0.448437 0.613750 0.082812 0.035000
0 0.020703 0.956250 0.039844 0.087500
0 0.400781 0.289375 0.039062 0.018750
0 0.401562 0.278125 0.037500 0.016250
0 0.403516 0.268125 0.036719 0.016250
0 0.403516 0.255625 0.035156 0.018750
0 0.403125 0.245625 0.034375 0.016250
0 0.402734 0.235000 0.035156 0.017500
0 0.402344 0.222500 0.040625 0.012500
0 0.402344 0.212500 0.042188 0.017500
0 0.402344 0.203125 0.043750 0.018750
0 0.403906 0.190625 0.040625 0.018750
0 0.403516 0.178125 0.041406 0.018750
0 0.404687 0.166875 0.043750 0.018750
0 0.405859 0.156250 0.041406 0.017500
0 0.406250 0.140625 0.040625 0.026250
0 0.408594 0.123750 0.039062 0.015000
0 0.408984 0.112500 0.038281 0.015000
0 0.408984 0.101875 0.039844 0.013750
0 0.410547 0.091250 0.038281 0.015000
0 0.409766 0.079375 0.036719 0.013750
0 0.446094 0.227500 0.035937 0.015000
0 0.445312 0.216250 0.039062 0.015000
0 0.445312 0.205000 0.039062 0.015000
0 0.446094 0.195625 0.040625 0.016250
0 0.446094 0.181875 0.040625 0.016250
0 0.446875 0.172500 0.039062 0.017500
0 0.447656 0.161875 0.039062 0.016250
0 0.448047 0.151250 0.039844 0.017500
0 0.449219 0.138750 0.039062 0.017500
0 0.449219 0.129375 0.039062 0.016250
0 0.449609 0.119375 0.038281 0.018750
0 0.450391 0.101250 0.039844 0.027500
0 0.451172 0.086875 0.038281 0.016250
0 0.499219 0.221875 0.042188 0.016250
0 0.500391 0.211250 0.041406 0.020000
0 0.500000 0.199375 0.040625 0.018750
0 0.499609 0.187500 0.041406 0.017500
0 0.500000 0.176250 0.040625 0.015000
0 0.499609 0.165625 0.041406 0.013750
0 0.500781 0.154375 0.039062 0.016250
0 0.500391 0.143125 0.039844 0.013750
0 0.501563 0.131875 0.039062 0.013750
0 0.501172 0.121250 0.039844 0.015000
0 0.501172 0.110000 0.039844 0.015000
0 0.501172 0.098750 0.039844 0.015000
0 0.500781 0.086875 0.040625 0.016250
0 0.545312 0.269375 0.037500 0.016250
0 0.544531 0.258125 0.037500 0.016250
0 0.545312 0.245625 0.035937 0.016250
0 0.546094 0.235625 0.034375 0.013750
0 0.545312 0.225625 0.035937 0.013750
0 0.546875 0.214375 0.037500 0.016250
0 0.547266 0.205000 0.036719 0.015000
0 0.548438 0.193125 0.035937 0.018750
0 0.549219 0.181250 0.035937 0.015000
0 0.549219 0.170000 0.035937 0.012500
0 0.549219 0.159375 0.035937 0.013750
0 0.549219 0.148750 0.035937 0.015000
0 0.550391 0.139375 0.035156 0.013750
0 0.551172 0.128125 0.036719 0.016250
0 0.551562 0.116250 0.035937 0.015000
0 0.551172 0.103750 0.036719 0.015000
0 0.552344 0.091875 0.037500 0.016250
0 0.587891 0.229375 0.038281 0.016250
0 0.587500 0.217500 0.037500 0.015000
0 0.587500 0.206875 0.039062 0.016250
0 0.587891 0.196250 0.038281 0.015000
0 0.588672 0.184375 0.038281 0.013750
0 0.588672 0.173125 0.039844 0.016250
0 0.588672 0.163125 0.038281 0.013750
0 0.588672 0.152500 0.038281 0.015000
0 0.636328 0.277500 0.036719 0.015000
0 0.635547 0.265000 0.036719 0.015000
0 0.636719 0.254375 0.037500 0.013750
0 0.637500 0.243750 0.039062 0.015000
0 0.639062 0.233125 0.040625 0.018750
0 0.640625 0.223750 0.040625 0.015000
0 0.639844 0.213125 0.039062 0.013750
0 0.639844 0.201875 0.039062 0.018750
0 0.641016 0.191250 0.038281 0.017500
0 0.641016 0.180625 0.038281 0.016250
0 0.641406 0.168750 0.039062 0.015000
0 0.641797 0.157500 0.039844 0.012500
0 0.642188 0.147500 0.040625 0.015000
0 0.642578 0.136875 0.039844 0.013750
0 0.642578 0.125000 0.039844 0.015000
0 0.643359 0.114375 0.039844 0.013750
0 0.645703 0.103125 0.038281 0.013750
0 0.682813 0.303750 0.040625 0.015000
0 0.683203 0.291875 0.039844 0.016250
0 0.682813 0.279375 0.040625 0.013750
0 0.683984 0.268750 0.039844 0.015000
0 0.683984 0.258750 0.041406 0.015000
0 0.685156 0.248750 0.040625 0.017500
0 0.687109 0.239375 0.041406 0.021250
0 0.686328 0.228125 0.039844 0.016250
0 0.687500 0.216875 0.039062 0.016250
0 0.687500 0.206250 0.039062 0.017500
0 0.687891 0.193125 0.039844 0.016250
0 0.687891 0.182500 0.039844 0.017500
0 0.688672 0.173125 0.039844 0.013750
0 0.688672 0.162500 0.039844 0.015000
0 0.690234 0.151875 0.039844 0.016250
0 0.690234 0.141250 0.039844 0.015000
0 0.691016 0.130000 0.039844 0.015000
0 0.691797 0.119375 0.039844 0.016250
0 0.691406 0.108125 0.040625 0.016250
0 0.726172 0.308125 0.039844 0.016250
0 0.724609 0.299375 0.041406 0.016250
0 0.724219 0.287500 0.042188 0.015000
0 0.725391 0.276875 0.042969 0.016250
0 0.725781 0.266250 0.042188 0.017500
0 0.726562 0.254375 0.043750 0.016250
0 0.728516 0.243125 0.044531 0.016250
0 0.729297 0.232500 0.042969 0.015000
0 0.729688 0.222500 0.043750 0.015000
0 0.729297 0.210000 0.044531 0.015000
0 0.729688 0.198750 0.043750 0.012500
0 0.730078 0.188125 0.042969 0.013750
0 0.730859 0.176875 0.044531 0.018750
0 0.731250 0.166875 0.043750 0.016250
0 0.731641 0.156250 0.042969 0.017500
0 0.732812 0.145625 0.043750 0.016250
0 0.732812 0.133750 0.043750 0.015000
0 0.732812 0.123125 0.043750 0.016250
0 0.732422 0.110000 0.042969 0.017500
0 0.769531 0.323750 0.046875 0.017500
0 0.768750 0.311250 0.046875 0.015000
0 0.769922 0.301875 0.046094 0.013750
0 0.769531 0.291875 0.046875 0.018750
0 0.770312 0.278750 0.045312 0.015000
0 0.770312 0.269375 0.045312 0.016250
0 0.772266 0.258125 0.044531 0.018750
0 0.772266 0.246250 0.044531 0.015000
0 0.773047 0.235000 0.046094 0.017500
0 0.774609 0.225000 0.047656 0.015000
0 0.774609 0.214375 0.044531 0.016250
0 0.774609 0.202500 0.046094 0.015000
0 0.776563 0.193125 0.046875 0.013750
0 0.776172 0.182500 0.046094 0.017500
0 0.775000 0.170625 0.043750 0.016250
0 0.774609 0.158750 0.042969 0.015000
0 0.776172 0.149375 0.044531 0.016250
0 0.776953 0.138125 0.044531 0.016250
0 0.776563 0.126875 0.045312 0.011250
0 0.774609 0.115625 0.041406 0.016250
0 0.823438 0.329375 0.039062 0.016250
0 0.823438 0.316875 0.037500 0.013750
0 0.823047 0.306250 0.038281 0.015000
0 0.824219 0.294375 0.039062 0.016250
0 0.825000 0.284375 0.037500 0.013750
0 0.825391 0.273750 0.038281 0.015000
0 0.825781 0.263125 0.037500 0.016250
0 0.825000 0.251250 0.039062 0.015000
0 0.825391 0.240000 0.038281 0.017500
0 0.826172 0.230000 0.038281 0.017500
0 0.826953 0.220000 0.036719 0.017500
0 0.827734 0.209375 0.036719 0.018750
0 0.828516 0.198750 0.036719 0.017500
0 0.828906 0.187500 0.037500 0.017500
0 0.829297 0.176875 0.036719 0.013750
0 0.830078 0.165625 0.036719 0.013750
0 0.865625 0.333125 0.046875 0.016250
0 0.865234 0.321875 0.046094 0.016250
0 0.865625 0.310000 0.045312 0.017500
0 0.866406 0.301250 0.045312 0.012500
0 0.866406 0.290625 0.045312 0.018750
0 0.867188 0.278750 0.045312 0.017500
0 0.867188 0.267500 0.046875 0.017500
0 0.867188 0.256875 0.045312 0.016250
0 0.867188 0.245625 0.046875 0.013750
0 0.868359 0.236250 0.046094 0.015000
0 0.868359 0.225000 0.046094 0.015000
0 0.868750 0.215000 0.045312 0.015000
0 0.869531 0.204375 0.043750 0.016250
0 0.869531 0.193750 0.045312 0.015000
0 0.869531 0.183750 0.043750 0.015000
0 0.873047 0.171250 0.041406 0.017500
0 0.873047 0.160000 0.041406 0.015000
0 0.871875 0.150000 0.042188 0.012500
0 0.872656 0.138750 0.042188 0.012500
0 0.871875 0.128125 0.042188 0.016250
0 0.913672 0.338750 0.049219 0.015000
0 0.913672 0.327500 0.049219 0.015000
0 0.914062 0.317500 0.050000 0.015000
0 0.913672 0.307500 0.049219 0.015000
0 0.913281 0.297500 0.048438 0.017500
0 0.913281 0.285625 0.048438 0.013750
0 0.914062 0.274375 0.050000 0.016250
0 0.914453 0.263750 0.049219 0.015000
0 0.914453 0.252500 0.049219 0.015000
0 0.915234 0.242500 0.049219 0.015000
0 0.915625 0.231250 0.050000 0.015000
0 0.915625 0.220000 0.048438 0.015000
0 0.915625 0.208750 0.048438 0.015000
0 0.915625 0.198125 0.048438 0.016250
0 0.916016 0.187500 0.049219 0.017500
0 0.916797 0.175625 0.049219 0.016250
0 0.916406 0.165625 0.048438 0.013750
0 0.916797 0.155000 0.049219 0.012500
0 0.917578 0.145000 0.047656 0.015000
0 0.916797 0.133750 0.049219 0.017500
0 0.961328 0.343750 0.044531 0.015000
0 0.962891 0.332500 0.046094 0.017500
0 0.962891 0.312500 0.047656 0.020000
0 0.963281 0.301875 0.046875 0.018750
0 0.962500 0.323750 0.045312 0.015000
0 0.963672 0.289375 0.050781 0.016250
0 0.964844 0.278750 0.050000 0.015000
0 0.964844 0.267500 0.050000 0.015000
0 0.965234 0.256875 0.050781 0.016250
0 0.966016 0.246250 0.050781 0.015000
0 0.966406 0.236250 0.051562 0.015000
0 0.966406 0.225625 0.051562 0.013750
0 0.966406 0.216250 0.051562 0.017500
0 0.966797 0.204375 0.052344 0.016250
0 0.966797 0.195625 0.050781 0.013750
0 0.966797 0.185625 0.050781 0.016250
0 0.966797 0.173750 0.052344 0.017500
0 0.967969 0.163125 0.053125 0.016250
0 0.968359 0.151875 0.055469 0.018750
0 0.967969 0.140000 0.054688 0.017500
