0 0.765365 0.660185 0.065104 0.048148
0 0.819010 0.687037 0.043229 0.042593
0 0.888542 0.852315 0.137500 0.080556
0 0.532292 0.637963 0.084375 0.033333
0 0.579688 0.574074 0.011458 0.125926
0 0.472396 0.630556 0.034375 0.025926
0 0.415885 0.650000 0.076563 0.050000
0 0.295312 0.693519 0.132292 0.066667
0 0.299219 0.525000 0.118229 0.029630
0 0.415885 0.522685 0.083854 0.032407
0 0.478125 0.519444 0.040625 0.025926
0 0.483333 0.396296 0.052083 0.031481
0 0.387760 0.385185 0.149479 0.033333
0 0.514323 0.173611 0.107813 0.187963
0 0.418490 0.184259 0.083854 0.072222
0 0.306771 0.148148 0.136458 0.079630
0 0.079687 0.041204 0.153125 0.078704
0 0.423958 0.030093 0.083333 0.056481
0 0.982812 0.684259 0.034375 0.033333
0 0.602083 0.503704 0.055208 0.018519
0 0.607292 0.518519 0.044792 0.012963
0 0.602865 0.528704 0.046354 0.011111
0 0.603385 0.541667 0.048438 0.014815
0 0.603385 0.555556 0.047396 0.012963
0 0.603646 0.568519 0.047917 0.011111
