0 0.749609 0.639583 0.125781 0.037500
0 0.966406 0.364583 0.050000 0.076389
0 0.899219 0.418056 0.028125 0.041667
0 0.994922 0.333333 0.010156 0.047222
0 0.957812 0.059028 0.082812 0.106944
0 0.930859 0.139583 0.080469 0.081944
0 0.908594 0.203472 0.067187 0.065278
0 0.476953 0.526389 0.060156 0.038889
0 0.387891 0.519444 0.119531 0.058333
0 0.237109 0.506250 0.180469 0.087500
0 0.073438 0.494444 0.146875 0.105556
0 0.542578 0.527083 0.071094 0.034722
0 0.527344 0.204167 0.039062 0.086111
0 0.473828 0.135417 0.067969 0.101389
0 0.557813 0.248611 0.031250 0.052778
0 0.956641 0.691667 0.053906 0.066667
0 0.990234 0.720139 0.019531 0.056944
0 0.917969 0.662500 0.028125 0.044444
0 0.894922 0.638889 0.019531 0.041667
