0 0.442578 0.632639 0.067969 0.051389
0 0.382031 0.622222 0.084375 0.036111
0 0.453516 0.450694 0.086719 0.029167
0 0.617188 0.738889 0.264062 0.113889
0 0.753906 0.703472 0.084375 0.093056
0 0.856250 0.609028 0.048438 0.062500
0 0.908594 0.618056 0.076563 0.055556
0 0.969922 0.655556 0.058594 0.066667
0 0.092969 0.813889 0.184375 0.150000
0 0.155078 0.739583 0.067969 0.065278
0 0.202734 0.680556 0.077344 0.069444
0 0.251953 0.230556 0.072656 0.055556
0 0.214453 0.244444 0.066406 0.072222
0 0.188281 0.262500 0.076563 0.077778
0 0.308594 0.037500 0.057813 0.063889
0 0.289453 0.197917 0.044531 0.037500
0 0.342969 0.181250 0.054688 0.037500
0 0.391016 0.178472 0.060156 0.034722
0 0.465625 0.172222 0.060937 0.044444
0 0.527344 0.167361 0.059375 0.037500
0 0.587500 0.175000 0.060937 0.058333
0 0.666797 0.181250 0.057031 0.068056
0 0.729688 0.183333 0.060937 0.047222
0 0.779687 0.190972 0.062500 0.059722
0 0.837891 0.200000 0.050781 0.050000
0 0.887109 0.208333 0.042969 0.044444
0 0.926172 0.218056 0.035156 0.041667
0 0.942187 0.331944 0.050000 0.044444
0 0.356250 0.038194 0.057813 0.065278
0 0.529297 0.290278 0.069531 0.044444
0 0.335938 0.304861 0.050000 0.040278
