0 0.153125 0.444271 0.093750 0.028125
0 0.092969 0.367188 0.043750 0.017708
0 0.039844 0.383333 0.079687 0.025000
0 0.602344 0.018750 0.085938 0.037500
0 0.526953 0.041667 0.058594 0.052083
0 0.483984 0.061979 0.038281 0.040625
0 0.450781 0.078125 0.032813 0.039583
0 0.418359 0.091146 0.035156 0.036458
0 0.391406 0.104688 0.025000 0.028125
0 0.389453 0.039062 0.028906 0.030208
0 0.350000 0.122917 0.023438 0.020833
0 0.226953 0.478125 0.085156 0.045833
0 0.319531 0.135937 0.025000 0.021875
0 0.305078 0.058333 0.046094 0.018750
0 0.325000 0.095833 0.034375 0.020833
