0 0.330469 0.118750 0.243750 0.237500
0 0.153906 0.024306 0.114062 0.048611
0 0.930859 0.023611 0.017969 0.044444
0 0.923828 0.070833 0.028906 0.052778
0 0.666797 0.423611 0.016406 0.044444
0 0.682422 0.445833 0.014844 0.036111
0 0.694531 0.459722 0.010937 0.030556
0 0.712500 0.337500 0.015625 0.033333
0 0.669922 0.190972 0.016406 0.065278
0 0.301953 0.912500 0.246094 0.172222
0 0.481641 0.811806 0.110156 0.140278
0 0.569531 0.738889 0.070312 0.097222
0 0.624609 0.704167 0.044531 0.069444
0 0.657422 0.670833 0.019531 0.041667
0 0.863672 0.648611 0.036719 0.041667
0 0.782422 0.586806 0.027344 0.015278
0 0.689453 0.639583 0.013281 0.029167
0 0.675391 0.654167 0.016406 0.027778
0 0.697656 0.282639 0.014063 0.031944
0 0.698438 0.315972 0.015625 0.037500
0 0.721094 0.370833 0.010937 0.025000
0 0.636719 0.133333 0.051562 0.100000
0 0.604297 0.043056 0.050781 0.086111
0 0.693750 0.090972 0.020313 0.051389
0 0.700781 0.134722 0.026562 0.047222
0 0.781250 0.263194 0.028125 0.009722
0 0.781250 0.272917 0.028125 0.009722
0 0.780859 0.255556 0.028906 0.008333
0 0.780078 0.247917 0.028906 0.009722
0 0.780078 0.240972 0.028906 0.009722
0 0.779687 0.231250 0.028125 0.009722
0 0.779687 0.222917 0.028125 0.009722
0 0.779297 0.214583 0.028906 0.009722
0 0.778906 0.205556 0.028125 0.008333
0 0.778906 0.198611 0.028125 0.011111
0 0.778516 0.190972 0.028906 0.009722
0 0.778125 0.184722 0.028125 0.011111
0 0.778125 0.175694 0.028125 0.009722
0 0.806250 0.177778 0.028125 0.008333
0 0.807031 0.186806 0.028125 0.009722
0 0.806641 0.196528 0.027344 0.009722
0 0.807422 0.205556 0.030469 0.008333
0 0.807813 0.212500 0.029687 0.008333
0 0.808594 0.220833 0.029687 0.008333
0 0.808984 0.229167 0.028906 0.008333
0 0.809375 0.237500 0.029687 0.008333
0 0.810156 0.246528 0.029687 0.009722
0 0.810547 0.254861 0.030469 0.009722
0 0.810937 0.261806 0.029687 0.009722
0 0.811328 0.270833 0.032031 0.011111
0 0.850391 0.291667 0.016406 0.008333
0 0.853125 0.283333 0.020313 0.008333
0 0.854688 0.274306 0.023438 0.006944
0 0.854688 0.266667 0.023438 0.008333
0 0.854688 0.259722 0.026562 0.008333
0 0.853516 0.250694 0.024219 0.009722
0 0.852734 0.243750 0.022656 0.009722
0 0.851953 0.234028 0.024219 0.009722
0 0.852344 0.225694 0.025000 0.009722
0 0.851953 0.216667 0.025781 0.011111
0 0.850391 0.207639 0.024219 0.009722
0 0.850391 0.199306 0.024219 0.009722
0 0.857422 0.097222 0.010156 0.033333
0 0.845313 0.015278 0.010937 0.030556
0 0.866406 0.192361 0.007812 0.023611
0 0.847266 0.299306 0.008594 0.009722
0 0.850000 0.193056 0.025000 0.008333
0 0.849609 0.184722 0.024219 0.008333
