0 0.031510 0.281019 0.057813 0.021296
0 0.879948 0.221296 0.205729 0.122222
0 0.855990 0.331481 0.148438 0.042593
0 0.859115 0.361111 0.161979 0.029630
0 0.810677 0.390278 0.092188 0.037963
0 0.927083 0.385648 0.145833 0.045370
0 0.928125 0.423148 0.143750 0.051852
0 0.920052 0.462963 0.159896 0.057407
0 0.918490 0.494444 0.163021 0.053704
0 0.917969 0.529630 0.164062 0.072222
0 0.919271 0.559722 0.161458 0.069444
0 0.920312 0.597222 0.159375 0.079630
0 0.920573 0.631019 0.158854 0.080556
0 0.917708 0.667593 0.164583 0.090741
0 0.807292 0.419444 0.100000 0.033333
0 0.801823 0.441204 0.094271 0.045370
0 0.794010 0.503704 0.088021 0.040741
0 0.795573 0.528241 0.086979 0.047222
0 0.796354 0.556481 0.087500 0.048148
0 0.794010 0.473611 0.089063 0.041667
0 0.794792 0.583333 0.092708 0.051852
0 0.797135 0.613889 0.088021 0.059259
0 0.257552 0.113889 0.036979 0.027778
0 0.275521 0.268981 0.080208 0.032407
0 0.532292 0.401389 0.470833 0.104630
0 0.158073 0.381019 0.124479 0.032407
