0 0.765234 0.547222 0.194531 0.100000
0 0.686328 0.150000 0.211719 0.116667
0 0.742188 0.195139 0.157812 0.093056
0 0.750391 0.238194 0.178906 0.059722
0 0.423047 0.622917 0.285156 0.151389
0 0.117578 0.402083 0.057031 0.037500
0 0.068359 0.404861 0.047656 0.051389
0 0.025391 0.413194 0.047656 0.034722
0 0.018359 0.330556 0.032031 0.033333
0 0.049609 0.320833 0.038281 0.030556
0 0.083203 0.321528 0.035156 0.031944
0 0.115625 0.315278 0.031250 0.030556
0 0.150781 0.311111 0.043750 0.025000
0 0.184766 0.313889 0.039844 0.030556
0 0.219922 0.391667 0.046094 0.038889
0 0.170703 0.400000 0.050781 0.036111
0 0.271094 0.388889 0.053125 0.030556
0 0.267578 0.504167 0.046094 0.041667
0 0.212109 0.513194 0.074219 0.051389
0 0.990625 0.493750 0.015625 0.051389
0 0.984766 0.055556 0.030469 0.083333
0 0.980859 0.129167 0.032031 0.077778
0 0.670703 0.061806 0.136719 0.115278
