0 0.911719 0.654861 0.071875 0.054167
0 0.967187 0.681250 0.065625 0.073611
0 0.775000 0.520139 0.048438 0.015278
0 0.775391 0.532639 0.047656 0.015278
0 0.771875 0.547222 0.053125 0.016667
0 0.773828 0.563194 0.050781 0.018056
0 0.773438 0.503472 0.050000 0.018056
0 0.774219 0.580556 0.050000 0.016667
0 0.687891 0.557639 0.032031 0.165278
0 0.617188 0.634722 0.128125 0.052778
0 0.522266 0.630556 0.060156 0.038889
0 0.409766 0.645139 0.167969 0.040278
0 0.222266 0.654167 0.166406 0.047222
0 0.219531 0.448611 0.170313 0.044444
0 0.400391 0.467361 0.189844 0.043056
0 0.405859 0.286806 0.169531 0.065278
0 0.532813 0.313889 0.084375 0.055556
0 0.527734 0.472917 0.067969 0.043056
0 0.577734 0.130556 0.164844 0.077778
0 0.408984 0.040972 0.133594 0.073611
0 0.267578 0.017361 0.146094 0.034722
