0 0.258203 0.607639 0.199219 0.073611
0 0.262500 0.654167 0.198437 0.047222
0 0.260156 0.700694 0.195312 0.068056
0 0.105859 0.556250 0.152344 0.048611
0 0.105859 0.600694 0.157031 0.059722
0 0.100781 0.643750 0.151562 0.051389
0 0.097266 0.689583 0.144531 0.068056
0 0.101172 0.134028 0.047656 0.045833
0 0.400391 0.139583 0.049219 0.031944
0 0.458203 0.146528 0.052344 0.031944
0 0.507031 0.152778 0.043750 0.036111
0 0.552344 0.168056 0.042188 0.027778
0 0.603906 0.190278 0.043750 0.041667
0 0.032031 0.083333 0.054688 0.125000
0 0.036719 0.043750 0.068750 0.084722
0 0.031250 0.136806 0.056250 0.109722
0 0.025781 0.163889 0.051562 0.113889
0 0.024219 0.206944 0.045312 0.102778
0 0.019531 0.722917 0.029687 0.073611
0 0.019531 0.677778 0.037500 0.086111
0 0.019141 0.623611 0.033594 0.075000
0 0.018359 0.571528 0.032031 0.068056
0 0.016016 0.509028 0.030469 0.056944
0 0.016016 0.457639 0.030469 0.068056
0 0.016797 0.411806 0.030469 0.073611
0 0.017969 0.363889 0.032813 0.091667
0 0.019141 0.312500 0.035156 0.094444
0 0.021094 0.268750 0.037500 0.087500
0 0.420312 0.623611 0.079687 0.019444
0 0.423438 0.600694 0.081250 0.034722
0 0.422266 0.583333 0.075781 0.022222
0 0.423438 0.565278 0.081250 0.025000
0 0.421094 0.543750 0.085938 0.023611
0 0.421484 0.527778 0.080469 0.025000
0 0.421094 0.502083 0.076563 0.020833
0 0.425391 0.485417 0.077344 0.031944
0 0.422656 0.465278 0.079687 0.030556
0 0.422266 0.448611 0.074219 0.027778
0 0.421875 0.425694 0.082812 0.031944
0 0.424609 0.406250 0.071094 0.026389
0 0.423828 0.386111 0.074219 0.025000
0 0.424219 0.368056 0.071875 0.030556
0 0.421875 0.353472 0.068750 0.045833
0 0.423828 0.331250 0.074219 0.029167
0 0.419922 0.315278 0.071094 0.041667
0 0.480859 0.311111 0.044531 0.033333
0 0.479297 0.327083 0.044531 0.020833
0 0.481641 0.343056 0.042969 0.019444
0 0.476953 0.358333 0.044531 0.008333
0 0.496484 0.375000 0.074219 0.022222
0 0.494922 0.390972 0.066406 0.029167
0 0.498047 0.411111 0.067969 0.016667
0 0.498437 0.430556 0.070312 0.025000
0 0.496094 0.452083 0.071875 0.020833
0 0.494922 0.470139 0.069531 0.020833
0 0.497656 0.488194 0.064062 0.018056
0 0.495703 0.504861 0.063281 0.026389
0 0.494922 0.524306 0.064844 0.023611
0 0.494141 0.543056 0.067969 0.025000
0 0.494141 0.563889 0.066406 0.022222
0 0.496875 0.581944 0.071875 0.025000
0 0.493359 0.604167 0.074219 0.019444
0 0.491406 0.622917 0.068750 0.020833
0 0.545703 0.548611 0.039844 0.022222
0 0.546094 0.564583 0.040625 0.012500
0 0.544922 0.579167 0.042969 0.016667
0 0.545312 0.596528 0.039062 0.020833
0 0.542969 0.618750 0.043750 0.023611
0 0.700000 0.606250 0.085938 0.026389
0 0.700000 0.479167 0.078125 0.022222
0 0.405469 0.250694 0.067187 0.048611
0 0.406250 0.271528 0.067187 0.045833
0 0.407422 0.284028 0.069531 0.048611
0 0.406250 0.302778 0.067187 0.041667
0 0.380469 0.319444 0.018750 0.027778
0 0.381250 0.334028 0.012500 0.020833
0 0.379688 0.350000 0.014063 0.025000
0 0.379297 0.363889 0.019531 0.033333
0 0.379297 0.380556 0.017969 0.027778
0 0.378516 0.397917 0.014844 0.031944
0 0.377344 0.414583 0.015625 0.023611
0 0.379688 0.429167 0.018750 0.025000
0 0.377344 0.443750 0.020313 0.031944
0 0.378125 0.457639 0.017188 0.026389
0 0.375391 0.478472 0.013281 0.023611
0 0.376563 0.494444 0.015625 0.025000
0 0.378125 0.508333 0.018750 0.022222
0 0.376172 0.523611 0.016406 0.016667
0 0.374219 0.540278 0.018750 0.016667
0 0.375781 0.555556 0.020313 0.013889
0 0.377344 0.576389 0.017188 0.019444
0 0.376172 0.591667 0.014844 0.025000
0 0.376563 0.611111 0.015625 0.019444
