0 0.447656 0.705556 0.106250 0.094444
0 0.286328 0.749306 0.280469 0.129167
0 0.067578 0.181250 0.128906 0.095833
0 0.160938 0.254167 0.090625 0.083333
0 0.148828 0.388194 0.069531 0.040278
0 0.142578 0.495139 0.058594 0.029167
0 0.079297 0.490278 0.077344 0.030556
0 0.081641 0.363889 0.069531 0.052778
0 0.019922 0.343056 0.035156 0.041667
0 0.017188 0.476389 0.029687 0.027778
0 0.078516 0.609722 0.075781 0.041667
0 0.149609 0.068056 0.096094 0.075000
0 0.100781 0.033333 0.107813 0.061111
0 0.198047 0.107639 0.099219 0.076389
0 0.819141 0.652778 0.132031 0.055556
0 0.923828 0.670139 0.130469 0.079167
0 0.724219 0.601389 0.053125 0.030556
0 0.765625 0.595139 0.031250 0.018056
0 0.691406 0.600694 0.026562 0.040278
0 0.639453 0.631944 0.071094 0.044444
0 0.560547 0.625694 0.052344 0.040278
0 0.509375 0.624306 0.059375 0.040278
0 0.452734 0.377778 0.033594 0.044444
0 0.481641 0.377083 0.038281 0.037500
0 0.505859 0.375694 0.033594 0.043056
0 0.546094 0.375000 0.035937 0.041667
0 0.577344 0.374306 0.029687 0.037500
0 0.610156 0.370139 0.032813 0.040278
0 0.646094 0.370139 0.031250 0.029167
0 0.674609 0.369444 0.024219 0.030556
0 0.701562 0.370139 0.029687 0.023611
0 0.737109 0.371528 0.027344 0.026389
0 0.770312 0.368750 0.031250 0.026389
0 0.796094 0.372222 0.021875 0.022222
0 0.825391 0.373611 0.030469 0.027778
0 0.851953 0.376389 0.025781 0.033333
0 0.879297 0.379167 0.027344 0.027778
0 0.874219 0.273611 0.040625 0.038889
0 0.789844 0.266667 0.031250 0.047222
0 0.758203 0.263889 0.028906 0.038889
0 0.733594 0.259722 0.026562 0.044444
0 0.703125 0.268750 0.029687 0.054167
0 0.671875 0.263194 0.026562 0.051389
0 0.640625 0.261111 0.029687 0.052778
0 0.608203 0.264583 0.025781 0.054167
0 0.580469 0.271528 0.020313 0.051389
0 0.543750 0.264583 0.029687 0.048611
0 0.926172 0.431944 0.022656 0.016667
0 0.934375 0.286806 0.020313 0.037500
0 0.575000 0.426389 0.032813 0.022222
0 0.674219 0.426389 0.028125 0.022222
0 0.982031 0.338889 0.028125 0.019444
0 0.980078 0.347917 0.027344 0.018056
