0 0.844922 0.609028 0.091406 0.040278
0 0.671875 0.695139 0.157812 0.087500
0 0.533984 0.689583 0.119531 0.068056
0 0.408203 0.681250 0.133594 0.095833
0 0.267188 0.672222 0.131250 0.072222
0 0.155469 0.613889 0.079687 0.050000
0 0.150000 0.502083 0.093750 0.034722
0 0.146875 0.383333 0.101562 0.038889
0 0.048047 0.486806 0.085156 0.034722
0 0.044531 0.526389 0.078125 0.052778
0 0.058594 0.193056 0.109375 0.133333
0 0.203516 0.240972 0.077344 0.056944
0 0.204297 0.216667 0.071094 0.052778
0 0.326953 0.316667 0.157031 0.072222
0 0.495312 0.338889 0.050000 0.052778
0 0.533984 0.329861 0.052344 0.054167
0 0.572266 0.318056 0.035156 0.036111
0 0.606641 0.184028 0.042969 0.048611
0 0.646875 0.178472 0.039062 0.045833
0 0.686719 0.174306 0.045312 0.048611
0 0.723828 0.170833 0.038281 0.052778
0 0.758984 0.169444 0.032031 0.066667
0 0.799609 0.170833 0.027344 0.052778
0 0.835547 0.170139 0.028906 0.062500
0 0.866797 0.172917 0.030469 0.056944
0 0.905078 0.167361 0.042969 0.051389
0 0.989062 0.175000 0.020313 0.036111
0 0.983203 0.302083 0.024219 0.018056
0 0.953906 0.298611 0.028125 0.025000
0 0.917578 0.304861 0.032031 0.037500
0 0.886719 0.300000 0.035937 0.038889
0 0.849609 0.302083 0.038281 0.043056
0 0.804688 0.303472 0.034375 0.043056
0 0.772266 0.306944 0.035156 0.047222
0 0.737109 0.302778 0.030469 0.038889
0 0.774609 0.375694 0.036719 0.020833
0 0.965234 0.793750 0.063281 0.151389
0 0.987500 0.627083 0.025000 0.043056
0 0.980859 0.574306 0.028906 0.031944
0 0.957422 0.575000 0.028906 0.030556
0 0.794922 0.604167 0.025781 0.047222
