0 0.315234 0.635417 0.255469 0.115278
0 0.337891 0.247222 0.107031 0.050000
0 0.300000 0.309028 0.156250 0.068056
0 0.235156 0.278472 0.095312 0.073611
0 0.342578 0.065972 0.105469 0.109722
0 0.255078 0.088889 0.108594 0.125000
0 0.183984 0.118750 0.111719 0.120833
0 0.116797 0.145833 0.116406 0.102778
0 0.142969 0.402778 0.142187 0.055556
0 0.141016 0.650694 0.117969 0.054167
0 0.056641 0.434722 0.058594 0.083333
0 0.017578 0.491667 0.028906 0.036111
0 0.024219 0.634028 0.043750 0.087500
0 0.610156 0.047222 0.168750 0.086111
