0 0.571875 0.822917 0.212500 0.268056
0 0.717969 0.718056 0.081250 0.202778
0 0.195312 0.594444 0.384375 0.797222
0 0.603906 0.406944 0.301563 0.119444
0 0.770703 0.402778 0.061719 0.102778
0 0.834766 0.407639 0.064844 0.034722
0 0.783594 0.601389 0.056250 0.116667
0 0.812891 0.559028 0.035156 0.079167
0 0.837109 0.520139 0.028906 0.059722
0 0.856250 0.496528 0.021875 0.048611
0 0.870313 0.473611 0.017188 0.050000
0 0.714453 0.113889 0.183594 0.108333
0 0.819141 0.168750 0.033594 0.079167
0 0.842578 0.215972 0.019531 0.076389
0 0.960938 0.074306 0.014063 0.056944
0 0.989453 0.032639 0.014844 0.059722
