0 0.463672 0.611806 0.117969 0.129167
0 0.561719 0.532639 0.131250 0.081944
0 0.632422 0.518750 0.035156 0.045833
0 0.273438 0.340278 0.167187 0.091667
0 0.096484 0.353472 0.178906 0.109722
0 0.432812 0.345139 0.121875 0.065278
0 0.537109 0.351389 0.096094 0.061111
0 0.612500 0.362500 0.064062 0.038889
0 0.962109 0.455556 0.072656 0.027778
0 0.961719 0.413194 0.065625 0.029167
0 0.958203 0.371528 0.067969 0.026389
0 0.956641 0.329861 0.064844 0.034722
0 0.912891 0.331250 0.025781 0.015278
0 0.912109 0.360417 0.027344 0.023611
0 0.905078 0.145833 0.049219 0.027778
0 0.912500 0.172917 0.057813 0.018056
0 0.912891 0.204167 0.055469 0.025000
0 0.917188 0.243056 0.057813 0.016667
0 0.922266 0.273611 0.053906 0.022222
0 0.916016 0.308333 0.033594 0.016667
0 0.985938 0.186806 0.028125 0.026389
0 0.985547 0.227083 0.028906 0.034722
0 0.989844 0.248611 0.017188 0.027778
0 0.991016 0.295139 0.011719 0.026389
0 0.995703 0.338194 0.007031 0.023611
0 0.503125 0.070139 0.207813 0.140278
0 0.597656 0.025000 0.067187 0.038889
