0 0.670312 0.737500 0.090625 0.063889
0 0.771094 0.734259 0.133854 0.083333
0 0.882552 0.725000 0.100521 0.061111
0 0.604948 0.364352 0.149479 0.065741
0 0.495052 0.343056 0.093229 0.037963
0 0.491406 0.312500 0.088021 0.032407
0 0.477604 0.470370 0.066667 0.038889
0 0.548177 0.475926 0.076563 0.033333
0 0.551302 0.567593 0.065104 0.050000
0 0.478906 0.581944 0.080729 0.043519
0 0.481510 0.158796 0.103646 0.087963
0 0.448698 0.131019 0.080729 0.067593
0 0.525260 0.186574 0.085938 0.062037
0 0.564063 0.204167 0.075000 0.058333
0 0.592969 0.224537 0.074479 0.043519
0 0.635156 0.237500 0.046354 0.049074
0 0.720573 0.321759 0.043229 0.037963
0 0.774479 0.318519 0.063542 0.048148
0 0.813542 0.306019 0.046875 0.049074
0 0.863802 0.283333 0.051562 0.046296
0 0.911979 0.266204 0.065625 0.056481
0 0.965365 0.264352 0.046354 0.041667
0 0.921875 0.357407 0.040625 0.031481
0 0.911719 0.120833 0.067187 0.073148
0 0.962760 0.092130 0.064062 0.078704
0 0.860156 0.142593 0.071354 0.064815
