0 0.741016 0.848125 0.263281 0.158750
0 0.887500 0.740625 0.210938 0.116250
0 0.950781 0.741250 0.098437 0.075000
0 0.951953 0.805625 0.088281 0.093750
0 0.949219 0.857500 0.096875 0.115000
0 0.948438 0.920000 0.103125 0.117500
0 0.847656 0.853750 0.125000 0.105000
0 0.846094 0.796875 0.128125 0.101250
0 0.089063 0.830625 0.176563 0.153750
0 0.811719 0.650000 0.168750 0.067500
0 0.366016 0.546875 0.064844 0.013750
0 0.366016 0.558125 0.064844 0.008750
0 0.364453 0.568125 0.060156 0.011250
0 0.364844 0.578125 0.060937 0.008750
0 0.362500 0.589375 0.059375 0.013750
0 0.042578 0.025000 0.074219 0.037500
0 0.037500 0.055000 0.068750 0.090000
0 0.035937 0.096250 0.065625 0.065000
0 0.030859 0.123750 0.049219 0.055000
0 0.027734 0.159375 0.049219 0.051250
0 0.028906 0.196875 0.053125 0.073750
0 0.028906 0.230000 0.050000 0.050000
0 0.028906 0.265000 0.042188 0.047500
0 0.023438 0.296875 0.043750 0.038750
0 0.024609 0.340625 0.044531 0.048750
0 0.022656 0.368125 0.043750 0.031250
0 0.023828 0.396250 0.046094 0.027500
0 0.019141 0.431250 0.036719 0.042500
0 0.019922 0.464375 0.035156 0.043750
0 0.028906 0.508125 0.031250 0.036250
0 0.155859 0.169375 0.214844 0.093750
0 0.156641 0.200000 0.202344 0.075000
0 0.053125 0.201250 0.003125 0.005000
0 0.157812 0.245625 0.196875 0.056250
0 0.150781 0.270625 0.210938 0.073750
0 0.156641 0.308125 0.205469 0.066250
0 0.155859 0.336875 0.207031 0.066250
0 0.153906 0.373750 0.204687 0.052500
0 0.152734 0.410000 0.208594 0.057500
0 0.150781 0.446875 0.210938 0.063750
0 0.150781 0.479375 0.212500 0.058750
0 0.179297 0.518750 0.150781 0.040000
0 0.224219 0.559375 0.068750 0.038750
0 0.217188 0.587500 0.078125 0.040000
0 0.221094 0.620625 0.064062 0.046250
0 0.215234 0.655000 0.069531 0.032500
0 0.213672 0.689375 0.077344 0.048750
0 0.213672 0.720000 0.072656 0.042500
0 0.262109 0.472500 0.025781 0.042500
