0 0.931641 0.179861 0.077344 0.073611
0 0.887109 0.225000 0.016406 0.050000
0 0.870703 0.257639 0.016406 0.037500
0 0.796484 0.436806 0.036719 0.015278
0 0.797266 0.422222 0.036719 0.013889
0 0.698438 0.220139 0.034375 0.018056
0 0.660937 0.222222 0.034375 0.016667
0 0.626953 0.225694 0.033594 0.015278
0 0.740234 0.220833 0.035156 0.016667
0 0.781250 0.221528 0.034375 0.015278
0 0.812109 0.222222 0.032031 0.016667
0 0.851562 0.068056 0.017188 0.058333
0 0.461328 0.497222 0.096094 0.052778
0 0.457422 0.590278 0.096094 0.038889
0 0.460156 0.684028 0.092188 0.065278
0 0.352734 0.734028 0.127344 0.106944
0 0.203516 0.786806 0.174219 0.115278
0 0.058594 0.644444 0.115625 0.405556
0 0.197656 0.440972 0.181250 0.112500
0 0.186328 0.607639 0.203906 0.081944
0 0.349219 0.601389 0.134375 0.066667
0 0.351953 0.465972 0.130469 0.073611
0 0.375781 0.341667 0.090625 0.097222
0 0.174219 0.273611 0.246875 0.141667
0 0.341797 0.115278 0.230469 0.150000
0 0.494531 0.235417 0.057813 0.079167
0 0.547656 0.299306 0.045312 0.065278
0 0.546094 0.229167 0.048438 0.063889
0 0.489063 0.152083 0.067187 0.084722
0 0.425781 0.042361 0.059375 0.081944
0 0.490625 0.072222 0.068750 0.094444
0 0.507422 0.025694 0.036719 0.051389
0 0.548828 0.108333 0.047656 0.080556
0 0.547266 0.163194 0.047656 0.070833
0 0.548828 0.043056 0.039844 0.069444
0 0.580469 0.116667 0.021875 0.063889
0 0.545703 0.432639 0.044531 0.034722
0 0.545312 0.506944 0.045312 0.027778
0 0.546875 0.579167 0.051562 0.033333
0 0.544922 0.652778 0.047656 0.036111
0 0.916406 0.465278 0.040625 0.016667
0 0.916406 0.477778 0.040625 0.013889
0 0.917578 0.489583 0.044531 0.018056
0 0.916406 0.504167 0.042188 0.013889
0 0.871875 0.493750 0.042188 0.012500
0 0.873437 0.506250 0.045312 0.012500
0 0.872266 0.518750 0.047656 0.012500
0 0.870703 0.534722 0.042969 0.019444
0 0.854297 0.562500 0.010156 0.013889
0 0.853125 0.575694 0.009375 0.012500
0 0.914062 0.548611 0.032813 0.013889
0 0.915234 0.536111 0.038281 0.011111
0 0.915625 0.522917 0.039062 0.012500
0 0.579688 0.071528 0.021875 0.051389
0 0.580859 0.032639 0.021094 0.056944
0 0.598437 0.188194 0.017188 0.034722
0 0.581641 0.636111 0.025781 0.027778
0 0.587109 0.461806 0.033594 0.037500
0 0.846484 0.209722 0.017969 0.044444
0 0.585938 0.579167 0.026562 0.025000
0 0.584375 0.520833 0.031250 0.025000
0 0.857422 0.285417 0.016406 0.037500
0 0.867578 0.024306 0.019531 0.045833
0 0.819922 0.011111 0.008594 0.022222
0 0.876172 0.440972 0.041406 0.031944
