0 0.816797 0.370000 0.089844 0.032500
0 0.817187 0.395000 0.089063 0.027500
0 0.813672 0.420000 0.091406 0.022500
0 0.816016 0.443125 0.092969 0.028750
0 0.815625 0.470000 0.089063 0.030000
0 0.815625 0.497500 0.092188 0.032500
0 0.816406 0.518750 0.092188 0.035000
0 0.815234 0.541875 0.091406 0.028750
0 0.814453 0.566250 0.089844 0.032500
0 0.814063 0.590625 0.090625 0.033750
0 0.814453 0.613750 0.091406 0.035000
0 0.816406 0.639375 0.081250 0.031250
0 0.816406 0.661875 0.081250 0.028750
0 0.826172 0.693125 0.061719 0.031250
0 0.825391 0.713125 0.063281 0.031250
0 0.735547 0.441250 0.066406 0.027500
0 0.740625 0.466875 0.062500 0.023750
0 0.743750 0.488750 0.053125 0.025000
0 0.799219 0.049375 0.035937 0.048750
0 0.849219 0.102500 0.026562 0.040000
0 0.363672 0.808750 0.266406 0.097500
0 0.111328 0.848750 0.217969 0.110000
0 0.373047 0.448125 0.271094 0.068750
0 0.087500 0.037500 0.089063 0.075000
0 0.823828 0.075000 0.022656 0.035000
