0 0.808984 0.614583 0.071094 0.031944
0 0.733594 0.610417 0.051562 0.026389
0 0.652344 0.613194 0.085938 0.029167
0 0.588281 0.610417 0.062500 0.015278
0 0.536719 0.605556 0.042188 0.022222
0 0.488281 0.643056 0.090625 0.033333
0 0.418359 0.634722 0.072656 0.033333
0 0.275000 0.681944 0.225000 0.075000
0 0.141797 0.643056 0.057031 0.058333
0 0.089453 0.644444 0.049219 0.041667
0 0.086719 0.440278 0.029687 0.019444
0 0.294922 0.350000 0.061719 0.030556
0 0.377734 0.331944 0.099219 0.041667
0 0.450391 0.403472 0.102344 0.034722
0 0.570312 0.386806 0.123438 0.043056
0 0.697656 0.322222 0.134375 0.033333
0 0.702734 0.366667 0.130469 0.036111
0 0.837891 0.352083 0.122656 0.034722
0 0.957031 0.347917 0.081250 0.029167
0 0.951953 0.224306 0.094531 0.029167
0 0.948047 0.152778 0.099219 0.038889
0 0.826562 0.156944 0.120313 0.047222
0 0.833203 0.230556 0.127344 0.041667
0 0.690625 0.179861 0.120313 0.054167
0 0.563672 0.206944 0.113281 0.061111
0 0.570703 0.284028 0.103906 0.062500
0 0.458594 0.250000 0.104688 0.069444
0 0.366797 0.269444 0.078906 0.044444
0 0.298047 0.293750 0.061719 0.037500
0 0.539453 0.160417 0.064844 0.065278
0 0.485547 0.163194 0.042969 0.051389
0 0.602734 0.138889 0.071094 0.075000
0 0.644141 0.116667 0.052344 0.058333
0 0.683984 0.106250 0.053906 0.070833
0 0.732031 0.105556 0.050000 0.069444
0 0.774219 0.083333 0.043750 0.041667
0 0.822266 0.078472 0.041406 0.037500
0 0.868750 0.074306 0.050000 0.029167
