0 0.349609 0.444444 0.072656 0.052778
0 0.405078 0.467361 0.055469 0.037500
0 0.446875 0.477778 0.031250 0.027778
0 0.445703 0.546528 0.032031 0.020833
0 0.405078 0.546528 0.049219 0.023611
0 0.342578 0.546528 0.074219 0.029167
0 0.267188 0.513889 0.078125 0.038889
0 0.330078 0.347917 0.111719 0.062500
0 0.366797 0.147917 0.049219 0.081944
0 0.308594 0.093750 0.065625 0.090278
0 0.233594 0.027778 0.073438 0.055556
0 0.396484 0.208333 0.039844 0.058333
0 0.335938 0.266667 0.117188 0.102778
0 0.323437 0.282639 0.121875 0.079167
0 0.404297 0.626389 0.050781 0.033333
0 0.350781 0.642361 0.053125 0.040278
0 0.068750 0.516667 0.135937 0.183333
0 0.301563 0.767361 0.114062 0.101389
0 0.446094 0.611806 0.032813 0.029167
0 0.812891 0.118056 0.038281 0.091667
0 0.822656 0.181250 0.081250 0.065278
0 0.801953 0.232639 0.080469 0.059722
0 0.795312 0.265972 0.087500 0.040278
0 0.802734 0.649306 0.021094 0.037500
0 0.421094 0.252083 0.064062 0.056944
0 0.430078 0.284722 0.078906 0.058333
