0 0.385547 0.267361 0.149219 0.079167
0 0.387891 0.325000 0.153906 0.072222
0 0.201563 0.325694 0.207813 0.112500
0 0.053125 0.337500 0.101562 0.100000
0 0.510156 0.334028 0.121875 0.068056
0 0.600781 0.345139 0.082812 0.056944
0 0.664453 0.351389 0.052344 0.047222
0 0.711328 0.357639 0.036719 0.065278
0 0.745313 0.364583 0.031250 0.029167
0 0.724219 0.492361 0.067187 0.048611
0 0.695312 0.527083 0.043750 0.048611
0 0.606250 0.077778 0.179688 0.122222
0 0.665625 0.129167 0.162500 0.111111
0 0.729297 0.086111 0.058594 0.050000
0 0.933203 0.181944 0.044531 0.019444
0 0.939844 0.205556 0.042188 0.019444
0 0.937891 0.229861 0.053906 0.023611
0 0.942187 0.265972 0.046875 0.018056
0 0.946875 0.290278 0.043750 0.019444
0 0.942187 0.318056 0.032813 0.016667
0 0.940234 0.345139 0.019531 0.015278
0 0.975391 0.338889 0.047656 0.030556
0 0.974609 0.377083 0.047656 0.020833
0 0.973437 0.409722 0.050000 0.025000
0 0.975391 0.436111 0.049219 0.022222
0 0.935937 0.366667 0.028125 0.019444
0 0.992188 0.213889 0.014063 0.030556
