0 0.300391 0.836111 0.416406 0.313889
0 0.401562 0.140278 0.492188 0.269444
0 0.201172 0.115972 0.371094 0.226389
0 0.520312 0.185417 0.425000 0.245833
0 0.665234 0.247917 0.211719 0.159722
0 0.771094 0.244444 0.043750 0.083333
0 0.799609 0.272917 0.022656 0.062500
0 0.810937 0.295139 0.018750 0.051389
0 0.824219 0.309722 0.015625 0.041667
0 0.799609 0.520833 0.027344 0.050000
0 0.753516 0.536111 0.086719 0.069444
0 0.746484 0.582639 0.060156 0.098611
0 0.684766 0.649306 0.110156 0.148611
0 0.986328 0.227083 0.017969 0.062500
0 0.976562 0.252778 0.021875 0.055556
0 0.961328 0.277083 0.016406 0.040278
0 0.750391 0.028472 0.083594 0.045833
0 0.780859 0.081944 0.071094 0.061111
0 0.810156 0.135417 0.029687 0.059722
0 0.832812 0.177778 0.031250 0.058333
0 0.962500 0.054861 0.065625 0.090278
0 0.820312 0.018750 0.021875 0.034722
0 0.972266 0.481250 0.024219 0.043056
0 0.953906 0.464583 0.018750 0.037500
0 0.813281 0.504861 0.020313 0.040278
0 0.826172 0.493056 0.017969 0.036111
0 0.833203 0.486111 0.022656 0.036111
0 0.850000 0.465278 0.012500 0.027778
0 0.867188 0.452778 0.014063 0.025000
0 0.832812 0.051389 0.025000 0.036111
0 0.492188 0.758333 0.346875 0.227778
0 0.214844 0.304167 0.103125 0.050000
0 0.090625 0.302778 0.128125 0.083333
