0 0.901953 0.415972 0.050781 0.026389
0 0.756641 0.561111 0.058594 0.077778
0 0.758594 0.468056 0.054688 0.069444
0 0.748047 0.370139 0.066406 0.068056
0 0.645703 0.484722 0.172656 0.075000
0 0.639844 0.633333 0.192188 0.150000
0 0.518359 0.713889 0.296094 0.205556
0 0.164844 0.304167 0.065625 0.063889
0 0.232813 0.301389 0.082812 0.069444
0 0.306641 0.306250 0.066406 0.068056
0 0.367969 0.313889 0.065625 0.050000
0 0.426563 0.323611 0.059375 0.044444
0 0.483203 0.327778 0.050781 0.044444
0 0.674219 0.126389 0.092188 0.147222
0 0.558203 0.051389 0.135156 0.100000
0 0.730859 0.184028 0.044531 0.093056
0 0.763281 0.225694 0.037500 0.070833
0 0.791797 0.257639 0.025781 0.062500
0 0.802344 0.278472 0.046875 0.070833
0 0.814453 0.504167 0.033594 0.033333
0 0.851953 0.461806 0.028906 0.023611
0 0.769531 0.032639 0.032813 0.056944
0 0.788672 0.072222 0.019531 0.055556
0 0.804297 0.104167 0.024219 0.055556
0 0.817969 0.143750 0.023438 0.056944
0 0.969531 0.034722 0.042188 0.061111
0 0.885547 0.311806 0.035156 0.020833
0 0.887891 0.352778 0.035156 0.013889
0 0.238672 0.559028 0.082031 0.070833
0 0.169922 0.486111 0.049219 0.052778
0 0.119922 0.918750 0.233594 0.154167
