0 0.525781 0.090741 0.236979 0.168519
0 0.529948 0.154167 0.233854 0.113889
0 0.527083 0.211111 0.244792 0.116667
0 0.530469 0.259722 0.229687 0.106481
0 0.525000 0.312037 0.262500 0.100000
0 0.515365 0.366667 0.246354 0.077778
0 0.509896 0.418981 0.243750 0.075000
0 0.518229 0.476389 0.257292 0.067593
0 0.517448 0.543519 0.250521 0.055556
0 0.520052 0.605556 0.255729 0.068519
0 0.514844 0.641667 0.247396 0.092593
0 0.522135 0.708796 0.251563 0.104630
0 0.515365 0.756019 0.243229 0.112037
0 0.513542 0.826852 0.217708 0.092593
0 0.530469 0.895833 0.169271 0.075000
0 0.683594 0.429167 0.136979 0.050926
0 0.684375 0.478704 0.135417 0.048148
0 0.679688 0.531944 0.126042 0.058333
0 0.681771 0.578241 0.121875 0.034259
0 0.681771 0.627315 0.121875 0.063889
0 0.685677 0.675000 0.097396 0.031481
0 0.678125 0.708796 0.109375 0.036111
0 0.679167 0.743981 0.113542 0.028704
0 0.675521 0.799074 0.117708 0.085185
0 0.349740 0.087037 0.142187 0.053704
0 0.347135 0.143056 0.147396 0.058333
0 0.339583 0.196759 0.132292 0.049074
0 0.335938 0.250463 0.139583 0.058333
0 0.332552 0.313426 0.132812 0.067593
0 0.327083 0.371759 0.143750 0.049074
0 0.328646 0.421759 0.146875 0.050926
0 0.332813 0.469907 0.121875 0.065741
0 0.327344 0.517593 0.129688 0.068519
0 0.323698 0.563889 0.142187 0.068519
0 0.325260 0.619907 0.131771 0.078704
