0 0.832812 0.197396 0.198437 0.063542
0 0.647656 0.183333 0.162500 0.075000
0 0.504687 0.176042 0.118750 0.066667
0 0.400000 0.167708 0.081250 0.052083
0 0.298438 0.161458 0.090625 0.056250
0 0.226953 0.158333 0.066406 0.043750
0 0.163281 0.151042 0.054688 0.058333
0 0.100000 0.148958 0.059375 0.045833
0 0.031250 0.143229 0.050000 0.046875
0 0.283984 0.421354 0.096094 0.046875
0 0.478516 0.406771 0.317969 0.111458
0 0.688281 0.666146 0.354687 0.161458
0 0.416797 0.590104 0.219531 0.142708
0 0.082422 0.367708 0.083594 0.035417
0 0.020703 0.340104 0.039844 0.028125
0 0.103906 0.063021 0.064062 0.117708
