0 0.401953 0.603472 0.157031 0.118056
0 0.514844 0.547222 0.182812 0.097222
0 0.493750 0.496528 0.076563 0.079167
0 0.059375 0.354861 0.110937 0.101389
0 0.195703 0.345833 0.182031 0.088889
0 0.382422 0.334722 0.155469 0.075000
0 0.505078 0.347222 0.114844 0.075000
0 0.582031 0.353472 0.059375 0.054167
0 0.481641 0.049306 0.238281 0.095833
0 0.621094 0.531250 0.043750 0.090278
0 0.968359 0.447917 0.060156 0.026389
0 0.959766 0.413889 0.067969 0.030556
0 0.917578 0.361111 0.024219 0.022222
0 0.962891 0.369444 0.071094 0.033333
0 0.964063 0.327083 0.068750 0.037500
0 0.919531 0.330556 0.032813 0.019444
0 0.928125 0.302083 0.054688 0.026389
0 0.929688 0.272917 0.054688 0.034722
0 0.920312 0.236111 0.057813 0.027778
0 0.914844 0.194444 0.059375 0.033333
0 0.917969 0.167361 0.054688 0.029167
0 0.908984 0.147917 0.058594 0.040278
0 0.987891 0.178472 0.021094 0.023611
0 0.989062 0.220139 0.020313 0.029167
0 0.992188 0.247917 0.014063 0.034722
