0 0.529687 0.438889 0.046875 0.038889
0 0.531250 0.464583 0.048438 0.034722
0 0.531250 0.488889 0.051562 0.033333
0 0.531641 0.512500 0.050781 0.033333
0 0.531250 0.533333 0.053125 0.027778
0 0.532422 0.557639 0.053906 0.031944
0 0.531641 0.581250 0.053906 0.026389
0 0.531250 0.602778 0.051562 0.027778
0 0.531250 0.629167 0.051562 0.025000
0 0.552344 0.634722 0.020313 0.022222
0 0.575391 0.625694 0.016406 0.023611
0 0.577344 0.566667 0.015625 0.022222
0 0.576953 0.505556 0.019531 0.025000
0 0.594922 0.498611 0.016406 0.022222
0 0.594141 0.539583 0.016406 0.018056
0 0.593359 0.577778 0.021094 0.013889
0 0.593750 0.618056 0.020313 0.016667
0 0.653516 0.606250 0.036719 0.018056
0 0.700391 0.607639 0.041406 0.015278
0 0.750000 0.604861 0.040625 0.015278
0 0.750781 0.513194 0.037500 0.018056
0 0.700000 0.511111 0.037500 0.016667
0 0.977734 0.439583 0.044531 0.076389
0 0.976172 0.693056 0.046094 0.072222
0 0.906641 0.660417 0.028906 0.054167
0 0.907422 0.476389 0.028906 0.055556
0 0.875781 0.491667 0.021875 0.044444
0 0.850781 0.508333 0.026562 0.033333
0 0.827344 0.513889 0.012500 0.027778
0 0.803516 0.523611 0.007031 0.016667
0 0.790625 0.531944 0.010937 0.013889
0 0.789062 0.603472 0.010937 0.015278
0 0.803906 0.611806 0.007812 0.023611
0 0.829297 0.623611 0.014844 0.022222
0 0.850781 0.628472 0.026562 0.031944
0 0.875391 0.645833 0.021094 0.041667
0 0.959766 0.166667 0.049219 0.108333
0 0.987891 0.084028 0.024219 0.076389
0 0.920703 0.248611 0.032031 0.069444
0 0.892969 0.288889 0.026562 0.055556
0 0.865234 0.327083 0.028906 0.056944
0 0.844531 0.359028 0.015625 0.037500
0 0.835547 0.376389 0.016406 0.033333
0 0.817187 0.375694 0.021875 0.029167
0 0.815625 0.392361 0.018750 0.029167
0 0.816797 0.408333 0.021094 0.027778
0 0.799219 0.420833 0.014063 0.022222
0 0.788281 0.443750 0.006250 0.018056
0 0.860156 0.265972 0.026562 0.051389
0 0.855469 0.202778 0.025000 0.058333
0 0.848437 0.144444 0.021875 0.072222
0 0.838672 0.051389 0.019531 0.061111
0 0.832031 0.104167 0.020313 0.055556
0 0.791797 0.248611 0.010156 0.030556
0 0.777344 0.230556 0.007812 0.027778
0 0.770312 0.129167 0.009375 0.025000
0 0.764453 0.151389 0.008594 0.030556
0 0.394922 0.150694 0.072656 0.098611
0 0.453125 0.215972 0.045312 0.076389
0 0.487891 0.261111 0.025781 0.063889
0 0.517969 0.302083 0.025000 0.048611
0 0.542188 0.334028 0.025000 0.045833
0 0.561328 0.359028 0.016406 0.031944
0 0.574609 0.381944 0.016406 0.030556
0 0.588672 0.397222 0.011719 0.027778
0 0.598047 0.407639 0.008594 0.020833
0 0.495703 0.020139 0.027344 0.040278
0 0.520312 0.068750 0.023438 0.059722
0 0.539453 0.118056 0.019531 0.050000
0 0.557031 0.159028 0.018750 0.051389
0 0.576562 0.199306 0.017188 0.040278
0 0.587500 0.233333 0.012500 0.033333
0 0.582031 0.062500 0.012500 0.041667
0 0.591016 0.090278 0.013281 0.038889
0 0.602344 0.126389 0.009375 0.033333
0 0.558203 0.501389 0.010156 0.025000
0 0.523828 0.655556 0.039844 0.030556
0 0.782422 0.450000 0.005469 0.013889
0 0.807813 0.347222 0.006250 0.025000
0 0.808203 0.363194 0.007031 0.020833
0 0.779297 0.359722 0.005469 0.016667
0 0.785156 0.347917 0.006250 0.018056
