0 0.627344 0.404861 0.098437 0.026389
0 0.628125 0.423611 0.100000 0.025000
0 0.629687 0.445833 0.098437 0.025000
0 0.633984 0.467361 0.096094 0.023611
0 0.631250 0.486111 0.093750 0.022222
0 0.628906 0.509722 0.096875 0.025000
0 0.628516 0.533333 0.096094 0.022222
0 0.627734 0.553472 0.099219 0.029167
0 0.594922 0.573611 0.028906 0.016667
0 0.796484 0.637500 0.082031 0.038889
0 0.933203 0.626389 0.055469 0.027778
0 0.235547 0.846528 0.214844 0.159722
0 0.069922 0.901389 0.127344 0.108333
0 0.239063 0.254167 0.204687 0.158333
0 0.380859 0.233333 0.119531 0.133333
0 0.585938 0.302778 0.062500 0.027778
0 0.578125 0.021528 0.057813 0.026389
0 0.518750 0.037500 0.054688 0.030556
0 0.641406 0.013194 0.054688 0.023611
0 0.836328 0.006944 0.046094 0.013889
0 0.782422 0.006250 0.052344 0.012500
0 0.373437 0.339583 0.101562 0.034722
0 0.372266 0.361111 0.100781 0.036111
0 0.371094 0.383333 0.098437 0.033333
0 0.376953 0.400694 0.096094 0.031944
0 0.375000 0.422222 0.101562 0.027778
0 0.366406 0.443056 0.090625 0.030556
0 0.350781 0.461806 0.062500 0.031944
0 0.350000 0.484722 0.060937 0.022222
0 0.348047 0.506944 0.060156 0.027778
0 0.345703 0.529167 0.055469 0.025000
0 0.445312 0.448611 0.131250 0.027778
0 0.443359 0.473611 0.132031 0.038889
0 0.439453 0.499306 0.122656 0.026389
0 0.437500 0.526389 0.128125 0.030556
0 0.440234 0.551389 0.135156 0.025000
0 0.446094 0.576389 0.117188 0.027778
0 0.463281 0.598611 0.078125 0.027778
0 0.463672 0.620139 0.071094 0.045833
0 0.468359 0.647222 0.072656 0.036111
0 0.528516 0.634028 0.060156 0.043056
0 0.550000 0.486806 0.071875 0.015278
0 0.550000 0.518750 0.067187 0.020833
0 0.551953 0.537500 0.066406 0.019444
0 0.548828 0.555556 0.061719 0.019444
0 0.548438 0.468056 0.056250 0.030556
0 0.558594 0.454167 0.090625 0.030556
0 0.464062 0.052083 0.039062 0.023611
0 0.551953 0.570139 0.063281 0.015278
0 0.554297 0.609722 0.060156 0.069444
0 0.891406 0.015972 0.046875 0.023611
