0 0.257031 0.607639 0.196875 0.076389
0 0.254688 0.645833 0.201563 0.058333
0 0.262109 0.700000 0.203906 0.066667
0 0.101172 0.557639 0.161719 0.054167
0 0.101172 0.599306 0.157031 0.051389
0 0.110156 0.640278 0.153125 0.055556
0 0.101953 0.691667 0.144531 0.072222
0 0.018359 0.413889 0.030469 0.077778
0 0.021875 0.363194 0.037500 0.098611
0 0.020703 0.310417 0.039844 0.081944
0 0.022656 0.259722 0.037500 0.108333
0 0.023828 0.208333 0.044531 0.097222
0 0.026562 0.158333 0.050000 0.108333
0 0.102734 0.137500 0.060156 0.050000
0 0.026562 0.109028 0.046875 0.090278
0 0.031250 0.073611 0.060937 0.108333
0 0.032422 0.045833 0.063281 0.088889
0 0.063281 0.029861 0.028125 0.051389
0 0.021094 0.463194 0.032813 0.056944
0 0.018359 0.517361 0.027344 0.051389
0 0.019141 0.577083 0.035156 0.056944
0 0.020703 0.624306 0.038281 0.062500
0 0.019141 0.670833 0.035156 0.069444
0 0.020703 0.710417 0.035156 0.062500
0 0.505469 0.154861 0.043750 0.034722
0 0.554688 0.173611 0.045312 0.041667
0 0.600391 0.190278 0.052344 0.041667
0 0.455859 0.150694 0.047656 0.031944
0 0.398438 0.140972 0.056250 0.043056
0 0.406250 0.254167 0.070312 0.050000
0 0.403906 0.274306 0.078125 0.045833
0 0.407813 0.288889 0.078125 0.036111
0 0.403906 0.306250 0.067187 0.043056
0 0.380078 0.318056 0.017969 0.033333
0 0.426172 0.306944 0.072656 0.022222
0 0.424609 0.332639 0.080469 0.043056
0 0.424609 0.352083 0.077344 0.043056
0 0.424219 0.375694 0.076563 0.043056
0 0.423438 0.385417 0.071875 0.029167
0 0.420703 0.409722 0.075781 0.033333
0 0.425000 0.427778 0.075000 0.030556
0 0.423828 0.449306 0.082031 0.026389
0 0.422266 0.464583 0.074219 0.023611
0 0.421094 0.484722 0.071875 0.022222
0 0.422656 0.503472 0.078125 0.029167
0 0.420703 0.523611 0.078906 0.022222
0 0.421875 0.543056 0.075000 0.030556
0 0.421094 0.566667 0.076563 0.016667
0 0.419141 0.581944 0.072656 0.025000
0 0.422656 0.602778 0.081250 0.022222
0 0.422266 0.621528 0.080469 0.026389
0 0.381641 0.349306 0.021094 0.026389
0 0.382031 0.363889 0.021875 0.025000
0 0.381641 0.377778 0.022656 0.030556
0 0.379688 0.393750 0.023438 0.020833
0 0.380859 0.411806 0.021094 0.023611
0 0.384766 0.423611 0.028906 0.030556
0 0.381250 0.445139 0.025000 0.029167
0 0.378906 0.461111 0.021875 0.025000
0 0.378906 0.476389 0.023438 0.027778
0 0.378516 0.492361 0.019531 0.020833
0 0.378125 0.509028 0.018750 0.015278
0 0.378125 0.525694 0.018750 0.018056
0 0.377344 0.540972 0.017188 0.018056
0 0.378906 0.557639 0.017188 0.015278
0 0.377734 0.578472 0.013281 0.018056
0 0.379688 0.593750 0.015625 0.026389
0 0.496484 0.623611 0.071094 0.022222
0 0.497266 0.604167 0.063281 0.022222
0 0.496094 0.585417 0.064062 0.020833
0 0.496094 0.566667 0.064062 0.019444
0 0.496484 0.547917 0.067969 0.020833
0 0.496484 0.527083 0.067969 0.020833
0 0.495703 0.507639 0.066406 0.018056
0 0.496875 0.489583 0.067187 0.020833
0 0.497656 0.472917 0.070312 0.018056
0 0.498047 0.450000 0.066406 0.027778
0 0.495703 0.433333 0.066406 0.016667
0 0.496875 0.414583 0.065625 0.020833
0 0.496094 0.395833 0.067187 0.030556
0 0.496484 0.380556 0.071094 0.025000
0 0.480078 0.361111 0.041406 0.013889
0 0.476562 0.345139 0.046875 0.020833
0 0.476172 0.327778 0.049219 0.022222
0 0.475000 0.309722 0.051562 0.030556
0 0.543359 0.547222 0.035156 0.022222
0 0.545703 0.565278 0.041406 0.013889
0 0.546875 0.581250 0.039062 0.018056
0 0.546484 0.598611 0.039844 0.016667
0 0.547656 0.617361 0.037500 0.023611
0 0.698047 0.607639 0.083594 0.023611
0 0.756250 0.601389 0.043750 0.022222
0 0.755469 0.483333 0.048438 0.016667
0 0.696094 0.479167 0.079687 0.022222
0 0.957422 0.539583 0.017969 0.012500
0 0.956250 0.551389 0.021875 0.011111
0 0.956250 0.561111 0.021875 0.008333
0 0.955859 0.570139 0.021094 0.009722
0 0.953516 0.584028 0.025781 0.015278
