0 0.351172 0.163194 0.252344 0.187500
0 0.557422 0.266667 0.164844 0.138889
0 0.682422 0.342361 0.089844 0.095833
0 0.751172 0.386806 0.047656 0.068056
0 0.106250 0.078472 0.210938 0.154167
0 0.317188 0.904861 0.296875 0.165278
0 0.081641 0.921528 0.163281 0.106944
0 0.549609 0.815278 0.185156 0.150000
0 0.692969 0.743750 0.101562 0.087500
0 0.767578 0.703472 0.047656 0.062500
0 0.846094 0.705556 0.109375 0.041667
0 0.680469 0.035417 0.054688 0.068056
0 0.739453 0.097917 0.064844 0.098611
0 0.782031 0.177083 0.031250 0.073611
0 0.812500 0.220833 0.029687 0.052778
0 0.945312 0.807639 0.109375 0.079167
0 0.820312 0.433333 0.032813 0.038889
