0 0.591797 0.743750 0.169531 0.220833
0 0.340625 0.834028 0.392188 0.312500
0 0.108984 0.861806 0.216406 0.268056
0 0.392578 0.115972 0.466406 0.223611
0 0.626563 0.179167 0.235937 0.186111
0 0.757812 0.236111 0.045312 0.102778
0 0.796875 0.270139 0.032813 0.065278
0 0.766406 0.575000 0.051562 0.072222
0 0.706250 0.626389 0.095312 0.119444
0 0.787500 0.559028 0.078125 0.084722
0 0.819922 0.532639 0.041406 0.056944
0 0.863281 0.485417 0.021875 0.037500
0 0.877734 0.470139 0.007031 0.031944
0 0.849609 0.328472 0.035156 0.031944
0 0.867969 0.337500 0.018750 0.033333
0 0.806641 0.072917 0.105469 0.062500
