0 0.835677 0.303241 0.084896 0.049074
0 0.896354 0.475463 0.034375 0.021296
0 0.897396 0.500000 0.038542 0.025926
0 0.897135 0.522222 0.039062 0.024074
0 0.896615 0.546296 0.038021 0.024074
0 0.897396 0.571296 0.042708 0.025926
0 0.895312 0.593056 0.038542 0.021296
0 0.894010 0.613426 0.039062 0.019444
0 0.893750 0.637963 0.040625 0.025926
0 0.889583 0.662963 0.036458 0.027778
0 0.927083 0.497685 0.019792 0.023148
0 0.921354 0.558796 0.020833 0.021296
0 0.940365 0.564815 0.016146 0.012963
0 0.939063 0.608796 0.019792 0.021296
0 0.921354 0.622685 0.011458 0.028704
0 0.757031 0.248611 0.169271 0.063889
0 0.796094 0.277778 0.141146 0.055556
0 0.895833 0.452778 0.038542 0.024074
0 0.887760 0.317130 0.019271 0.041667
0 0.906250 0.338889 0.019792 0.025926
0 0.705208 0.075926 0.200000 0.131481
0 0.524740 0.163426 0.075521 0.084259
0 0.426823 0.108333 0.117188 0.105556
0 0.288021 0.042593 0.162500 0.085185
0 0.264062 0.443981 0.197917 0.060185
0 0.418229 0.453704 0.114583 0.055556
0 0.509635 0.461574 0.069271 0.045370
0 0.081250 0.425000 0.161458 0.083333
0 0.273698 0.868519 0.177604 0.127778
0 0.093229 0.941204 0.184375 0.115741
0 0.427344 0.799074 0.118229 0.092593
0 0.538542 0.753241 0.097917 0.084259
0 0.897135 0.053241 0.020313 0.036111
0 0.910156 0.093056 0.014063 0.039815
0 0.923698 0.124074 0.015104 0.040741
0 0.939323 0.152315 0.016146 0.036111
0 0.920052 0.347222 0.014063 0.027778
0 0.930208 0.358796 0.009375 0.021296
0 0.991927 0.594907 0.016146 0.017593
0 0.967187 0.552315 0.021875 0.012037
0 0.961198 0.514352 0.031771 0.013889
0 0.961719 0.484259 0.034896 0.011111
0 0.960677 0.454167 0.038021 0.012037
0 0.963542 0.586111 0.020833 0.012963
0 0.941146 0.369907 0.011458 0.023148
0 0.950260 0.378241 0.008854 0.019444
