0 0.776563 0.214583 0.053125 0.059722
0 0.723828 0.209722 0.066406 0.061111
0 0.664062 0.205556 0.065625 0.066667
0 0.592969 0.200694 0.059375 0.068056
0 0.536719 0.209722 0.057813 0.066667
0 0.477344 0.202083 0.059375 0.073611
0 0.406250 0.207639 0.064062 0.054167
0 0.355859 0.222222 0.047656 0.072222
0 0.313672 0.229167 0.061719 0.063889
0 0.261328 0.250000 0.052344 0.083333
0 0.464062 0.466667 0.095312 0.041667
0 0.461328 0.626389 0.086719 0.025000
0 0.393750 0.613889 0.084375 0.033333
0 0.631250 0.709028 0.287500 0.104167
0 0.842578 0.606250 0.033594 0.037500
0 0.900000 0.621528 0.073438 0.037500
0 0.966406 0.650694 0.059375 0.056944
0 0.935547 0.345139 0.049219 0.054167
0 0.917578 0.241667 0.044531 0.061111
0 0.883203 0.227778 0.044531 0.055556
0 0.836328 0.220139 0.050781 0.062500
0 0.894922 0.072917 0.039844 0.068056
0 0.980078 0.123611 0.035156 0.066667
0 0.763672 0.047917 0.052344 0.087500
0 0.703516 0.038889 0.052344 0.075000
0 0.655078 0.034722 0.050781 0.063889
0 0.593359 0.040278 0.047656 0.072222
0 0.539453 0.038889 0.047656 0.075000
0 0.484375 0.039583 0.067187 0.073611
0 0.426953 0.045139 0.061719 0.081944
0 0.374219 0.049306 0.054688 0.081944
0 0.320703 0.061806 0.067969 0.076389
0 0.137500 0.784028 0.265625 0.187500
0 0.237891 0.682639 0.041406 0.062500
