0 0.689844 0.659722 0.120313 0.150000
0 0.754297 0.593750 0.099219 0.101389
0 0.781641 0.555556 0.061719 0.063889
0 0.819922 0.531944 0.032031 0.055556
0 0.833594 0.509722 0.031250 0.041667
0 0.837109 0.503472 0.036719 0.037500
0 0.856641 0.490972 0.017969 0.040278
0 0.824609 0.269444 0.024219 0.058333
0 0.803125 0.238194 0.037500 0.076389
0 0.766797 0.205556 0.052344 0.100000
0 0.686719 0.125000 0.109375 0.141667
0 0.441016 0.102778 0.461719 0.202778
0 0.270703 0.848611 0.391406 0.294444
0 0.207031 0.314583 0.090625 0.084722
0 0.124219 0.303472 0.092188 0.084722
0 0.037891 0.311111 0.071094 0.061111
0 0.121094 0.094444 0.242188 0.180556
0 0.839844 0.292361 0.006250 0.045833
0 0.848047 0.306944 0.014844 0.041667
0 0.992578 0.479167 0.014844 0.036111
0 0.979688 0.467361 0.023438 0.031944
0 0.778906 0.063194 0.098437 0.068056
0 0.762500 0.024306 0.112500 0.034722
0 0.819922 0.098611 0.047656 0.063889
0 0.847656 0.145833 0.026562 0.052778
0 0.857031 0.052083 0.031250 0.040278
0 0.996094 0.247222 0.006250 0.047222
0 0.989844 0.266667 0.009375 0.033333
0 0.982031 0.287500 0.020313 0.050000
0 0.970313 0.308333 0.020313 0.033333
0 0.487500 0.808333 0.329688 0.227778
0 0.300781 0.634722 0.140625 0.141667
