0 0.672266 0.594444 0.047656 0.027778
0 0.714063 0.594444 0.035937 0.038889
0 0.646484 0.598611 0.033594 0.027778
0 0.570703 0.596528 0.019531 0.023611
0 0.546875 0.593750 0.050000 0.045833
0 0.502344 0.591667 0.045312 0.027778
0 0.433984 0.763194 0.128906 0.143056
0 0.190234 0.855556 0.363281 0.236111
0 0.853516 0.306250 0.061719 0.040278
0 0.831641 0.064583 0.066406 0.093056
0 0.927734 0.039583 0.141406 0.073611
0 0.934375 0.109028 0.128125 0.045833
0 0.963281 0.276389 0.064062 0.041667
0 0.042188 0.032639 0.042188 0.045833
0 0.034375 0.054861 0.028125 0.034722
0 0.024609 0.079167 0.030469 0.013889
0 0.013281 0.043750 0.018750 0.023611
0 0.016797 0.018056 0.025781 0.025000
0 0.053906 0.019444 0.040625 0.027778
