0 0.791016 0.207639 0.057031 0.023611
0 0.698047 0.060417 0.044531 0.026389
0 0.776563 0.090972 0.067187 0.051389
0 0.937891 0.157639 0.124219 0.073611
0 0.036328 0.207639 0.072656 0.081944
0 0.032031 0.258333 0.064062 0.094444
0 0.030859 0.312500 0.061719 0.083333
0 0.030078 0.356250 0.060156 0.068056
0 0.036719 0.165972 0.073438 0.087500
0 0.026953 0.409722 0.053906 0.066667
0 0.025781 0.461806 0.050000 0.065278
0 0.023828 0.513889 0.047656 0.052778
0 0.420703 0.645139 0.110156 0.034722
0 0.686328 0.600000 0.042969 0.022222
0 0.500000 0.563194 0.054688 0.020833
0 0.500391 0.629167 0.050781 0.022222
0 0.501563 0.496528 0.053125 0.023611
0 0.501953 0.430556 0.053906 0.036111
0 0.440234 0.370833 0.053906 0.033333
0 0.443359 0.312500 0.053906 0.044444
0 0.696094 0.013889 0.043750 0.025000
0 0.595703 0.019444 0.049219 0.016667
0 0.460547 0.020139 0.030469 0.037500
0 0.623437 0.333333 0.031250 0.016667
0 0.424219 0.018750 0.018750 0.037500
0 0.442578 0.251389 0.050781 0.038889
0 0.442969 0.234722 0.051562 0.038889
0 0.442578 0.179167 0.050781 0.041667
0 0.460547 0.033333 0.030469 0.041667
0 0.460547 0.045139 0.030469 0.040278
0 0.454297 0.072222 0.044531 0.047222
0 0.600000 0.063889 0.042188 0.019444
0 0.467578 0.008333 0.016406 0.016667
0 0.428516 0.009722 0.010156 0.019444
0 0.442578 0.222222 0.050781 0.036111
0 0.442188 0.206944 0.051562 0.038889
0 0.442969 0.193056 0.051562 0.038889
0 0.442969 0.164583 0.051562 0.043056
0 0.443359 0.151389 0.052344 0.044444
0 0.444141 0.135417 0.052344 0.043056
0 0.444922 0.124306 0.053906 0.045833
0 0.448437 0.097917 0.051562 0.045833
0 0.446094 0.107639 0.051562 0.043056
0 0.452734 0.082639 0.044531 0.043056
0 0.460156 0.057639 0.031250 0.043056
0 0.874609 0.488889 0.216406 0.305556
0 0.941016 0.687500 0.091406 0.044444
