0 0.473047 0.605556 0.172656 0.047222
0 0.473828 0.647917 0.180469 0.037500
0 0.474609 0.685417 0.178906 0.043056
0 0.316016 0.684028 0.141406 0.056944
0 0.314844 0.643056 0.139063 0.033333
0 0.318359 0.606944 0.133594 0.041667
0 0.323047 0.564583 0.139844 0.043056
0 0.150781 0.716667 0.200000 0.069444
0 0.150391 0.660417 0.203906 0.068056
0 0.155469 0.618750 0.209375 0.062500
0 0.149609 0.563889 0.203906 0.063889
0 0.151172 0.527778 0.207031 0.052778
0 0.151562 0.470833 0.198437 0.066667
0 0.153906 0.429861 0.200000 0.068056
0 0.154297 0.379861 0.200781 0.073611
0 0.154688 0.340278 0.196875 0.077778
0 0.158984 0.289583 0.192969 0.059722
0 0.163672 0.253472 0.192969 0.070833
0 0.166406 0.199306 0.192188 0.068056
0 0.167969 0.162500 0.195312 0.058333
0 0.173828 0.113889 0.189844 0.050000
0 0.179688 0.073611 0.187500 0.052778
0 0.182422 0.031250 0.192969 0.059722
0 0.612500 0.161111 0.048438 0.027778
0 0.659766 0.170139 0.050781 0.031944
0 0.704688 0.184722 0.028125 0.044444
0 0.751172 0.206250 0.036719 0.034722
0 0.560547 0.163889 0.055469 0.041667
0 0.573438 0.269444 0.065625 0.044444
0 0.570703 0.286806 0.063281 0.040278
0 0.568750 0.310417 0.060937 0.045833
0 0.563281 0.320139 0.050000 0.045833
0 0.553906 0.329167 0.025000 0.027778
0 0.551172 0.344444 0.019531 0.036111
0 0.551172 0.361111 0.017969 0.030556
0 0.549609 0.373611 0.019531 0.025000
0 0.592969 0.327778 0.071875 0.027778
0 0.590625 0.342361 0.060937 0.031944
0 0.595313 0.364583 0.065625 0.037500
0 0.590625 0.386111 0.067187 0.038889
0 0.595703 0.401389 0.071094 0.036111
0 0.594922 0.419444 0.074219 0.033333
0 0.593750 0.436111 0.071875 0.025000
0 0.594531 0.454861 0.075000 0.026389
0 0.593750 0.471528 0.067187 0.026389
0 0.593750 0.488889 0.070312 0.019444
0 0.594531 0.506944 0.075000 0.025000
0 0.592969 0.525000 0.071875 0.019444
0 0.592578 0.544444 0.071094 0.019444
0 0.594922 0.561111 0.072656 0.025000
0 0.594922 0.578472 0.071094 0.020833
0 0.595703 0.595139 0.069531 0.026389
0 0.594922 0.611111 0.067969 0.022222
0 0.664062 0.611111 0.056250 0.016667
0 0.663281 0.598611 0.059375 0.013889
0 0.662500 0.581250 0.057813 0.020833
0 0.662109 0.561806 0.058594 0.015278
0 0.660937 0.543056 0.060937 0.022222
0 0.662500 0.530556 0.059375 0.022222
0 0.662500 0.510417 0.059375 0.018056
0 0.662891 0.492361 0.058594 0.015278
0 0.661719 0.472917 0.062500 0.020833
0 0.662500 0.458333 0.057813 0.022222
0 0.660937 0.431944 0.056250 0.019444
0 0.662500 0.422222 0.053125 0.022222
0 0.664062 0.404167 0.057813 0.019444
0 0.659375 0.386806 0.057813 0.015278
0 0.642578 0.370139 0.035156 0.012500
0 0.642188 0.359028 0.037500 0.020833
0 0.641797 0.342361 0.039844 0.018056
0 0.637891 0.324306 0.046094 0.029167
0 0.547656 0.391667 0.015625 0.025000
0 0.549609 0.421528 0.019531 0.020833
0 0.548828 0.404167 0.016406 0.025000
0 0.548438 0.435417 0.015625 0.023611
0 0.552344 0.453472 0.018750 0.023611
0 0.550391 0.468750 0.022656 0.023611
0 0.549219 0.479167 0.015625 0.019444
0 0.551172 0.495139 0.016406 0.018056
0 0.549609 0.510417 0.017969 0.020833
0 0.550781 0.529861 0.015625 0.015278
0 0.550391 0.540972 0.016406 0.012500
0 0.551562 0.554861 0.020313 0.015278
0 0.550781 0.570833 0.017188 0.016667
0 0.017578 0.143056 0.032031 0.061111
