0 0.567969 0.649074 0.047396 0.027778
0 0.530990 0.671759 0.048438 0.032407
0 0.466406 0.697222 0.086979 0.051852
0 0.749740 0.773611 0.144271 0.128704
0 0.878385 0.783796 0.146354 0.149074
0 0.971094 0.602315 0.028646 0.025000
0 0.598177 0.060648 0.026562 0.036111
0 0.573958 0.038889 0.028125 0.038889
0 0.540365 0.014815 0.030729 0.029630
0 0.942969 0.225000 0.045312 0.025926
0 0.942708 0.211574 0.044792 0.025000
0 0.942187 0.200000 0.043750 0.027778
0 0.942448 0.187037 0.045312 0.027778
0 0.940885 0.173611 0.044271 0.026852
0 0.940365 0.160185 0.044271 0.027778
0 0.938281 0.145370 0.047396 0.027778
0 0.938281 0.134722 0.047396 0.025000
0 0.938021 0.122222 0.046875 0.029630
0 0.938281 0.108333 0.047396 0.029630
0 0.937760 0.093519 0.046354 0.029630
0 0.937760 0.081019 0.047396 0.028704
0 0.937240 0.068981 0.048438 0.030556
0 0.935937 0.056481 0.045833 0.031481
0 0.935937 0.044444 0.045833 0.031481
0 0.935937 0.031019 0.045833 0.034259
0 0.935677 0.018519 0.047396 0.033333
0 0.934375 0.010648 0.044792 0.019444
0 0.982552 0.108333 0.034896 0.025926
0 0.982292 0.094444 0.034375 0.025926
0 0.982552 0.080556 0.034896 0.027778
0 0.982552 0.066667 0.034896 0.025926
0 0.981771 0.053704 0.035417 0.025926
0 0.981250 0.040278 0.035417 0.026852
0 0.981510 0.025463 0.035937 0.028704
0 0.981771 0.013889 0.035417 0.025926
0 0.976302 0.007407 0.025521 0.012963
