0 0.744531 0.731875 0.156250 0.066250
0 0.578906 0.708750 0.109375 0.070000
0 0.399219 0.678125 0.165625 0.083750
0 0.312500 0.672500 0.064062 0.050000
0 0.241016 0.670625 0.082031 0.053750
0 0.181250 0.643125 0.073438 0.043750
0 0.071484 0.626875 0.138281 0.063750
0 0.066016 0.255000 0.130469 0.062500
0 0.238672 0.251250 0.233594 0.062500
0 0.523828 0.151875 0.311719 0.043750
0 0.528125 0.246875 0.281250 0.086250
0 0.850391 0.246250 0.291406 0.052500
0 0.526953 0.043750 0.294531 0.077500
0 0.272656 0.064375 0.231250 0.088750
