0 0.494922 0.414583 0.055469 0.062500
0 0.537109 0.438889 0.036719 0.050000
0 0.586719 0.470833 0.029687 0.030556
0 0.649609 0.511111 0.008594 0.013889
0 0.751953 0.608333 0.057031 0.022222
0 0.532813 0.673611 0.050000 0.047222
0 0.481641 0.691667 0.058594 0.058333
0 0.416797 0.736111 0.080469 0.083333
0 0.019922 0.884028 0.033594 0.093056
0 0.314453 0.772222 0.127344 0.105556
0 0.160547 0.834722 0.183594 0.136111
0 0.434375 0.059028 0.076563 0.115278
0 0.493359 0.145139 0.053906 0.090278
0 0.511719 0.219444 0.089063 0.072222
0 0.551172 0.260417 0.057031 0.059722
0 0.585156 0.304167 0.026562 0.038889
0 0.594531 0.331250 0.046875 0.040278
0 0.605078 0.140972 0.038281 0.043056
0 0.594922 0.100694 0.033594 0.051389
0 0.571875 0.058333 0.051562 0.061111
0 0.628125 0.054861 0.021875 0.023611
0 0.618750 0.023611 0.025000 0.044444
0 0.623047 0.185417 0.016406 0.043056
0 0.633203 0.218056 0.021094 0.027778
0 0.794141 0.180556 0.033594 0.036111
0 0.626953 0.371528 0.019531 0.029167
0 0.620313 0.353472 0.014063 0.026389
0 0.575781 0.660417 0.032813 0.037500
0 0.125000 0.027778 0.065625 0.038889
0 0.166797 0.048611 0.036719 0.033333
0 0.639062 0.239583 0.023438 0.023611
0 0.803906 0.020139 0.039062 0.031944
0 0.801953 0.054861 0.035156 0.037500
0 0.638672 0.385417 0.011719 0.023611
0 0.660547 0.189583 0.013281 0.023611
0 0.655078 0.170833 0.013281 0.019444
0 0.651563 0.147917 0.010937 0.029167
0 0.603125 0.635417 0.012500 0.020833
0 0.625391 0.620833 0.008594 0.013889
0 0.656641 0.513889 0.005469 0.011111
0 0.644141 0.401389 0.011719 0.019444
0 0.659375 0.423611 0.010937 0.019444
0 0.558203 0.014583 0.039844 0.029167
0 0.654297 0.279167 0.013281 0.022222
0 0.655859 0.297917 0.016406 0.020833
0 0.800000 0.092361 0.032813 0.040278
0 0.741406 0.395139 0.018750 0.006944
0 0.740625 0.390278 0.018750 0.005556
0 0.740625 0.385417 0.018750 0.006944
0 0.740234 0.379861 0.017969 0.006944
0 0.740234 0.375000 0.017969 0.005556
0 0.739453 0.370139 0.017969 0.006944
0 0.739062 0.365278 0.018750 0.005556
0 0.739453 0.360417 0.017969 0.006944
0 0.739062 0.355556 0.017188 0.005556
0 0.739062 0.350000 0.017188 0.005556
0 0.721875 0.397222 0.018750 0.005556
0 0.721875 0.391667 0.018750 0.005556
0 0.721875 0.386806 0.018750 0.006944
0 0.721875 0.381944 0.018750 0.005556
0 0.721875 0.377083 0.018750 0.004167
0 0.721875 0.371528 0.018750 0.006944
0 0.721484 0.367361 0.019531 0.006944
0 0.721094 0.362500 0.018750 0.005556
0 0.721094 0.356944 0.018750 0.005556
0 0.720313 0.352778 0.018750 0.005556
0 0.720703 0.347222 0.017969 0.005556
