0 0.938281 0.187500 0.123438 0.147500
0 0.851172 0.275625 0.083594 0.093750
0 0.791016 0.322500 0.052344 0.060000
0 0.747266 0.353125 0.046094 0.048750
0 0.705469 0.378750 0.037500 0.047500
0 0.705469 0.308750 0.043750 0.057500
0 0.705469 0.238125 0.039062 0.066250
0 0.707812 0.164375 0.039062 0.073750
0 0.840234 0.565000 0.071094 0.067500
0 0.830078 0.825000 0.069531 0.110000
0 0.738672 0.755000 0.038281 0.075000
0 0.756250 0.560625 0.060937 0.048750
0 0.702734 0.561250 0.024219 0.037500
0 0.673438 0.560625 0.032813 0.033750
0 0.667188 0.694375 0.028125 0.038750
0 0.697266 0.722500 0.022656 0.055000
0 0.644141 0.558750 0.016406 0.027500
0 0.639453 0.681250 0.016406 0.030000
0 0.611328 0.556250 0.010156 0.022500
0 0.637891 0.403750 0.032031 0.025000
0 0.634375 0.421875 0.026562 0.021250
0 0.630078 0.437500 0.019531 0.022500
0 0.658203 0.413750 0.014844 0.025000
0 0.677734 0.398125 0.024219 0.036250
0 0.270313 0.450625 0.056250 0.046250
0 0.268750 0.476250 0.053125 0.035000
0 0.268750 0.504375 0.053125 0.031250
0 0.268750 0.534375 0.056250 0.038750
0 0.267969 0.556250 0.059375 0.037500
0 0.267969 0.583125 0.062500 0.031250
0 0.267969 0.606250 0.062500 0.037500
0 0.265625 0.628750 0.060937 0.037500
0 0.263281 0.660625 0.059375 0.028750
0 0.410156 0.623125 0.048438 0.018750
0 0.470703 0.633750 0.050781 0.020000
0 0.537891 0.633750 0.050781 0.020000
0 0.541797 0.528125 0.052344 0.021250
0 0.475000 0.521250 0.050000 0.020000
0 0.313281 0.579375 0.028125 0.028750
0 0.317969 0.510625 0.026562 0.028750
0 0.308203 0.650000 0.024219 0.027500
0 0.334375 0.636875 0.025000 0.018750
0 0.261328 0.296875 0.028906 0.053750
0 0.169922 0.258750 0.149219 0.057500
0 0.152344 0.216250 0.154688 0.090000
0 0.089844 0.147500 0.173437 0.115000
0 0.315625 0.102500 0.021875 0.060000
0 0.288672 0.330000 0.025781 0.035000
0 0.309766 0.347500 0.016406 0.030000
0 0.323828 0.366250 0.013281 0.027500
0 0.336719 0.380000 0.014063 0.027500
0 0.348438 0.393750 0.012500 0.027500
0 0.296875 0.055625 0.025000 0.063750
0 0.281250 0.016875 0.026562 0.033750
0 0.334766 0.592500 0.024219 0.022500
0 0.336719 0.545000 0.018750 0.020000
0 0.340625 0.497500 0.020313 0.020000
0 0.591016 0.638750 0.014844 0.020000
0 0.594922 0.556875 0.013281 0.021250
0 0.608984 0.661250 0.010156 0.022500
0 0.940625 0.068125 0.118750 0.136250
0 0.638281 0.368750 0.029687 0.030000
0 0.610938 0.440625 0.020313 0.023750
0 0.595703 0.458125 0.011719 0.016250
0 0.620313 0.238750 0.018750 0.032500
0 0.603906 0.207500 0.014063 0.025000
0 0.712109 0.054375 0.038281 0.073750
