0 0.919531 0.142361 0.034375 0.090278
0 0.857422 0.273611 0.019531 0.047222
0 0.874219 0.238889 0.018750 0.055556
0 0.821875 0.346528 0.010937 0.026389
0 0.832422 0.329861 0.011719 0.029167
0 0.805469 0.376389 0.007812 0.019444
0 0.799609 0.387500 0.005469 0.019444
0 0.792969 0.397917 0.007812 0.020833
0 0.786328 0.405556 0.005469 0.016667
0 0.610938 0.348611 0.009375 0.025000
0 0.601953 0.332639 0.010156 0.023611
0 0.557813 0.248611 0.018750 0.041667
0 0.583984 0.275694 0.013281 0.031944
0 0.803516 0.134722 0.044531 0.025000
0 0.800391 0.160417 0.039844 0.029167
0 0.813281 0.086111 0.042188 0.030556
0 0.823438 0.051389 0.050000 0.036111
0 0.371484 0.690972 0.089844 0.084722
0 0.464844 0.090972 0.042188 0.095833
0 0.537500 0.209722 0.025000 0.063889
0 0.502734 0.152083 0.033594 0.073611
0 0.629297 0.375694 0.008594 0.020833
