0 0.811719 0.895000 0.167187 0.187500
0 0.593359 0.700625 0.035156 0.033750
0 0.040625 0.062500 0.079687 0.125000
0 0.067969 0.148125 0.135937 0.081250
0 0.092188 0.195000 0.162500 0.072500
0 0.126172 0.241250 0.127344 0.050000
0 0.171484 0.274375 0.092969 0.046250
0 0.185547 0.291875 0.092969 0.043750
0 0.088672 0.289375 0.144531 0.118750
0 0.076172 0.306875 0.150781 0.108750
0 0.104688 0.387500 0.084375 0.037500
0 0.123438 0.486875 0.043750 0.026250
0 0.125781 0.581250 0.032813 0.025000
0 0.154688 0.575000 0.023438 0.022500
0 0.160547 0.491250 0.032031 0.020000
0 0.099219 0.678125 0.045312 0.026250
0 0.167578 0.790625 0.066406 0.068750
0 0.198828 0.498750 0.021094 0.017500
0 0.781250 0.065625 0.076563 0.126250
0 0.783984 0.145000 0.202344 0.112500
0 0.653906 0.290625 0.123438 0.056250
0 0.603516 0.336875 0.105469 0.038750
0 0.622266 0.316250 0.111719 0.052500
0 0.191406 0.638750 0.025000 0.025000
0 0.195312 0.568750 0.025000 0.017500
0 0.176172 0.571875 0.011719 0.018750
0 0.695312 0.256875 0.170313 0.066250
