0 0.703125 0.639583 0.164062 0.143056
0 0.588281 0.792361 0.232813 0.284722
0 0.342187 0.879861 0.418750 0.218056
0 0.786328 0.552778 0.039844 0.072222
0 0.775000 0.108333 0.089063 0.083333
0 0.746484 0.036111 0.136719 0.052778
0 0.805078 0.197222 0.085156 0.055556
0 0.974219 0.165278 0.042188 0.052778
0 0.970313 0.202083 0.056250 0.043056
0 0.962109 0.241667 0.060156 0.036111
0 0.955859 0.272222 0.055469 0.030556
0 0.958594 0.464583 0.010937 0.037500
0 0.980469 0.494444 0.029687 0.055556
0 0.946875 0.448611 0.026562 0.030556
0 0.923047 0.445139 0.032031 0.048611
0 0.930078 0.064583 0.046094 0.037500
0 0.795312 0.528472 0.065625 0.059722
