0 0.691406 0.081944 0.076563 0.127778
0 0.746875 0.143750 0.051562 0.101389
0 0.786719 0.186806 0.034375 0.084722
0 0.815625 0.233333 0.023438 0.058333
0 0.833594 0.258333 0.018750 0.055556
0 0.844531 0.284028 0.017188 0.023611
0 0.858594 0.294444 0.017188 0.038889
0 0.991797 0.493056 0.016406 0.052778
0 0.816797 0.044444 0.039844 0.083333
0 0.838281 0.099306 0.020313 0.062500
0 0.855469 0.143750 0.017188 0.045833
0 0.868359 0.188194 0.011719 0.040278
0 0.947656 0.146528 0.042188 0.043056
0 0.980078 0.165278 0.033594 0.072222
