0 0.861328 0.297396 0.272656 0.136458
0 0.862109 0.358333 0.274219 0.106250
0 0.866797 0.418750 0.264844 0.097917
0 0.851953 0.471875 0.294531 0.110417
0 0.866797 0.513542 0.258594 0.106250
0 0.148828 0.023438 0.232031 0.036458
0 0.151562 0.076042 0.240625 0.072917
0 0.158984 0.128125 0.249219 0.081250
0 0.160547 0.192708 0.249219 0.097917
0 0.166406 0.260937 0.243750 0.084375
0 0.166406 0.313021 0.243750 0.088542
0 0.166016 0.364583 0.238281 0.100000
0 0.171094 0.422396 0.225000 0.088542
0 0.171875 0.468229 0.240625 0.111458
0 0.169922 0.531771 0.236719 0.092708
0 0.458594 0.557292 0.335938 0.150000
0 0.457422 0.498958 0.330469 0.172917
0 0.461719 0.441667 0.335938 0.145833
0 0.467578 0.392188 0.341406 0.136458
0 0.458203 0.332292 0.346094 0.122917
0 0.463281 0.271354 0.350000 0.105208
0 0.460156 0.218750 0.356250 0.100000
0 0.462891 0.165625 0.361719 0.097917
0 0.462891 0.090625 0.364844 0.079167
0 0.465234 0.030208 0.369531 0.054167
0 0.696875 0.014583 0.093750 0.022917
0 0.692969 0.041667 0.092188 0.054167
0 0.684375 0.089583 0.098437 0.050000
0 0.687891 0.139063 0.105469 0.059375
0 0.692187 0.182812 0.096875 0.082292
0 0.686719 0.233333 0.096875 0.075000
0 0.687891 0.281771 0.102344 0.084375
0 0.684375 0.321354 0.092188 0.082292
0 0.682813 0.365625 0.095312 0.083333
0 0.677344 0.404687 0.098437 0.088542
0 0.682422 0.455208 0.102344 0.100000
0 0.782422 0.024479 0.080469 0.034375
0 0.770312 0.060937 0.079687 0.038542
0 0.774609 0.096354 0.082031 0.036458
0 0.751563 0.133854 0.035937 0.038542
0 0.758594 0.178125 0.035937 0.050000
0 0.753516 0.217708 0.028906 0.029167
0 0.020703 0.405208 0.027344 0.072917
