0 0.241927 0.911574 0.194271 0.136111
0 0.067708 0.964352 0.127083 0.065741
0 0.058594 0.426852 0.106771 0.085185
0 0.204427 0.448148 0.217188 0.066667
0 0.403385 0.453704 0.131771 0.051852
0 0.529687 0.457407 0.094792 0.046296
0 0.619271 0.461111 0.073958 0.037037
0 0.690365 0.465278 0.067187 0.050926
0 0.747135 0.474074 0.049479 0.053704
0 0.790104 0.478704 0.047917 0.044444
0 0.630208 0.740278 0.072917 0.078704
0 0.533594 0.782870 0.135937 0.095370
0 0.395052 0.844444 0.129688 0.109259
0 0.687500 0.718519 0.071875 0.064815
0 0.273438 0.026852 0.131250 0.053704
0 0.411198 0.079630 0.145313 0.118519
0 0.541667 0.139352 0.112500 0.086111
0 0.634896 0.195370 0.065625 0.055556
0 0.716667 0.232870 0.052083 0.054630
0 0.796354 0.268981 0.037500 0.039815
0 0.775000 0.045370 0.159375 0.090741
0 0.863542 0.136111 0.152083 0.092593
0 0.920312 0.207407 0.135417 0.066667
0 0.947396 0.314352 0.105208 0.034259
0 0.836458 0.295833 0.034375 0.028704
