0 0.618750 0.176389 0.010937 0.013889
0 0.790625 0.160417 0.035937 0.018056
0 0.830078 0.161111 0.035156 0.016667
0 0.692578 0.167361 0.041406 0.018056
0 0.648438 0.169444 0.039062 0.019444
0 0.654687 0.375000 0.042188 0.016667
0 0.626953 0.376389 0.005469 0.016667
0 0.876953 0.494444 0.230469 0.227778
0 0.511719 0.106250 0.056250 0.104167
0 0.463281 0.034028 0.048438 0.065278
0 0.558203 0.186806 0.044531 0.076389
0 0.582422 0.234722 0.022656 0.038889
0 0.601562 0.122222 0.023438 0.058333
0 0.608203 0.283333 0.025781 0.050000
0 0.683203 0.450000 0.063281 0.013889
0 0.683594 0.461806 0.062500 0.015278
0 0.683984 0.476389 0.063281 0.016667
0 0.686328 0.488889 0.063281 0.016667
0 0.684375 0.502778 0.062500 0.013889
0 0.683984 0.516667 0.061719 0.016667
0 0.683984 0.531944 0.063281 0.016667
0 0.683984 0.546528 0.064844 0.015278
0 0.662500 0.559722 0.020313 0.013889
0 0.659375 0.573611 0.010937 0.013889
0 0.139453 0.906944 0.255469 0.130556
0 0.344922 0.823611 0.163281 0.138889
0 0.465625 0.753472 0.095312 0.093056
0 0.335547 0.270833 0.132031 0.136111
0 0.159766 0.149306 0.242969 0.173611
0 0.444531 0.335417 0.117188 0.098611
0 0.615625 0.643056 0.037500 0.041667
0 0.588281 0.653472 0.035937 0.043056
0 0.560547 0.677083 0.042969 0.048611
0 0.526563 0.696528 0.051562 0.065278
0 0.881250 0.635417 0.021875 0.034722
0 0.907422 0.654167 0.038281 0.038889
0 0.941797 0.669444 0.038281 0.041667
0 0.980078 0.695833 0.039844 0.058333
0 0.658594 0.588194 0.007812 0.015278
0 0.628516 0.473611 0.038281 0.013889
0 0.629297 0.486111 0.038281 0.013889
0 0.627344 0.499306 0.043750 0.012500
0 0.626563 0.511111 0.042188 0.011111
0 0.624609 0.523611 0.046094 0.013889
0 0.625391 0.535417 0.046094 0.012500
0 0.630078 0.547917 0.036719 0.012500
0 0.630859 0.559722 0.033594 0.013889
0 0.685547 0.437500 0.055469 0.013889
0 0.643750 0.600000 0.014063 0.013889
0 0.642969 0.585417 0.012500 0.015278
0 0.642969 0.574306 0.012500 0.015278
0 0.885156 0.448611 0.028125 0.036111
0 0.949609 0.088194 0.041406 0.104167
0 0.962500 0.018056 0.017188 0.036111
0 0.916016 0.158333 0.039844 0.083333
0 0.896484 0.223611 0.027344 0.058333
0 0.872656 0.268750 0.026562 0.054167
0 0.857422 0.100694 0.021094 0.059722
