0 0.920703 0.146528 0.158594 0.115278
0 0.927734 0.378472 0.142969 0.109722
0 0.926953 0.630556 0.144531 0.111111
0 0.926562 0.879167 0.145313 0.111111
0 0.591016 0.808333 0.252344 0.130556
0 0.595313 0.572917 0.256250 0.087500
0 0.592578 0.315278 0.250781 0.155556
0 0.405859 0.387500 0.121094 0.094444
0 0.404297 0.561111 0.117969 0.069444
0 0.408203 0.739583 0.121094 0.093056
0 0.401172 0.054167 0.094531 0.105556
0 0.321094 0.132639 0.071875 0.090278
0 0.267188 0.200000 0.045312 0.077778
0 0.228516 0.256250 0.032031 0.051389
0 0.180469 0.315278 0.020313 0.041667
0 0.298047 0.358333 0.094531 0.058333
0 0.292578 0.400694 0.103906 0.062500
0 0.293750 0.436806 0.107813 0.065278
0 0.294922 0.468750 0.105469 0.051389
0 0.294531 0.506250 0.107813 0.045833
0 0.293750 0.545139 0.106250 0.051389
0 0.293750 0.580556 0.104688 0.052778
0 0.295703 0.615278 0.103906 0.052778
0 0.305078 0.658333 0.085156 0.050000
0 0.203125 0.285417 0.025000 0.040278
