0 0.729167 0.612500 0.106250 0.030556
0 0.805729 0.604167 0.052083 0.023148
0 0.789323 0.515278 0.084896 0.019444
0 0.844792 0.514352 0.025000 0.017593
0 0.819271 0.434259 0.080208 0.018519
0 0.844010 0.591667 0.023438 0.020370
0 0.885938 0.587963 0.037500 0.020370
0 0.952344 0.704167 0.092188 0.067593
0 0.362240 0.709722 0.194271 0.060185
0 0.370052 0.543056 0.177604 0.036111
0 0.367188 0.377315 0.187500 0.043519
0 0.155469 0.331481 0.225521 0.074074
0 0.142187 0.547222 0.222917 0.055556
0 0.153125 0.794444 0.269792 0.135185
0 0.236458 0.053704 0.181250 0.105556
0 0.387760 0.109722 0.126562 0.095370
0 0.548698 0.193056 0.107813 0.062037
0 0.569010 0.025463 0.071354 0.050926
0 0.641406 0.101852 0.071354 0.064815
0 0.643750 0.032407 0.072917 0.064815
0 0.716667 0.092130 0.078125 0.050926
0 0.715104 0.154630 0.073958 0.053704
0 0.776563 0.165741 0.045833 0.050000
0 0.821354 0.206019 0.054167 0.032407
0 0.860938 0.224537 0.031250 0.030556
0 0.895052 0.257407 0.034896 0.031481
0 0.863802 0.327315 0.027604 0.028704
0 0.821615 0.315278 0.051562 0.030556
0 0.742969 0.282407 0.104688 0.044444
0 0.811719 0.050926 0.031771 0.040741
0 0.776302 0.020833 0.050521 0.039815
0 0.836198 0.079630 0.029687 0.046296
0 0.860156 0.103241 0.025521 0.034259
0 0.862240 0.038889 0.025521 0.035185
0 0.886458 0.026389 0.020833 0.032407
0 0.529167 0.580093 0.079167 0.034259
0 0.895052 0.340741 0.033854 0.022222
0 0.905469 0.150000 0.019271 0.022222
0 0.884115 0.125926 0.025521 0.033333
