0 0.951562 0.611111 0.084375 0.072222
0 0.533203 0.609722 0.041406 0.027778
0 0.528516 0.490972 0.038281 0.031944
0 0.423438 0.478472 0.043750 0.012500
0 0.735156 0.550694 0.025000 0.009722
0 0.734375 0.560417 0.023438 0.009722
0 0.733594 0.570139 0.026562 0.009722
0 0.733594 0.579861 0.026562 0.009722
0 0.736719 0.590278 0.020313 0.011111
0 0.060156 0.596528 0.118750 0.062500
0 0.061719 0.649306 0.104688 0.037500
0 0.061719 0.690278 0.118750 0.044444
0 0.171484 0.125000 0.050781 0.044444
0 0.222656 0.135417 0.053125 0.040278
0 0.268750 0.147917 0.050000 0.037500
0 0.313672 0.165278 0.036719 0.038889
0 0.362109 0.184722 0.050781 0.038889
0 0.171094 0.241667 0.065625 0.047222
0 0.174609 0.251389 0.064844 0.030556
0 0.167578 0.270833 0.060156 0.036111
0 0.171484 0.281250 0.072656 0.037500
0 0.181250 0.300694 0.075000 0.029167
0 0.181250 0.320139 0.070312 0.037500
0 0.178516 0.343056 0.069531 0.030556
0 0.177734 0.359722 0.066406 0.041667
0 0.177344 0.383333 0.071875 0.047222
0 0.175000 0.396528 0.065625 0.037500
0 0.176172 0.417361 0.063281 0.034722
0 0.176563 0.436806 0.071875 0.031944
0 0.177734 0.456944 0.071094 0.033333
0 0.176563 0.473611 0.073438 0.030556
0 0.178125 0.490972 0.071875 0.026389
0 0.176172 0.513194 0.067969 0.023611
0 0.176563 0.532639 0.071875 0.023611
0 0.175391 0.552083 0.069531 0.031944
0 0.175000 0.572917 0.071875 0.026389
0 0.175391 0.592361 0.069531 0.026389
0 0.176172 0.611111 0.074219 0.036111
0 0.137891 0.387500 0.013281 0.025000
0 0.135937 0.404861 0.014063 0.026389
0 0.136328 0.426389 0.010156 0.025000
0 0.137891 0.465972 0.013281 0.026389
0 0.137500 0.481250 0.012500 0.015278
0 0.135937 0.497222 0.017188 0.013889
0 0.137500 0.512500 0.014063 0.019444
0 0.134766 0.529861 0.011719 0.012500
0 0.134375 0.544444 0.012500 0.016667
0 0.134375 0.559722 0.010937 0.013889
0 0.230469 0.301389 0.042188 0.025000
0 0.228516 0.314583 0.047656 0.018056
0 0.226953 0.335417 0.042969 0.026389
0 0.227734 0.351389 0.044531 0.011111
0 0.240234 0.365278 0.071094 0.033333
0 0.245312 0.390278 0.068750 0.030556
0 0.242188 0.408333 0.068750 0.019444
0 0.245703 0.423611 0.069531 0.025000
0 0.241016 0.440972 0.071094 0.026389
0 0.242969 0.460417 0.065625 0.026389
0 0.244531 0.479861 0.062500 0.026389
0 0.241797 0.497222 0.067969 0.027778
0 0.240625 0.514583 0.064062 0.026389
0 0.244141 0.536111 0.061719 0.022222
0 0.242969 0.557639 0.060937 0.023611
0 0.244531 0.579861 0.059375 0.023611
0 0.241797 0.597222 0.057031 0.016667
0 0.244531 0.615972 0.053125 0.020833
0 0.292187 0.541667 0.039062 0.016667
0 0.292969 0.559028 0.040625 0.018056
0 0.292969 0.575000 0.040625 0.016667
0 0.291797 0.591667 0.039844 0.016667
0 0.293750 0.611111 0.035937 0.022222
