0 0.921094 0.242500 0.157812 0.085000
0 0.961719 0.096875 0.075000 0.123750
0 0.908594 0.288125 0.170313 0.048750
0 0.884375 0.320000 0.165625 0.037500
0 0.855078 0.337500 0.147656 0.032500
0 0.370703 0.298750 0.135156 0.052500
0 0.340234 0.264375 0.147656 0.053750
0 0.291406 0.219375 0.165625 0.071250
0 0.271484 0.153125 0.125781 0.091250
0 0.240625 0.086250 0.087500 0.115000
0 0.266797 0.753125 0.160156 0.091250
0 0.092578 0.848125 0.183594 0.108750
0 0.498047 0.126250 0.017969 0.025000
0 0.466797 0.354375 0.019531 0.023750
0 0.477344 0.071875 0.015625 0.036250
0 0.487891 0.101250 0.016406 0.032500
0 0.811328 0.363750 0.088281 0.027500
0 0.804688 0.383125 0.100000 0.023750
0 0.798828 0.031875 0.050781 0.058750
