0 0.735547 0.135417 0.058594 0.106944
0 0.394531 0.380556 0.026562 0.036111
0 0.359375 0.388889 0.035937 0.027778
0 0.394141 0.298611 0.035156 0.036111
0 0.429297 0.369444 0.036719 0.030556
0 0.264453 0.317361 0.033594 0.026389
0 0.214062 0.321528 0.040625 0.029167
0 0.243750 0.342361 0.037500 0.031944
0 0.782422 0.182639 0.027344 0.070833
0 0.665625 0.059028 0.103125 0.106944
0 0.806250 0.231944 0.029687 0.069444
0 0.828906 0.265972 0.026562 0.070833
0 0.991016 0.236806 0.017969 0.070833
0 0.976953 0.281250 0.024219 0.051389
0 0.973437 0.080556 0.050000 0.047222
0 0.972656 0.115972 0.054688 0.043056
0 0.968359 0.166667 0.063281 0.061111
0 0.823438 0.077083 0.028125 0.068056
0 0.963281 0.472917 0.017188 0.034722
