0 0.824609 0.663194 0.139844 0.098611
0 0.936719 0.713194 0.112500 0.104167
0 0.310937 0.755556 0.159375 0.188889
0 0.123047 0.822222 0.235156 0.197222
0 0.240625 0.302083 0.082812 0.043056
0 0.250781 0.284722 0.067187 0.027778
0 0.332813 0.350694 0.079687 0.065278
0 0.432812 0.354167 0.031250 0.036111
0 0.466406 0.355556 0.026562 0.030556
0 0.495703 0.350694 0.030469 0.031944
0 0.533203 0.347222 0.038281 0.022222
0 0.565625 0.345833 0.028125 0.022222
0 0.598437 0.343750 0.037500 0.031944
0 0.637500 0.347222 0.039062 0.025000
0 0.668359 0.340278 0.027344 0.022222
0 0.700000 0.346528 0.025000 0.026389
0 0.677344 0.411111 0.037500 0.019444
0 0.561719 0.409722 0.029687 0.013889
0 0.714453 0.588194 0.086719 0.043056
0 0.609766 0.642361 0.096094 0.054167
0 0.524219 0.631250 0.068750 0.043056
0 0.451953 0.625694 0.088281 0.051389
0 0.358594 0.625694 0.104688 0.054167
0 0.890625 0.349306 0.023438 0.018056
0 0.865625 0.349306 0.028125 0.023611
0 0.835938 0.344444 0.031250 0.025000
0 0.802734 0.347917 0.025781 0.023611
0 0.771875 0.342361 0.035937 0.031944
0 0.737500 0.354167 0.039062 0.044444
0 0.733984 0.231250 0.030469 0.040278
0 0.763672 0.226389 0.028906 0.030556
0 0.799219 0.238194 0.029687 0.040278
0 0.879687 0.245139 0.020313 0.029167
0 0.949219 0.259722 0.032813 0.033333
0 0.701953 0.233333 0.032031 0.047222
0 0.666016 0.235417 0.028906 0.045833
0 0.638281 0.234028 0.029687 0.051389
0 0.598828 0.232639 0.027344 0.040278
0 0.564063 0.233333 0.028125 0.038889
0 0.527734 0.234722 0.035156 0.041667
0 0.945312 0.409028 0.028125 0.018056
0 0.228516 0.122917 0.058594 0.076389
0 0.246484 0.163194 0.082031 0.062500
0 0.283594 0.190278 0.057813 0.063889
0 0.320703 0.213194 0.038281 0.059722
0 0.345313 0.236111 0.035937 0.044444
0 0.375000 0.255556 0.029687 0.038889
