0 0.448047 0.038194 0.046094 0.076389
0 0.497266 0.109028 0.055469 0.106944
0 0.542578 0.173611 0.036719 0.080556
0 0.569922 0.237500 0.038281 0.066667
0 0.599609 0.278472 0.022656 0.043056
0 0.618359 0.313194 0.019531 0.045833
0 0.632812 0.337500 0.012500 0.033333
0 0.595703 0.060417 0.025781 0.059722
0 0.578516 0.015278 0.017969 0.030556
0 0.611719 0.110417 0.020313 0.045833
0 0.627344 0.144444 0.014063 0.044444
0 0.664453 0.263889 0.010156 0.022222
0 0.114453 0.162500 0.214844 0.194444
0 0.313281 0.290278 0.168750 0.116667
0 0.437891 0.352083 0.078906 0.090278
0 0.502344 0.393750 0.053125 0.068056
0 0.551562 0.425694 0.042188 0.051389
0 0.585938 0.447917 0.026562 0.040278
0 0.287500 0.792361 0.150000 0.126389
0 0.117578 0.871528 0.191406 0.140278
0 0.412891 0.736806 0.096094 0.081944
0 0.491406 0.704167 0.062500 0.061111
0 0.542188 0.677083 0.042188 0.045833
0 0.966406 0.379861 0.065625 0.073611
0 0.921094 0.415278 0.028125 0.050000
0 0.808984 0.405556 0.010156 0.019444
0 0.840234 0.025000 0.014844 0.050000
0 0.834766 0.074306 0.011719 0.048611
0 0.846875 0.475694 0.012500 0.020833
0 0.837500 0.483333 0.009375 0.016667
0 0.829297 0.490278 0.007031 0.016667
0 0.932031 0.093750 0.045312 0.090278
0 0.947656 0.022222 0.017188 0.044444
0 0.906641 0.175000 0.025781 0.066667
0 0.886328 0.226389 0.025781 0.063889
0 0.868359 0.273611 0.017969 0.047222
0 0.855859 0.311111 0.016406 0.033333
0 0.842969 0.331250 0.010937 0.031944
0 0.828125 0.366667 0.006250 0.025000
0 0.835938 0.353472 0.009375 0.026389
0 0.819922 0.383333 0.011719 0.022222
0 0.770312 0.577778 0.032813 0.019444
0 0.774609 0.318750 0.024219 0.009722
0 0.675000 0.300694 0.006250 0.020833
0 0.691406 0.323611 0.017188 0.011111
0 0.793359 0.319444 0.008594 0.011111
0 0.821875 0.154861 0.009375 0.037500
0 0.826562 0.115972 0.012500 0.051389
0 0.709766 0.508333 0.036719 0.008333
0 0.710547 0.516667 0.036719 0.008333
0 0.708984 0.525000 0.035156 0.008333
0 0.708594 0.532639 0.034375 0.006944
0 0.708594 0.540972 0.034375 0.009722
0 0.708203 0.549306 0.036719 0.009722
0 0.695312 0.557639 0.009375 0.006944
0 0.694922 0.564583 0.007031 0.006944
0 0.695312 0.581944 0.006250 0.011111
0 0.695312 0.573611 0.006250 0.011111
0 0.608984 0.461111 0.021094 0.027778
0 0.642969 0.356944 0.010937 0.025000
0 0.651953 0.372222 0.008594 0.027778
0 0.660156 0.388889 0.006250 0.022222
0 0.667578 0.402083 0.007031 0.020833
0 0.673828 0.409722 0.007031 0.019444
0 0.708203 0.501389 0.035156 0.008333
0 0.845703 0.640972 0.308594 0.306944
0 0.944141 0.710417 0.044531 0.062500
0 0.908594 0.683333 0.028125 0.044444
0 0.882422 0.663889 0.027344 0.036111
0 0.861719 0.647917 0.015625 0.026389
