0 0.783203 0.051389 0.022656 0.052778
0 0.935156 0.726389 0.095312 0.097222
0 0.987891 0.756944 0.024219 0.083333
0 0.750000 0.584722 0.048438 0.025000
0 0.639844 0.580556 0.050000 0.019444
0 0.883203 0.626389 0.049219 0.041667
0 0.926562 0.464583 0.062500 0.043056
0 0.925781 0.290972 0.057813 0.068056
0 0.900391 0.067361 0.049219 0.101389
0 0.867969 0.142361 0.043750 0.068056
0 0.841016 0.194444 0.035156 0.080556
0 0.853516 0.050000 0.027344 0.069444
0 0.822266 0.056944 0.027344 0.075000
0 0.989062 0.234722 0.020313 0.058333
0 0.801953 0.181944 0.035156 0.058333
0 0.779687 0.213194 0.015625 0.048611
0 0.229687 0.481944 0.056250 0.025000
0 0.233984 0.410417 0.049219 0.031944
0 0.191797 0.402083 0.033594 0.026389
0 0.192578 0.478472 0.025781 0.026389
0 0.193359 0.559028 0.025781 0.023611
0 0.148438 0.575694 0.071875 0.023611
0 0.068359 0.576389 0.082031 0.030556
0 0.010547 0.579861 0.021094 0.037500
0 0.048047 0.366667 0.064844 0.044444
0 0.098047 0.244444 0.055469 0.038889
0 0.090234 0.179167 0.088281 0.038889
0 0.096094 0.114583 0.084375 0.037500
0 0.146875 0.265972 0.050000 0.043056
0 0.190234 0.283333 0.052344 0.041667
0 0.226562 0.301389 0.032813 0.027778
0 0.259766 0.317361 0.036719 0.040278
0 0.227734 0.245833 0.035156 0.038889
0 0.198828 0.190278 0.047656 0.036111
0 0.230859 0.199306 0.028906 0.031944
0 0.241406 0.110417 0.026562 0.034722
0 0.209766 0.079861 0.044531 0.051389
0 0.167969 0.045139 0.037500 0.045833
0 0.126172 0.016667 0.042969 0.030556
0 0.245703 0.063889 0.028906 0.038889
0 0.250000 0.020139 0.026562 0.031944
0 0.268750 0.134722 0.032813 0.036111
0 0.261719 0.190972 0.032813 0.051389
0 0.262891 0.236806 0.030469 0.020833
0 0.232422 0.559028 0.046094 0.023611
0 0.021484 0.075694 0.041406 0.051389
0 0.013281 0.195139 0.025000 0.043056
