0 0.873828 0.679861 0.117969 0.098611
0 0.482812 0.631250 0.137500 0.026389
0 0.580469 0.630556 0.075000 0.066667
0 0.411328 0.702083 0.088281 0.073611
0 0.273047 0.788194 0.221094 0.143056
0 0.109375 0.859028 0.189062 0.129167
0 0.064844 0.188194 0.076563 0.054167
0 0.315625 0.302083 0.135937 0.040278
0 0.314844 0.327778 0.131250 0.041667
0 0.316797 0.348611 0.132031 0.041667
0 0.367969 0.379861 0.029687 0.040278
0 0.225000 0.368750 0.065625 0.029167
0 0.223047 0.344444 0.063281 0.033333
0 0.227344 0.319444 0.065625 0.038889
0 0.221875 0.302083 0.076563 0.031944
0 0.227734 0.285417 0.058594 0.034722
0 0.228516 0.263889 0.064844 0.047222
0 0.225781 0.243056 0.067187 0.041667
0 0.226953 0.223611 0.063281 0.050000
0 0.231641 0.204167 0.061719 0.038889
0 0.230078 0.184028 0.064844 0.048611
0 0.236328 0.161806 0.060156 0.045833
0 0.228906 0.144444 0.073438 0.050000
0 0.234766 0.124306 0.066406 0.043056
0 0.235156 0.109028 0.073438 0.051389
0 0.237109 0.083333 0.067969 0.041667
0 0.240625 0.065278 0.068750 0.036111
0 0.240625 0.047222 0.078125 0.044444
0 0.252734 0.031944 0.060156 0.044444
0 0.242188 0.016667 0.064062 0.030556
0 0.332422 0.034028 0.124219 0.045833
0 0.332813 0.055556 0.114062 0.063889
0 0.334375 0.075694 0.123438 0.051389
0 0.332422 0.095139 0.124219 0.059722
0 0.333984 0.115278 0.113281 0.050000
0 0.330469 0.131944 0.120313 0.052778
0 0.327344 0.153472 0.118750 0.040278
0 0.331250 0.182639 0.125000 0.051389
0 0.320703 0.204861 0.130469 0.045833
0 0.324609 0.229861 0.117969 0.043056
0 0.323437 0.250000 0.110937 0.044444
0 0.320703 0.277778 0.125781 0.052778
0 0.405078 0.309722 0.038281 0.036111
0 0.400000 0.331250 0.042188 0.031944
0 0.405859 0.356944 0.036719 0.036111
0 0.401172 0.373611 0.035156 0.025000
0 0.407031 0.399306 0.032813 0.037500
0 0.441016 0.393750 0.033594 0.026389
0 0.437891 0.374306 0.028906 0.020833
0 0.436328 0.354167 0.027344 0.030556
0 0.436719 0.334028 0.032813 0.026389
0 0.438281 0.308333 0.029687 0.044444
0 0.444922 0.283333 0.024219 0.036111
0 0.447656 0.263194 0.021875 0.018056
0 0.451953 0.203472 0.024219 0.031944
0 0.459766 0.166667 0.039844 0.030556
0 0.471094 0.290972 0.012500 0.012500
0 0.407422 0.288889 0.041406 0.038889
0 0.408594 0.264583 0.037500 0.043056
0 0.411719 0.243056 0.035937 0.044444
0 0.411328 0.222917 0.038281 0.043056
0 0.412891 0.198611 0.038281 0.052778
0 0.413281 0.181944 0.037500 0.050000
0 0.415625 0.163194 0.039062 0.051389
0 0.417187 0.146528 0.042188 0.051389
0 0.414453 0.124306 0.047656 0.059722
0 0.412500 0.102083 0.040625 0.048611
