0 0.933594 0.413125 0.131250 0.078750
0 0.814844 0.466250 0.126562 0.075000
0 0.769922 0.091250 0.064844 0.095000
0 0.862891 0.143750 0.216406 0.115000
0 0.717187 0.685000 0.042188 0.065000
0 0.712891 0.730000 0.053906 0.055000
0 0.716406 0.762500 0.039062 0.047500
0 0.667969 0.710625 0.112500 0.053750
0 0.607422 0.651875 0.053906 0.038750
0 0.619141 0.410000 0.080469 0.030000
0 0.617578 0.390625 0.063281 0.016250
0 0.622656 0.385000 0.068750 0.012500
0 0.624609 0.371250 0.071094 0.015000
0 0.625781 0.360000 0.073438 0.012500
0 0.632031 0.344375 0.085938 0.016250
0 0.617578 0.318125 0.078906 0.018750
0 0.612500 0.300625 0.062500 0.016250
0 0.625000 0.291250 0.067187 0.017500
0 0.616797 0.264375 0.080469 0.013750
0 0.617969 0.278750 0.078125 0.017500
0 0.394531 0.380625 0.026562 0.011250
0 0.396094 0.373750 0.026562 0.012500
0 0.395703 0.360625 0.030469 0.006250
0 0.339844 0.579375 0.025000 0.031250
