0 0.714453 0.590278 0.069531 0.019444
0 0.818750 0.652778 0.168750 0.077778
0 0.933984 0.692361 0.125781 0.098611
0 0.616797 0.625000 0.091406 0.044444
0 0.538281 0.623611 0.070312 0.052778
0 0.463281 0.611111 0.082812 0.052778
0 0.357812 0.730556 0.145313 0.166667
0 0.156641 0.781250 0.308594 0.193056
0 0.339844 0.354167 0.073438 0.052778
0 0.430859 0.363194 0.038281 0.043056
0 0.465625 0.356250 0.035937 0.037500
0 0.492969 0.354861 0.034375 0.040278
0 0.530078 0.354861 0.032031 0.040278
0 0.559766 0.353472 0.028906 0.029167
0 0.592187 0.350000 0.034375 0.033333
0 0.631250 0.350000 0.029687 0.027778
0 0.563281 0.236806 0.028125 0.040278
0 0.591406 0.238194 0.035937 0.034722
0 0.626563 0.240278 0.029687 0.050000
0 0.660156 0.237500 0.029687 0.047222
0 0.533594 0.245139 0.043750 0.034722
0 0.662500 0.349306 0.029687 0.023611
0 0.692578 0.345139 0.035156 0.020833
0 0.692187 0.244444 0.034375 0.047222
0 0.721875 0.239583 0.031250 0.043056
0 0.752344 0.243056 0.034375 0.050000
0 0.785937 0.243056 0.025000 0.047222
0 0.789844 0.352778 0.023438 0.025000
0 0.761719 0.349306 0.031250 0.026389
0 0.732422 0.347222 0.033594 0.019444
0 0.824609 0.354861 0.038281 0.034722
0 0.851953 0.356944 0.030469 0.022222
0 0.877734 0.356250 0.032031 0.015278
0 0.930078 0.420833 0.025781 0.019444
0 0.939063 0.265972 0.037500 0.043056
0 0.984375 0.320833 0.029687 0.019444
0 0.983203 0.332639 0.024219 0.018056
0 0.291016 0.199306 0.063281 0.068056
0 0.281641 0.166667 0.030469 0.044444
0 0.314063 0.213889 0.059375 0.055556
0 0.331250 0.241667 0.065625 0.030556
0 0.367188 0.257639 0.035937 0.037500
0 0.030469 0.165972 0.054688 0.056944
0 0.022266 0.343056 0.028906 0.033333
0 0.016016 0.474306 0.028906 0.029167
0 0.012891 0.602778 0.016406 0.027778
