0 0.702734 0.606250 0.077344 0.018056
0 0.701953 0.482639 0.080469 0.037500
0 0.812891 0.477778 0.072656 0.016667
0 0.801562 0.598611 0.051562 0.030556
0 0.960156 0.540972 0.025000 0.012500
0 0.960156 0.550000 0.026562 0.008333
0 0.958594 0.559722 0.029687 0.011111
0 0.960156 0.570139 0.029687 0.009722
0 0.960938 0.582639 0.026562 0.015278
0 0.018750 0.569444 0.035937 0.063889
0 0.014453 0.513194 0.027344 0.062500
0 0.015625 0.461111 0.026562 0.058333
0 0.018750 0.412500 0.035937 0.075000
0 0.019141 0.362500 0.036719 0.080556
0 0.020703 0.309722 0.035156 0.086111
0 0.021875 0.265278 0.040625 0.105556
0 0.024219 0.210417 0.046875 0.104167
0 0.025000 0.159722 0.045312 0.111111
0 0.027734 0.113889 0.049219 0.100000
0 0.031250 0.070833 0.050000 0.094444
0 0.035547 0.041667 0.057031 0.069444
0 0.062109 0.021528 0.014844 0.031944
0 0.094922 0.130556 0.044531 0.030556
0 0.019141 0.620833 0.035156 0.075000
0 0.021875 0.675000 0.031250 0.086111
0 0.017188 0.725000 0.032813 0.075000
0 0.104688 0.563194 0.153125 0.065278
0 0.103906 0.600000 0.142187 0.050000
0 0.091016 0.641667 0.136719 0.075000
0 0.092578 0.689583 0.135156 0.051389
0 0.256641 0.607639 0.192969 0.062500
0 0.257812 0.659028 0.193750 0.043056
0 0.258984 0.706944 0.196094 0.055556
0 0.402344 0.141667 0.051562 0.047222
0 0.452734 0.145139 0.046094 0.034722
0 0.504687 0.152083 0.053125 0.040278
0 0.556641 0.169444 0.046094 0.033333
0 0.604688 0.191667 0.043750 0.038889
0 0.544922 0.615278 0.033594 0.019444
0 0.547656 0.598611 0.040625 0.025000
0 0.548828 0.582639 0.035156 0.026389
0 0.543750 0.565278 0.037500 0.027778
0 0.546484 0.548611 0.032031 0.022222
0 0.493750 0.377083 0.068750 0.029167
0 0.494922 0.391667 0.067969 0.027778
0 0.497266 0.413194 0.075781 0.023611
0 0.495703 0.432639 0.066406 0.023611
0 0.494922 0.449306 0.072656 0.023611
0 0.494922 0.471528 0.071094 0.023611
0 0.494531 0.490278 0.070312 0.016667
0 0.494922 0.508333 0.072656 0.019444
0 0.495312 0.527083 0.070312 0.018056
0 0.496484 0.546528 0.074219 0.020833
0 0.496094 0.566667 0.071875 0.019444
0 0.495312 0.584722 0.070312 0.016667
0 0.496875 0.602778 0.067187 0.019444
0 0.493359 0.623611 0.060156 0.022222
0 0.424609 0.622917 0.082031 0.020833
0 0.423047 0.602778 0.077344 0.027778
0 0.422266 0.589583 0.077344 0.037500
0 0.419922 0.560417 0.071094 0.023611
0 0.421094 0.546528 0.075000 0.023611
0 0.422656 0.522222 0.075000 0.022222
0 0.421875 0.504167 0.076563 0.027778
0 0.422266 0.485417 0.075781 0.023611
0 0.420312 0.465972 0.070312 0.029167
0 0.423047 0.447222 0.072656 0.025000
0 0.422656 0.425694 0.070312 0.037500
0 0.424609 0.409028 0.075781 0.034722
0 0.421875 0.390278 0.070312 0.038889
0 0.479687 0.359722 0.043750 0.013889
0 0.480078 0.344444 0.042969 0.022222
0 0.479297 0.325694 0.039844 0.020833
0 0.480078 0.311111 0.039844 0.025000
0 0.423047 0.313889 0.069531 0.038889
0 0.421094 0.336111 0.075000 0.038889
0 0.419922 0.350694 0.075781 0.043056
0 0.419922 0.370833 0.063281 0.047222
0 0.407031 0.256250 0.071875 0.051389
0 0.407813 0.272222 0.071875 0.047222
0 0.406641 0.293056 0.064844 0.050000
0 0.404687 0.309722 0.067187 0.055556
0 0.382031 0.321528 0.017188 0.031944
0 0.381250 0.337500 0.017188 0.025000
0 0.382422 0.348611 0.016406 0.022222
0 0.382031 0.363194 0.021875 0.029167
0 0.379297 0.377083 0.017969 0.020833
0 0.379688 0.395139 0.017188 0.029167
0 0.376563 0.412500 0.018750 0.025000
0 0.376563 0.427083 0.023438 0.029167
0 0.380469 0.442361 0.025000 0.023611
0 0.376953 0.459028 0.014844 0.023611
0 0.375781 0.479861 0.017188 0.018056
0 0.376563 0.492361 0.015625 0.018056
0 0.375391 0.510417 0.021094 0.026389
0 0.375781 0.524306 0.017188 0.018056
0 0.375000 0.541667 0.018750 0.016667
0 0.373828 0.556944 0.016406 0.013889
0 0.376953 0.571528 0.010156 0.018056
0 0.374609 0.590972 0.016406 0.020833
0 0.375781 0.606944 0.017188 0.016667
