0 0.493490 0.819444 0.192188 0.100000
0 0.361719 0.790741 0.100521 0.055556
0 0.644271 0.771759 0.097917 0.054630
0 0.738542 0.673148 0.105208 0.048148
0 0.280208 0.753241 0.103125 0.062037
0 0.184115 0.729630 0.142187 0.051852
0 0.168750 0.565741 0.117708 0.031481
0 0.266927 0.559259 0.092188 0.033333
0 0.345833 0.406944 0.051042 0.028704
0 0.376042 0.191204 0.078125 0.062037
0 0.426823 0.198148 0.047396 0.066667
0 0.469792 0.223148 0.038542 0.064815
0 0.509375 0.229167 0.036458 0.047222
0 0.542708 0.241667 0.033333 0.059259
0 0.567969 0.254167 0.031771 0.041667
0 0.470833 0.137500 0.043750 0.043519
0 0.371875 0.095370 0.080208 0.029630
0 0.282292 0.142130 0.063542 0.067593
0 0.214062 0.121759 0.071875 0.080556
0 0.126302 0.109259 0.103646 0.070370
0 0.951562 0.568056 0.058333 0.034259
