0 0.482812 0.438889 0.167708 0.061111
0 0.610677 0.422685 0.114062 0.047222
0 0.486458 0.581019 0.162500 0.095370
0 0.322135 0.613889 0.160938 0.088889
0 0.122135 0.651389 0.221354 0.113889
0 0.115625 0.446759 0.206250 0.073148
0 0.206510 0.186111 0.377604 0.142593
0 0.532552 0.202315 0.144271 0.056481
0 0.555729 0.242130 0.123958 0.045370
0 0.743750 0.264815 0.172917 0.059259
0 0.764323 0.074537 0.141146 0.110185
0 0.904948 0.924537 0.171354 0.113889
0 0.682292 0.893519 0.170833 0.098148
0 0.253125 0.906481 0.160417 0.124074
0 0.521094 0.732870 0.106771 0.091667
0 0.250781 0.726389 0.264062 0.136111
0 0.960156 0.210185 0.065104 0.048148
