0 0.739062 0.577778 0.056250 0.086111
0 0.801953 0.518750 0.017969 0.054167
0 0.688672 0.064583 0.069531 0.118056
0 0.740234 0.122917 0.047656 0.084722
0 0.771875 0.176389 0.034375 0.069444
0 0.788672 0.207639 0.030469 0.056944
0 0.810937 0.233333 0.014063 0.047222
0 0.821484 0.254167 0.014844 0.033333
0 0.836328 0.272222 0.008594 0.033333
0 0.816406 0.093750 0.023438 0.070833
0 0.828125 0.045139 0.020313 0.026389
0 0.783984 0.019444 0.027344 0.027778
0 0.984375 0.079861 0.028125 0.076389
0 0.973437 0.215278 0.032813 0.069444
0 0.966016 0.187500 0.013281 0.072222
0 0.949609 0.234722 0.019531 0.052778
0 0.950781 0.272222 0.034375 0.069444
0 0.619141 0.020833 0.071094 0.036111
