0 0.431250 0.468056 0.045312 0.047222
0 0.418750 0.396528 0.075000 0.040278
0 0.416406 0.326389 0.092188 0.075000
0 0.406641 0.336806 0.100781 0.068056
0 0.469141 0.484028 0.030469 0.023611
0 0.469531 0.276389 0.023438 0.047222
0 0.451953 0.239583 0.027344 0.056944
0 0.420703 0.198611 0.047656 0.066667
0 0.364063 0.132639 0.057813 0.084722
0 0.311328 0.054861 0.061719 0.106944
0 0.476172 0.302778 0.055469 0.036111
0 0.479687 0.325694 0.067187 0.037500
0 0.495312 0.493056 0.020313 0.025000
0 0.494922 0.552083 0.021094 0.020833
0 0.467969 0.552083 0.034375 0.020833
0 0.448828 0.551389 0.014844 0.025000
0 0.353516 0.534028 0.183594 0.118056
0 0.451562 0.694444 0.070312 0.061111
0 0.374219 0.788194 0.084375 0.076389
0 0.494922 0.606944 0.017969 0.022222
0 0.948828 0.732639 0.102344 0.115278
0 0.888281 0.103472 0.114062 0.115278
0 0.816016 0.224306 0.052344 0.051389
0 0.802344 0.264583 0.051562 0.043056
0 0.801953 0.294444 0.083594 0.036111
0 0.794531 0.319444 0.087500 0.030556
0 0.481250 0.038194 0.043750 0.054167
0 0.790625 0.631944 0.021875 0.025000
0 0.881641 0.033333 0.038281 0.058333
