0 0.674219 0.093750 0.121875 0.145833
0 0.753906 0.172917 0.054688 0.106944
0 0.794922 0.226389 0.030469 0.069444
0 0.821484 0.247917 0.030469 0.076389
0 0.845703 0.290278 0.033594 0.044444
0 0.865625 0.302083 0.014063 0.043056
0 0.820703 0.513889 0.052344 0.044444
0 0.807813 0.563194 0.035937 0.068056
0 0.878906 0.464583 0.021875 0.029167
0 0.866797 0.476389 0.013281 0.030556
0 0.570703 0.706250 0.332031 0.231944
0 0.391797 0.778472 0.564844 0.415278
0 0.205078 0.797917 0.399219 0.393056
0 0.993359 0.268056 0.011719 0.027778
0 0.983594 0.290278 0.017188 0.036111
0 0.995703 0.477083 0.008594 0.031944
