0 0.336328 0.860417 0.436719 0.270833
0 0.581250 0.725694 0.287500 0.240278
0 0.703516 0.643056 0.158594 0.133333
0 0.788281 0.573611 0.053125 0.094444
0 0.616797 0.081250 0.161719 0.154167
0 0.734375 0.146528 0.079687 0.148611
0 0.785156 0.208333 0.053125 0.102778
0 0.821094 0.256250 0.032813 0.084722
0 0.841406 0.269444 0.020313 0.061111
0 0.853125 0.290278 0.018750 0.055556
0 0.848828 0.518056 0.016406 0.044444
0 0.858203 0.499306 0.022656 0.040278
0 0.891797 0.461806 0.017969 0.023611
0 0.856641 0.313194 0.047656 0.026389
0 0.817187 0.110417 0.095312 0.045833
0 0.801172 0.074306 0.102344 0.043056
0 0.796875 0.031944 0.062500 0.050000
0 0.407422 0.297917 0.069531 0.045833
0 0.331641 0.292361 0.088281 0.048611
0 0.993750 0.467361 0.007812 0.026389
