0 0.394141 0.036111 0.060156 0.072222
0 0.442188 0.102083 0.050000 0.093056
0 0.489844 0.180556 0.035937 0.075000
0 0.520312 0.227778 0.026562 0.061111
0 0.598828 0.163194 0.008594 0.020833
0 0.590234 0.138889 0.008594 0.030556
0 0.562109 0.027083 0.011719 0.043056
0 0.808984 0.062500 0.030469 0.050000
0 0.803125 0.103472 0.026562 0.034722
0 0.798438 0.131944 0.028125 0.027778
0 0.586719 0.343056 0.009375 0.030556
0 0.576953 0.327083 0.011719 0.031944
0 0.562500 0.295833 0.023438 0.038889
0 0.541406 0.264583 0.018750 0.043056
0 0.595703 0.357639 0.008594 0.023611
0 0.610156 0.195139 0.007812 0.023611
0 0.807422 0.336806 0.014844 0.029167
