0 0.204297 0.350694 0.183594 0.140278
0 0.205078 0.787500 0.175781 0.138889
0 0.418750 0.691667 0.087500 0.061111
0 0.516797 0.577778 0.057031 0.022222
0 0.525391 0.646528 0.036719 0.023611
0 0.567187 0.572917 0.062500 0.023611
0 0.578516 0.633333 0.041406 0.025000
0 0.569531 0.513194 0.062500 0.023611
0 0.612500 0.520833 0.012500 0.022222
0 0.627344 0.527083 0.012500 0.018056
0 0.626953 0.567361 0.013281 0.015278
0 0.614453 0.570833 0.014844 0.019444
0 0.612891 0.620139 0.013281 0.023611
0 0.626953 0.609722 0.014844 0.019444
0 0.650000 0.597222 0.007812 0.013889
0 0.558984 0.302083 0.035156 0.056944
0 0.590625 0.342361 0.028125 0.045833
0 0.617578 0.374306 0.021094 0.034722
0 0.615625 0.322222 0.023438 0.036111
0 0.588281 0.286806 0.029687 0.048611
0 0.614844 0.272917 0.021875 0.034722
0 0.482031 0.226389 0.118750 0.091667
0 0.496875 0.145139 0.096875 0.090278
0 0.400000 0.093750 0.103125 0.140278
0 0.496875 0.063194 0.095312 0.090278
0 0.532422 0.024306 0.022656 0.048611
0 0.591406 0.101389 0.023438 0.058333
0 0.616797 0.039583 0.028906 0.040278
0 0.638672 0.094444 0.010156 0.033333
0 0.559375 0.226389 0.032813 0.055556
0 0.586719 0.229861 0.025000 0.048611
0 0.585938 0.179861 0.029687 0.056944
0 0.614062 0.229861 0.023438 0.048611
0 0.631641 0.217361 0.014844 0.029167
0 0.644922 0.247222 0.010156 0.027778
0 0.666016 0.245833 0.014844 0.036111
0 0.645703 0.305556 0.013281 0.027778
0 0.645703 0.340972 0.011719 0.020833
0 0.700000 0.336806 0.021875 0.009722
0 0.722656 0.335417 0.021875 0.009722
0 0.749219 0.334722 0.023438 0.011111
0 0.775000 0.336111 0.021875 0.011111
0 0.682422 0.337500 0.011719 0.008333
0 0.626563 0.418056 0.060937 0.025000
0 0.652344 0.528472 0.010937 0.012500
0 0.871094 0.322222 0.053125 0.022222
0 0.817187 0.395139 0.004687 0.020833
0 0.793750 0.335417 0.015625 0.009722
0 0.908203 0.203472 0.022656 0.048611
0 0.951953 0.087500 0.036719 0.086111
0 0.853516 0.109722 0.019531 0.063889
0 0.843750 0.163194 0.010937 0.051389
0 0.429688 0.029861 0.040625 0.054167
0 0.559375 0.166667 0.028125 0.063889
0 0.560156 0.104861 0.029687 0.076389
0 0.589063 0.051389 0.026562 0.050000
0 0.592578 0.022222 0.019531 0.044444
0 0.561328 0.027778 0.032031 0.052778
0 0.622266 0.172917 0.024219 0.031944
0 0.619922 0.139583 0.028906 0.034722
0 0.646094 0.377778 0.014063 0.019444
0 0.657813 0.330556 0.009375 0.022222
0 0.651953 0.563889 0.008594 0.011111
0 0.667969 0.586806 0.014063 0.012500
0 0.668750 0.558333 0.015625 0.011111
0 0.667969 0.527778 0.014063 0.011111
0 0.669531 0.498611 0.017188 0.013889
0 0.643750 0.490278 0.006250 0.013889
0 0.658203 0.399306 0.010156 0.018056
0 0.658984 0.364583 0.008594 0.020833
0 0.655469 0.283333 0.012500 0.030556
0 0.655469 0.192361 0.012500 0.031944
0 0.649609 0.132639 0.014844 0.037500
0 0.647266 0.077083 0.013281 0.034722
0 0.842187 0.343750 0.009375 0.029167
0 0.822266 0.381944 0.007031 0.016667
0 0.797266 0.239583 0.007031 0.020833
0 0.809375 0.161111 0.009375 0.027778
