0 0.157422 0.647917 0.257031 0.184722
0 0.154688 0.722222 0.271875 0.127778
0 0.148047 0.790278 0.263281 0.155556
0 0.376563 0.786111 0.245312 0.200000
0 0.281641 0.718750 0.114844 0.093056
0 0.246875 0.579167 0.181250 0.086111
0 0.299219 0.627083 0.078125 0.062500
0 0.305859 0.675694 0.071094 0.081944
0 0.112891 0.587500 0.074219 0.027778
0 0.147656 0.565278 0.121875 0.047222
0 0.144922 0.531250 0.135156 0.040278
0 0.146875 0.500694 0.126562 0.048611
0 0.144922 0.463194 0.122656 0.040278
0 0.152344 0.432639 0.126562 0.056944
0 0.151953 0.393750 0.132031 0.056944
0 0.153125 0.363194 0.128125 0.059722
0 0.154297 0.325694 0.122656 0.056944
0 0.156641 0.297917 0.121094 0.068056
0 0.159375 0.264583 0.121875 0.073611
0 0.158594 0.234722 0.126562 0.077778
0 0.164062 0.200000 0.118750 0.080556
0 0.166016 0.166667 0.116406 0.072222
0 0.169141 0.145833 0.119531 0.083333
0 0.171875 0.118750 0.117188 0.081944
0 0.178516 0.090278 0.113281 0.088889
0 0.177344 0.064583 0.121875 0.095833
0 0.180469 0.039583 0.123438 0.068056
0 0.648438 0.598611 0.040625 0.025000
0 0.685937 0.600694 0.031250 0.020833
0 0.870313 0.662500 0.067187 0.047222
0 0.939844 0.729861 0.115625 0.093056
0 0.945312 0.043056 0.046875 0.063889
0 0.854297 0.026389 0.039844 0.047222
0 0.801172 0.105556 0.035156 0.055556
0 0.760156 0.169444 0.029687 0.047222
0 0.710938 0.233333 0.017188 0.041667
0 0.694922 0.254167 0.014844 0.025000
0 0.673438 0.289583 0.020313 0.026389
0 0.409375 0.638889 0.045312 0.019444
0 0.407813 0.614583 0.042188 0.029167
0 0.409766 0.589583 0.039844 0.026389
0 0.409766 0.568750 0.042969 0.026389
0 0.409375 0.543750 0.045312 0.023611
0 0.407422 0.517361 0.046094 0.026389
0 0.405078 0.491667 0.039844 0.025000
0 0.407813 0.468750 0.039062 0.029167
0 0.405469 0.447917 0.034375 0.026389
0 0.408984 0.429861 0.035156 0.026389
0 0.410156 0.408333 0.034375 0.022222
0 0.409375 0.388194 0.032813 0.023611
0 0.408594 0.371528 0.032813 0.020833
0 0.409766 0.351389 0.035156 0.022222
0 0.403125 0.331250 0.043750 0.026389
0 0.449219 0.356250 0.053125 0.018056
0 0.450391 0.375694 0.050781 0.020833
0 0.452344 0.393750 0.053125 0.015278
0 0.451953 0.410417 0.053906 0.018056
0 0.450781 0.427083 0.051562 0.015278
0 0.450000 0.443750 0.053125 0.018056
0 0.449609 0.461806 0.052344 0.018056
0 0.448437 0.477083 0.054688 0.012500
0 0.448828 0.488194 0.055469 0.009722
0 0.454297 0.506944 0.060156 0.022222
0 0.451562 0.527083 0.054688 0.018056
0 0.448828 0.547917 0.066406 0.020833
0 0.447266 0.568056 0.063281 0.019444
0 0.451562 0.586111 0.057813 0.013889
0 0.451562 0.603472 0.057813 0.020833
0 0.451953 0.622917 0.057031 0.018056
0 0.509375 0.571528 0.043750 0.012500
0 0.508203 0.585417 0.042969 0.015278
0 0.505078 0.597917 0.036719 0.009722
0 0.314453 0.095139 0.071094 0.068056
0 0.314453 0.074306 0.066406 0.056944
0 0.318359 0.054861 0.072656 0.073611
0 0.305078 0.120833 0.053906 0.052778
0 0.305078 0.139583 0.052344 0.048611
0 0.301172 0.155556 0.049219 0.044444
0 0.299609 0.179167 0.053906 0.041667
0 0.298047 0.194444 0.052344 0.033333
0 0.301563 0.219444 0.065625 0.038889
0 0.345703 0.181250 0.024219 0.015278
0 0.345313 0.193750 0.025000 0.012500
0 0.343359 0.205556 0.021094 0.011111
0 0.344922 0.219444 0.017969 0.016667
0 0.381250 0.176389 0.040625 0.013889
0 0.379297 0.189583 0.044531 0.012500
0 0.377344 0.202083 0.040625 0.012500
0 0.379297 0.214583 0.036719 0.012500
0 0.378516 0.227778 0.035156 0.013889
0 0.372266 0.247222 0.021094 0.036111
0 0.370703 0.261806 0.016406 0.037500
0 0.369922 0.277083 0.017969 0.034722
0 0.385547 0.243056 0.024219 0.008333
0 0.384375 0.255556 0.021875 0.013889
0 0.386328 0.268750 0.017969 0.012500
0 0.385547 0.280556 0.016406 0.011111
0 0.382812 0.293056 0.021875 0.013889
0 0.425391 0.175694 0.041406 0.020833
0 0.421875 0.188194 0.045312 0.012500
0 0.423047 0.202083 0.042969 0.012500
0 0.423438 0.217361 0.042188 0.015278
0 0.421094 0.229167 0.042188 0.013889
0 0.419922 0.240278 0.044531 0.013889
0 0.419922 0.251389 0.044531 0.013889
0 0.418359 0.267361 0.041406 0.015278
0 0.418359 0.283333 0.046094 0.016667
0 0.417187 0.297917 0.042188 0.015278
0 0.419922 0.310417 0.036719 0.009722
0 0.430859 0.325694 0.017969 0.018056
0 0.432031 0.342361 0.015625 0.015278
0 0.470313 0.179861 0.043750 0.015278
0 0.469531 0.192361 0.045312 0.015278
0 0.468750 0.205556 0.043750 0.013889
0 0.467187 0.219444 0.048438 0.013889
0 0.466797 0.232639 0.046094 0.012500
0 0.467578 0.245139 0.047656 0.012500
0 0.466406 0.258333 0.048438 0.011111
0 0.465234 0.270139 0.046094 0.012500
0 0.466797 0.283333 0.044531 0.008333
0 0.463672 0.296528 0.042969 0.015278
0 0.464062 0.311806 0.046875 0.012500
0 0.463672 0.323611 0.046094 0.019444
0 0.464453 0.340278 0.042969 0.022222
0 0.575000 0.565278 0.042188 0.008333
0 0.573438 0.574306 0.037500 0.009722
0 0.573047 0.583333 0.036719 0.011111
0 0.500391 0.284722 0.021094 0.011111
0 0.499219 0.295833 0.023438 0.011111
0 0.499609 0.305556 0.024219 0.008333
0 0.500000 0.315278 0.023438 0.011111
0 0.500781 0.325000 0.025000 0.008333
0 0.498437 0.334028 0.025000 0.012500
0 0.498828 0.343750 0.025781 0.006944
0 0.499609 0.352083 0.027344 0.009722
0 0.499609 0.361806 0.027344 0.009722
0 0.498828 0.371528 0.025781 0.009722
0 0.498828 0.381250 0.025781 0.009722
0 0.499219 0.390972 0.026562 0.009722
0 0.499609 0.400694 0.025781 0.009722
0 0.498437 0.410417 0.023438 0.009722
0 0.499609 0.420139 0.021094 0.009722
0 0.501953 0.431944 0.025781 0.013889
0 0.500391 0.445833 0.028906 0.013889
0 0.499219 0.456944 0.028125 0.008333
0 0.500000 0.463889 0.025000 0.013889
0 0.499219 0.477778 0.023438 0.013889
0 0.539453 0.487500 0.030469 0.011111
0 0.541016 0.497222 0.028906 0.008333
0 0.540234 0.504167 0.027344 0.008333
0 0.540625 0.513889 0.028125 0.011111
0 0.540234 0.523611 0.024219 0.008333
0 0.542188 0.532639 0.026562 0.009722
0 0.542188 0.541667 0.025000 0.008333
0 0.542969 0.550000 0.026562 0.008333
0 0.543359 0.557639 0.024219 0.006944
0 0.542578 0.565278 0.024219 0.008333
0 0.542969 0.574306 0.021875 0.009722
0 0.543359 0.583333 0.024219 0.008333
