0 0.239583 0.130556 0.082292 0.050000
0 0.095312 0.050463 0.189583 0.091667
0 0.102604 0.111574 0.197917 0.108333
0 0.100000 0.164352 0.198958 0.154630
0 0.096875 0.210648 0.192708 0.149074
0 0.103906 0.279167 0.203646 0.132407
0 0.096094 0.333796 0.191146 0.136111
0 0.100521 0.408333 0.197917 0.109259
0 0.100781 0.485185 0.198437 0.101852
0 0.104948 0.568056 0.207813 0.097222
0 0.110677 0.633333 0.216146 0.101852
0 0.105729 0.708796 0.209375 0.106481
0 0.107031 0.770833 0.203646 0.119444
0 0.109896 0.847222 0.214583 0.140741
0 0.110677 0.914352 0.216146 0.152778
0 0.189844 0.945833 0.046354 0.089815
0 0.320573 0.773148 0.233854 0.109259
0 0.306250 0.848611 0.205208 0.075000
0 0.313802 0.903241 0.220312 0.097222
0 0.317708 0.959259 0.206250 0.072222
0 0.545573 0.792593 0.246354 0.153704
0 0.544271 0.880093 0.240625 0.075000
0 0.541406 0.932407 0.254688 0.087037
0 0.371875 0.701389 0.104167 0.058333
0 0.295833 0.708796 0.053125 0.049074
0 0.525781 0.714815 0.129688 0.040741
0 0.792448 0.051852 0.067187 0.053704
0 0.720833 0.059259 0.060417 0.048148
0 0.652083 0.083796 0.077083 0.060185
0 0.860156 0.058333 0.057813 0.064815
0 0.934115 0.044444 0.070312 0.059259
0 0.873177 0.568519 0.045312 0.033333
0 0.877344 0.587500 0.053646 0.017593
0 0.878125 0.612500 0.053125 0.028704
0 0.878385 0.634722 0.058854 0.028704
0 0.880208 0.656481 0.054167 0.025926
0 0.812500 0.689352 0.086458 0.032407
0 0.810677 0.668056 0.091146 0.043519
0 0.808333 0.644907 0.086458 0.041667
0 0.811979 0.613889 0.092708 0.038889
0 0.809375 0.592130 0.092708 0.045370
0 0.807813 0.568056 0.089583 0.036111
0 0.810677 0.546296 0.092188 0.033333
0 0.808333 0.521296 0.095833 0.040741
0 0.808333 0.494444 0.092708 0.035185
0 0.804167 0.474537 0.101042 0.039815
0 0.805208 0.450463 0.088542 0.036111
0 0.802344 0.428704 0.095312 0.040741
0 0.804427 0.404167 0.083854 0.034259
0 0.801042 0.378241 0.092708 0.050926
0 0.700521 0.318519 0.090625 0.055556
0 0.696094 0.343981 0.084896 0.052778
0 0.701562 0.369907 0.090625 0.052778
0 0.701042 0.392593 0.094792 0.051852
0 0.704948 0.412500 0.096354 0.050926
0 0.705208 0.433333 0.092708 0.042593
0 0.708594 0.459259 0.091146 0.044444
0 0.707812 0.485185 0.094792 0.033333
0 0.708333 0.505093 0.098958 0.037963
0 0.709896 0.530556 0.104167 0.029630
0 0.711979 0.553241 0.105208 0.039815
0 0.711458 0.577778 0.096875 0.029630
0 0.712760 0.596296 0.100521 0.042593
0 0.716406 0.622685 0.105729 0.043519
0 0.717708 0.643981 0.098958 0.041667
0 0.715885 0.671759 0.098437 0.028704
0 0.717969 0.693981 0.095312 0.037963
0 0.755208 0.292130 0.086458 0.028704
0 0.764062 0.306481 0.068750 0.025926
0 0.764583 0.325926 0.075000 0.031481
0 0.770833 0.357870 0.061458 0.032407
0 0.672656 0.236574 0.084896 0.049074
0 0.670833 0.253704 0.081250 0.057407
0 0.669010 0.278241 0.074479 0.056481
0 0.670573 0.299074 0.072396 0.048148
0 0.647656 0.318981 0.026562 0.037963
0 0.647135 0.341204 0.021354 0.030556
0 0.645833 0.359259 0.020833 0.033333
0 0.644010 0.377778 0.016146 0.033333
0 0.647917 0.398148 0.023958 0.029630
0 0.647396 0.414815 0.021875 0.029630
0 0.648438 0.433796 0.025000 0.028704
0 0.651823 0.452315 0.026562 0.032407
0 0.648177 0.472685 0.020313 0.028704
0 0.648438 0.495370 0.023958 0.024074
0 0.651302 0.512500 0.022396 0.019444
0 0.649479 0.531944 0.020833 0.019444
0 0.650000 0.547685 0.019792 0.012037
0 0.650781 0.565278 0.021354 0.023148
0 0.652083 0.585185 0.018750 0.016667
0 0.652604 0.604630 0.020833 0.022222
0 0.651823 0.626852 0.019271 0.029630
0 0.653385 0.649537 0.020313 0.026852
0 0.655208 0.668519 0.020833 0.020370
