0 0.811719 0.304861 0.046875 0.054167
0 0.845703 0.297222 0.044531 0.052778
0 0.878125 0.287500 0.050000 0.058333
0 0.917188 0.270139 0.037500 0.043056
0 0.952734 0.264583 0.042969 0.037500
0 0.959375 0.351389 0.029687 0.036111
0 0.898047 0.136111 0.041406 0.069444
0 0.933594 0.118750 0.029687 0.048611
0 0.872266 0.743750 0.146094 0.109722
0 0.711328 0.758333 0.192969 0.127778
0 0.488281 0.736111 0.178125 0.097222
0 0.370703 0.640278 0.067969 0.061111
0 0.376563 0.496528 0.092188 0.051389
0 0.376563 0.356944 0.107813 0.050000
0 0.457813 0.196528 0.103125 0.065278
0 0.455078 0.163194 0.108594 0.043056
0 0.233984 0.488889 0.111719 0.041667
0 0.088281 0.474306 0.117188 0.043056
0 0.095703 0.320139 0.102344 0.045833
0 0.152734 0.680556 0.157031 0.088889
0 0.186328 0.145139 0.241406 0.115278
0 0.632422 0.276389 0.169531 0.086111
0 0.669141 0.150000 0.083594 0.077778
0 0.634375 0.121528 0.079687 0.087500
0 0.581250 0.089583 0.106250 0.076389
0 0.509375 0.049306 0.126562 0.095833
