0 0.378906 0.268981 0.086979 0.049074
0 0.377604 0.292593 0.095833 0.044444
0 0.383594 0.312500 0.086979 0.049074
0 0.377604 0.335648 0.081250 0.050926
0 0.358854 0.350463 0.033333 0.037963
0 0.354427 0.376389 0.028646 0.045370
0 0.355990 0.406481 0.025521 0.035185
0 0.356250 0.429167 0.026042 0.032407
0 0.356510 0.450926 0.034896 0.025926
0 0.353646 0.465278 0.030208 0.019444
0 0.353906 0.488889 0.029687 0.031481
0 0.404427 0.400926 0.080729 0.055556
0 0.405990 0.419444 0.080729 0.046296
0 0.379948 0.447222 0.027604 0.029630
0 0.383333 0.476389 0.043750 0.034259
0 0.380469 0.503241 0.020313 0.030556
0 0.460417 0.334722 0.045833 0.021296
0 0.465625 0.354167 0.056250 0.013889
0 0.467448 0.375926 0.052604 0.024074
0 0.471875 0.395833 0.050000 0.019444
0 0.494010 0.418056 0.079687 0.026852
0 0.494531 0.445370 0.086979 0.025926
0 0.496094 0.465278 0.080729 0.019444
0 0.497135 0.485648 0.075521 0.021296
0 0.502604 0.508333 0.065625 0.024074
0 0.504687 0.531481 0.069792 0.022222
0 0.507812 0.555093 0.063542 0.028704
0 0.508073 0.576852 0.068229 0.024074
0 0.503646 0.599537 0.071875 0.041667
0 0.504687 0.621296 0.069792 0.025926
0 0.506771 0.644444 0.067708 0.040741
0 0.507031 0.663889 0.071354 0.029630
0 0.510677 0.686111 0.066146 0.025926
0 0.509635 0.711574 0.065104 0.034259
0 0.740365 0.492130 0.100521 0.036111
0 0.748437 0.649074 0.100000 0.035185
0 0.843750 0.645833 0.092708 0.028704
0 0.837500 0.500000 0.084375 0.040741
0 0.601562 0.143056 0.059375 0.056481
0 0.542188 0.136111 0.047917 0.059259
0 0.488542 0.124074 0.055208 0.050000
0 0.422917 0.112963 0.064583 0.072222
0 0.356771 0.113889 0.069792 0.066667
0 0.212500 0.872222 0.284375 0.196296
0 0.214062 0.935185 0.265625 0.124074
0 0.298958 0.969444 0.131250 0.055556
0 0.048438 0.854167 0.087500 0.136111
0 0.045833 0.935648 0.079167 0.075000
0 0.040885 0.990278 0.075521 0.019444
