0 0.806510 0.762037 0.124479 0.100000
0 0.690365 0.755556 0.126562 0.081481
0 0.419531 0.690741 0.085938 0.051852
0 0.476823 0.667130 0.042188 0.034259
0 0.509635 0.640741 0.035937 0.029630
0 0.511979 0.049537 0.029167 0.041667
0 0.922396 0.608796 0.085417 0.023148
0 0.536198 0.077778 0.022396 0.029630
0 0.480729 0.020833 0.033333 0.037963
0 0.846615 0.245833 0.039062 0.019444
0 0.846875 0.231481 0.038542 0.022222
0 0.846875 0.220370 0.038542 0.022222
0 0.845833 0.208796 0.037500 0.025000
0 0.845052 0.198148 0.038021 0.024074
0 0.845313 0.185648 0.038542 0.026852
0 0.841927 0.174074 0.042188 0.022222
0 0.841667 0.162037 0.042708 0.022222
0 0.841927 0.150000 0.042188 0.024074
0 0.841406 0.135648 0.041146 0.023148
0 0.841146 0.123148 0.041667 0.025926
0 0.841667 0.112037 0.041667 0.024074
0 0.840885 0.099537 0.041146 0.026852
0 0.841146 0.088426 0.041667 0.025000
0 0.840885 0.075463 0.041146 0.025000
0 0.840625 0.063426 0.041667 0.026852
0 0.840625 0.051389 0.041667 0.026852
0 0.840365 0.038426 0.041146 0.026852
0 0.840365 0.026852 0.041146 0.029630
0 0.840365 0.013889 0.041146 0.025926
0 0.889062 0.146296 0.043750 0.024074
0 0.888542 0.136111 0.043750 0.024074
0 0.887760 0.123611 0.044271 0.025000
0 0.887760 0.110648 0.044271 0.026852
0 0.887240 0.099074 0.044271 0.024074
0 0.886719 0.086574 0.043229 0.025000
0 0.886458 0.075463 0.042708 0.026852
0 0.886458 0.061574 0.043750 0.028704
0 0.885938 0.048611 0.042708 0.028704
0 0.886198 0.037037 0.043229 0.033333
0 0.885417 0.024537 0.043750 0.028704
0 0.885677 0.012963 0.043229 0.025926
0 0.883594 0.007870 0.040104 0.015741
0 0.950521 0.130556 0.046875 0.029630
0 0.950260 0.117130 0.046354 0.030556
0 0.949740 0.102315 0.046354 0.028704
0 0.949740 0.088889 0.046354 0.031481
0 0.950000 0.076389 0.045833 0.030556
0 0.950000 0.063426 0.046875 0.030556
0 0.949740 0.050000 0.046354 0.031481
0 0.949219 0.037500 0.045312 0.026852
0 0.946875 0.024074 0.045833 0.029630
0 0.947135 0.013426 0.046354 0.025000
0 0.942708 0.006944 0.037500 0.013889
0 0.993490 0.115278 0.011979 0.015741
0 0.993490 0.101852 0.013021 0.016667
0 0.993490 0.089815 0.011979 0.020370
0 0.993750 0.076389 0.011458 0.019444
0 0.993490 0.062500 0.011979 0.017593
0 0.993490 0.050926 0.013021 0.018519
0 0.992969 0.037500 0.013021 0.017593
0 0.992188 0.021759 0.013542 0.017593
0 0.992188 0.011111 0.014583 0.018519
