0 0.783594 0.498611 0.084896 0.021296
0 0.784115 0.511574 0.083854 0.008333
0 0.782813 0.521759 0.081250 0.015741
0 0.783594 0.533333 0.092188 0.012963
0 0.777865 0.549537 0.089063 0.019444
0 0.780990 0.563889 0.082812 0.012963
0 0.781250 0.581019 0.084375 0.021296
0 0.780208 0.595833 0.084375 0.015741
0 0.780208 0.611111 0.082292 0.018519
0 0.815104 0.631019 0.032292 0.017593
0 0.874740 0.699537 0.065104 0.036111
0 0.972135 0.460648 0.041146 0.028704
0 0.972135 0.475463 0.041146 0.012037
0 0.977083 0.495370 0.044792 0.027778
0 0.975000 0.511111 0.044792 0.016667
0 0.979427 0.529630 0.035937 0.020370
0 0.967969 0.547222 0.061979 0.022222
0 0.969531 0.567593 0.054688 0.020370
0 0.967448 0.587500 0.056771 0.023148
0 0.970052 0.607870 0.054688 0.019444
0 0.969792 0.632870 0.056250 0.030556
0 0.911198 0.546296 0.039062 0.033333
0 0.913281 0.568519 0.045312 0.022222
0 0.921615 0.591667 0.036979 0.024074
0 0.918490 0.610648 0.029687 0.019444
0 0.923698 0.630093 0.033854 0.013889
0 0.922135 0.647222 0.038021 0.018519
0 0.917188 0.667130 0.032292 0.023148
0 0.855990 0.540741 0.074479 0.014815
0 0.853646 0.554167 0.069792 0.012037
0 0.855729 0.566204 0.065625 0.013889
0 0.854427 0.580556 0.064062 0.014815
0 0.858594 0.597685 0.075521 0.012037
0 0.858073 0.613426 0.074479 0.019444
0 0.861719 0.628704 0.067187 0.014815
0 0.863021 0.645370 0.070833 0.018519
0 0.861458 0.656944 0.073958 0.010185
0 0.859375 0.671759 0.067708 0.019444
0 0.822656 0.169907 0.057813 0.047222
0 0.761719 0.176389 0.058854 0.026852
0 0.886458 0.167130 0.059375 0.026852
0 0.635156 0.195370 0.050521 0.029630
0 0.588281 0.200000 0.041146 0.038889
0 0.550260 0.254167 0.038021 0.089815
0 0.477344 0.189815 0.127604 0.112963
0 0.387500 0.062037 0.220833 0.105556
0 0.548958 0.049074 0.036458 0.090741
0 0.351042 0.384722 0.245833 0.143519
0 0.474219 0.435648 0.080729 0.065741
0 0.293229 0.816667 0.162500 0.161111
0 0.113542 0.909722 0.223958 0.176852
0 0.410156 0.751852 0.086979 0.098148
0 0.474740 0.716667 0.075521 0.068519
0 0.530729 0.696296 0.043750 0.061111
0 0.640365 0.654167 0.067187 0.056481
0 0.936719 0.768056 0.078646 0.069444
