0 0.953646 0.162500 0.091667 0.125000
0 0.922917 0.261111 0.134375 0.087037
0 0.859896 0.309722 0.083333 0.058333
0 0.851042 0.350463 0.104167 0.058333
0 0.821354 0.381019 0.093750 0.037963
0 0.801042 0.411574 0.066667 0.032407
0 0.758854 0.431019 0.013542 0.028704
0 0.748177 0.446759 0.020313 0.021296
0 0.734635 0.458333 0.017188 0.020370
0 0.433333 0.080556 0.089583 0.159259
0 0.485156 0.173148 0.043229 0.105556
0 0.511198 0.261111 0.033854 0.087037
0 0.533594 0.310185 0.021354 0.053704
0 0.547135 0.350463 0.017188 0.034259
0 0.550000 0.386111 0.016667 0.025926
0 0.542708 0.127778 0.026042 0.059259
0 0.526823 0.062963 0.029687 0.066667
0 0.564844 0.023148 0.017188 0.037037
0 0.575521 0.089352 0.020833 0.054630
0 0.557031 0.196759 0.019271 0.047222
0 0.567187 0.237963 0.015625 0.048148
0 0.858333 0.028241 0.066667 0.050926
0 0.838281 0.076389 0.074479 0.075000
0 0.820573 0.144444 0.088021 0.075926
0 0.790104 0.198148 0.050000 0.040741
0 0.779687 0.235648 0.052083 0.050926
0 0.764583 0.275000 0.048958 0.040741
0 0.778385 0.017130 0.029687 0.030556
0 0.770833 0.056019 0.031250 0.047222
0 0.759115 0.105556 0.033854 0.055556
0 0.550781 0.404630 0.029687 0.025926
0 0.550000 0.422222 0.044792 0.018519
0 0.366667 0.302778 0.110417 0.155556
0 0.181510 0.130556 0.270313 0.261111
0 0.440104 0.393981 0.072917 0.106481
0 0.480729 0.433333 0.051042 0.083333
0 0.513802 0.468519 0.024479 0.048148
0 0.532552 0.484722 0.020313 0.034259
0 0.946094 0.766667 0.083854 0.087037
0 0.882292 0.728241 0.083333 0.062037
0 0.826042 0.714352 0.042708 0.052778
0 0.766667 0.697222 0.073958 0.037037
0 0.675000 0.708796 0.112500 0.054630
0 0.570312 0.699537 0.103125 0.047222
0 0.501042 0.680093 0.028125 0.060185
0 0.467187 0.700926 0.038542 0.050000
0 0.427083 0.728241 0.048958 0.065741
0 0.336979 0.781944 0.129167 0.113889
0 0.130469 0.881481 0.252604 0.225926
