0 0.617188 0.625926 0.041667 0.020370
0 0.539583 0.621759 0.038542 0.028704
0 0.498437 0.665741 0.026042 0.042593
0 0.467969 0.679630 0.046354 0.050000
0 0.360938 0.752315 0.191667 0.110185
0 0.370573 0.081944 0.121354 0.132407
0 0.461979 0.247685 0.031250 0.063889
0 0.478906 0.302778 0.021354 0.048148
0 0.479167 0.342593 0.041667 0.031481
0 0.496094 0.363889 0.031771 0.031481
0 0.508333 0.262500 0.012500 0.030556
0 0.468490 0.107407 0.023438 0.070370
0 0.523177 0.352778 0.025521 0.055556
0 0.975781 0.275000 0.038021 0.042593
0 0.972917 0.233333 0.030208 0.038889
0 0.975260 0.204167 0.035937 0.043519
0 0.972135 0.168056 0.032813 0.028704
0 0.977604 0.449074 0.037500 0.020370
0 0.141406 0.859722 0.267188 0.275000
0 0.503906 0.143056 0.029687 0.060185
0 0.510417 0.046296 0.028125 0.053704
