0 0.658073 0.655556 0.081771 0.031481
0 0.968229 0.171759 0.061458 0.134259
0 0.948438 0.245370 0.092708 0.088889
0 0.896615 0.307407 0.072396 0.083333
0 0.865885 0.348611 0.066146 0.049074
0 0.835417 0.383796 0.031250 0.032407
0 0.808333 0.406481 0.018750 0.031481
0 0.791927 0.423611 0.014063 0.043519
0 0.779427 0.445370 0.013021 0.029630
0 0.868490 0.115741 0.097396 0.101852
0 0.882552 0.034722 0.060937 0.067593
0 0.547396 0.035648 0.052083 0.065741
0 0.570312 0.267593 0.079167 0.064815
0 0.543229 0.358333 0.083333 0.074074
0 0.587240 0.435648 0.028646 0.032407
0 0.598958 0.457407 0.022917 0.029630
0 0.801042 0.237500 0.021875 0.034259
0 0.796354 0.267130 0.039583 0.036111
0 0.825521 0.198611 0.052083 0.050926
0 0.835156 0.162037 0.057813 0.048148
0 0.798958 0.051852 0.031250 0.050000
0 0.795052 0.100926 0.038021 0.050000
0 0.779687 0.141667 0.026042 0.042593
0 0.769271 0.201852 0.031250 0.033333
0 0.661719 0.432407 0.020313 0.007407
0 0.661719 0.426852 0.019271 0.005556
0 0.662500 0.422685 0.017708 0.002778
0 0.663281 0.418519 0.019271 0.005556
0 0.662760 0.414352 0.020313 0.004630
0 0.662760 0.409722 0.019271 0.004630
0 0.664062 0.405556 0.016667 0.003704
0 0.663281 0.402778 0.016146 0.001852
0 0.663021 0.399074 0.016667 0.005556
0 0.662760 0.393981 0.016146 0.004630
0 0.663802 0.389352 0.018229 0.006481
0 0.663542 0.384259 0.017708 0.003704
0 0.663021 0.378704 0.018750 0.007407
0 0.683073 0.429167 0.019271 0.006481
0 0.682813 0.424537 0.017708 0.004630
0 0.682813 0.420370 0.018750 0.003704
0 0.683594 0.415741 0.020313 0.005556
0 0.683073 0.410648 0.021354 0.004630
0 0.683073 0.404630 0.020313 0.007407
0 0.683073 0.398611 0.020313 0.004630
0 0.683594 0.393981 0.021354 0.002778
0 0.683854 0.389815 0.020833 0.003704
0 0.683333 0.387037 0.020833 0.005556
0 0.684375 0.382870 0.021875 0.004630
0 0.684115 0.378704 0.022396 0.003704
0 0.685677 0.373611 0.025521 0.006481
