0 0.990625 0.367593 0.016667 0.035185
0 0.966146 0.393056 0.051042 0.043519
0 0.922135 0.420833 0.036979 0.041667
0 0.887760 0.446759 0.030729 0.036111
0 0.862760 0.456019 0.017188 0.030556
0 0.844792 0.472222 0.015625 0.024074
0 0.831771 0.481481 0.020833 0.029630
0 0.974740 0.170833 0.050521 0.097222
0 0.946094 0.233796 0.103646 0.087963
0 0.840104 0.225926 0.106250 0.059259
0 0.865625 0.132407 0.087500 0.053704
0 0.880469 0.075926 0.061979 0.087037
0 0.904948 0.024074 0.050521 0.044444
0 0.815104 0.028241 0.022917 0.049074
0 0.804948 0.076852 0.036979 0.057407
0 0.787760 0.127315 0.027604 0.043519
0 0.773958 0.169907 0.028125 0.030556
0 0.776302 0.295833 0.034896 0.039815
0 0.840885 0.393519 0.103646 0.044444
0 0.796615 0.431944 0.080729 0.026852
0 0.772917 0.455093 0.066667 0.021296
0 0.755990 0.503241 0.049479 0.019444
0 0.728646 0.513426 0.006250 0.015741
0 0.708594 0.531019 0.014063 0.017593
0 0.423698 0.194444 0.092188 0.137037
0 0.442969 0.305093 0.147396 0.067593
0 0.518229 0.418519 0.059375 0.033333
0 0.527865 0.442593 0.054688 0.033333
0 0.538802 0.468519 0.057813 0.031481
0 0.551042 0.499074 0.054167 0.024074
0 0.717448 0.574074 0.024479 0.012963
0 0.711458 0.579167 0.010417 0.013889
0 0.712240 0.588426 0.013021 0.012037
0 0.711458 0.596759 0.010417 0.008333
0 0.710938 0.605093 0.011458 0.006481
0 0.712500 0.613426 0.013542 0.010185
0 0.712240 0.622685 0.011979 0.010185
0 0.713021 0.633796 0.011458 0.012037
0 0.667188 0.634722 0.021875 0.013889
0 0.642708 0.633333 0.021875 0.012963
0 0.614062 0.628704 0.021875 0.012963
0 0.615365 0.581019 0.020313 0.012037
0 0.643750 0.584259 0.018750 0.009259
0 0.593490 0.542593 0.009896 0.012963
0 0.593750 0.535648 0.007292 0.010185
0 0.551562 0.609259 0.020833 0.025926
0 0.185938 0.602778 0.364583 0.127778
0 0.183073 0.877778 0.351562 0.225926
0 0.192448 0.343056 0.358854 0.202778
0 0.190625 0.143056 0.355208 0.249074
0 0.402083 0.491667 0.077083 0.087037
0 0.396615 0.600000 0.070312 0.062963
0 0.392188 0.729630 0.087500 0.085185
0 0.458073 0.694444 0.070312 0.044444
0 0.462760 0.610185 0.056771 0.042593
0 0.463281 0.543519 0.063021 0.061111
0 0.463542 0.460648 0.067708 0.050926
0 0.505990 0.555093 0.016146 0.026852
0 0.504687 0.619907 0.019792 0.039815
0 0.500000 0.686111 0.019792 0.042593
0 0.521354 0.665741 0.037500 0.025926
0 0.522656 0.612500 0.035937 0.023148
0 0.526302 0.558333 0.032813 0.035185
0 0.967708 0.552315 0.055208 0.034259
0 0.928906 0.559722 0.045312 0.028704
0 0.894010 0.569907 0.023438 0.023148
0 0.865104 0.574074 0.028125 0.024074
0 0.836198 0.578241 0.024479 0.023148
0 0.861979 0.688889 0.021875 0.020370
0 0.889583 0.699074 0.031250 0.027778
0 0.925000 0.706944 0.040625 0.037963
0 0.970052 0.726389 0.053646 0.041667
0 0.836458 0.682407 0.023958 0.022222
0 0.816146 0.669907 0.025000 0.019444
0 0.713802 0.649537 0.015104 0.013889
