0 0.439583 0.425000 0.152083 0.083333
0 0.521615 0.471296 0.028646 0.051852
0 0.533333 0.300000 0.048958 0.057407
0 0.507292 0.250926 0.066667 0.066667
0 0.468229 0.160648 0.128125 0.123148
0 0.444271 0.051852 0.096875 0.092593
0 0.987760 0.137963 0.021354 0.075926
0 0.950260 0.194907 0.061979 0.106481
0 0.930208 0.280556 0.118750 0.079630
0 0.860938 0.337963 0.051042 0.070370
0 0.826302 0.378704 0.024479 0.055556
0 0.804427 0.408333 0.020313 0.038889
0 0.791406 0.428704 0.017188 0.031481
0 0.776823 0.444444 0.010937 0.031481
0 0.765625 0.461111 0.012500 0.027778
0 0.753385 0.476852 0.011979 0.035185
0 0.745313 0.486574 0.014583 0.028704
0 0.554948 0.092593 0.040104 0.072222
0 0.569531 0.148148 0.027604 0.044444
0 0.577083 0.200000 0.028125 0.050000
0 0.555208 0.343519 0.026042 0.059259
0 0.570312 0.379630 0.015625 0.040741
0 0.581250 0.406481 0.016667 0.044444
0 0.585417 0.433796 0.010417 0.026852
0 0.597135 0.447685 0.008854 0.023148
0 0.604427 0.473611 0.016146 0.021296
0 0.545052 0.031944 0.034896 0.062037
0 0.889062 0.022222 0.054167 0.042593
0 0.872656 0.086574 0.081771 0.089815
0 0.848698 0.152315 0.067187 0.065741
0 0.821875 0.198611 0.050000 0.047222
0 0.808854 0.246296 0.061458 0.048148
0 0.790365 0.284259 0.036979 0.033333
0 0.778646 0.310185 0.027083 0.033333
0 0.988802 0.451389 0.019271 0.050926
0 0.946354 0.484722 0.080208 0.058333
0 0.886719 0.505556 0.047396 0.050000
0 0.847656 0.525463 0.039062 0.036111
0 0.817187 0.539352 0.032292 0.034259
0 0.792708 0.553241 0.017708 0.030556
0 0.779687 0.555093 0.010417 0.019444
0 0.769792 0.559722 0.010417 0.017593
0 0.760156 0.561574 0.011979 0.021296
0 0.953385 0.767130 0.073438 0.062037
0 0.897396 0.738889 0.048958 0.048148
0 0.855469 0.719907 0.039062 0.037963
0 0.823438 0.706019 0.034375 0.039815
0 0.803906 0.690278 0.023438 0.026852
0 0.783073 0.681481 0.025521 0.042593
0 0.765885 0.672685 0.018229 0.026852
0 0.753385 0.662500 0.010937 0.028704
0 0.742969 0.656019 0.010937 0.025000
0 0.730469 0.656481 0.016146 0.016667
0 0.151823 0.929167 0.171354 0.125000
0 0.317448 0.867130 0.188021 0.204630
0 0.445312 0.786574 0.088542 0.125000
0 0.496615 0.725926 0.047396 0.062963
0 0.525781 0.704630 0.026562 0.051852
0 0.548438 0.691204 0.029167 0.045370
0 0.577344 0.531481 0.011979 0.024074
0 0.639062 0.633333 0.032292 0.016667
0 0.567448 0.681019 0.011979 0.026852
0 0.697135 0.542130 0.035937 0.012037
0 0.698698 0.550463 0.035937 0.006481
0 0.702865 0.555093 0.040104 0.008333
0 0.702083 0.563889 0.038542 0.009259
0 0.701302 0.569444 0.036979 0.012963
0 0.699740 0.578704 0.039062 0.011111
0 0.701042 0.586111 0.036458 0.005556
0 0.702604 0.593981 0.037500 0.010185
0 0.700521 0.603241 0.036458 0.008333
0 0.702083 0.611574 0.038542 0.010185
0 0.714844 0.618519 0.007812 0.005556
0 0.715625 0.628241 0.010417 0.012037
0 0.694010 0.396296 0.024479 0.016667
0 0.720052 0.394907 0.025521 0.013889
0 0.633073 0.398148 0.022396 0.024074
0 0.585417 0.238889 0.020833 0.031481
0 0.608594 0.206481 0.015104 0.020370
0 0.759115 0.333796 0.021354 0.028704
0 0.756771 0.355556 0.020833 0.020370
0 0.751302 0.289352 0.027604 0.189815
0 0.751042 0.234259 0.021875 0.024074
0 0.597135 0.302315 0.016146 0.023148
0 0.592969 0.273148 0.019271 0.031481
