0 0.266146 0.563889 0.225000 0.109259
0 0.275781 0.724074 0.154688 0.101852
0 0.084635 0.817130 0.160938 0.147222
0 0.085156 0.569444 0.159896 0.098148
0 0.093490 0.341667 0.176563 0.161111
0 0.409635 0.670833 0.129688 0.069444
0 0.817708 0.525926 0.056250 0.027778
0 0.805208 0.538426 0.037500 0.023148
0 0.803385 0.561574 0.040104 0.025000
0 0.802083 0.572222 0.035417 0.018519
0 0.800521 0.588426 0.041667 0.017593
0 0.799219 0.604167 0.038021 0.017593
0 0.801562 0.623611 0.034375 0.021296
0 0.800260 0.639815 0.032813 0.020370
0 0.800000 0.653704 0.034375 0.009259
0 0.805208 0.674074 0.045833 0.031481
0 0.755469 0.646759 0.017188 0.012037
0 0.759115 0.619444 0.017188 0.012963
0 0.758073 0.587500 0.010937 0.013889
0 0.757292 0.561111 0.015625 0.018519
0 0.771875 0.567130 0.018750 0.017593
0 0.772396 0.614352 0.020833 0.012037
0 0.771875 0.658333 0.013542 0.022222
0 0.708073 0.638426 0.035937 0.017593
0 0.670052 0.637037 0.035937 0.022222
0 0.629427 0.626389 0.031771 0.015741
0 0.629948 0.560185 0.031771 0.012963
0 0.672396 0.562037 0.031250 0.016667
0 0.947396 0.208333 0.102083 0.103704
0 0.929167 0.356481 0.133333 0.064815
0 0.909115 0.391204 0.145313 0.058333
0 0.877083 0.416204 0.114583 0.043519
0 0.848958 0.433796 0.093750 0.036111
0 0.802344 0.453704 0.027604 0.020370
0 0.788281 0.463426 0.018229 0.026852
0 0.774479 0.478704 0.011458 0.020370
0 0.764583 0.485648 0.012500 0.021296
0 0.753125 0.493519 0.011458 0.018519
0 0.867708 0.157870 0.067708 0.076852
0 0.853385 0.209722 0.067187 0.058333
0 0.842187 0.247222 0.075000 0.051852
0 0.814063 0.280556 0.044792 0.035185
0 0.800781 0.314352 0.044271 0.039815
0 0.773698 0.336574 0.018229 0.030556
0 0.827083 0.065278 0.048958 0.049074
0 0.808333 0.101852 0.042708 0.057407
0 0.794010 0.157407 0.029687 0.050000
0 0.784115 0.188889 0.033854 0.037037
0 0.782292 0.219444 0.035417 0.031481
0 0.766667 0.251852 0.039583 0.033333
0 0.280469 0.107870 0.279687 0.206481
0 0.394010 0.254167 0.196354 0.113889
0 0.465885 0.351389 0.116146 0.078704
0 0.489323 0.385648 0.107813 0.052778
0 0.513542 0.277315 0.038542 0.056481
0 0.459375 0.156019 0.076042 0.108333
0 0.469010 0.061574 0.071354 0.106481
0 0.564063 0.033796 0.027083 0.065741
0 0.573177 0.090278 0.020313 0.069444
0 0.585938 0.145370 0.013542 0.053704
0 0.595313 0.190278 0.011458 0.045370
0 0.596354 0.212500 0.014583 0.039815
0 0.597135 0.241667 0.020313 0.042593
0 0.608333 0.272685 0.015625 0.056481
0 0.607292 0.361574 0.011458 0.030556
0 0.596354 0.378704 0.016667 0.025926
0 0.564323 0.275000 0.033854 0.044444
0 0.554688 0.231481 0.035417 0.042593
0 0.541406 0.159259 0.049479 0.103704
0 0.514583 0.054630 0.036458 0.090741
0 0.588542 0.490741 0.012500 0.012963
0 0.589844 0.476389 0.014063 0.015741
0 0.579427 0.466667 0.010937 0.029630
0 0.569792 0.446759 0.013542 0.026852
0 0.571094 0.413426 0.014063 0.032407
0 0.569010 0.368519 0.016146 0.038889
