0 0.548698 0.662963 0.079687 0.042593
0 0.619271 0.664815 0.066667 0.042593
0 0.784635 0.677778 0.110937 0.046296
0 0.913021 0.770370 0.166667 0.092593
0 0.717969 0.657870 0.047396 0.034259
0 0.674740 0.645833 0.046354 0.034259
0 0.417708 0.597685 0.025000 0.017593
0 0.986458 0.126389 0.025000 0.069444
0 0.990365 0.375463 0.015104 0.039815
0 0.943490 0.398611 0.066146 0.049074
0 0.839323 0.428241 0.049479 0.047222
0 0.791146 0.443519 0.043750 0.035185
0 0.792708 0.244907 0.035417 0.036111
0 0.794271 0.272685 0.040625 0.041667
0 0.834635 0.239352 0.051562 0.043519
0 0.886979 0.208333 0.058333 0.072222
0 0.835417 0.180556 0.043750 0.048148
0 0.736458 0.319444 0.031250 0.033333
0 0.709896 0.337500 0.023958 0.028704
0 0.709115 0.279167 0.023438 0.030556
0 0.734635 0.273148 0.023438 0.033333
0 0.739323 0.221759 0.036979 0.034259
0 0.712240 0.225000 0.026562 0.042593
0 0.667708 0.484259 0.015625 0.016667
0 0.651563 0.488889 0.016667 0.012963
0 0.651823 0.378241 0.016146 0.021296
0 0.669531 0.368056 0.016146 0.021296
0 0.625781 0.396759 0.013021 0.017593
0 0.613802 0.407870 0.011979 0.017593
0 0.626042 0.356944 0.013542 0.021296
0 0.614062 0.365278 0.012500 0.019444
0 0.332813 0.193519 0.021875 0.094444
0 0.341667 0.256944 0.014583 0.050926
0 0.295573 0.211111 0.055729 0.111111
