0 0.894010 0.751389 0.056771 0.073148
0 0.949740 0.820370 0.071354 0.109259
0 0.867188 0.730093 0.015625 0.054630
0 0.836979 0.711111 0.033333 0.042593
0 0.812500 0.696759 0.029167 0.050926
0 0.778906 0.670833 0.039062 0.045370
0 0.552865 0.851389 0.074479 0.145370
0 0.476562 0.927778 0.089583 0.131481
0 0.625781 0.467593 0.039062 0.088889
0 0.647135 0.502778 0.017188 0.038889
0 0.655990 0.525000 0.017188 0.040741
0 0.621615 0.174074 0.043229 0.096296
0 0.638021 0.249537 0.034375 0.082407
0 0.646875 0.314352 0.029167 0.047222
0 0.654167 0.348611 0.030208 0.050926
0 0.660937 0.381944 0.022917 0.043519
0 0.678385 0.250926 0.020313 0.035185
0 0.674219 0.212963 0.013021 0.044444
0 0.667708 0.160648 0.021875 0.039815
0 0.572135 0.073148 0.089063 0.129630
0 0.662760 0.087037 0.020313 0.059259
0 0.884375 0.125000 0.047917 0.042593
0 0.867188 0.165741 0.045833 0.037037
0 0.862500 0.195370 0.045833 0.038889
0 0.850000 0.250463 0.062500 0.036111
0 0.841667 0.273611 0.053125 0.021296
0 0.907292 0.233333 0.028125 0.050000
0 0.885938 0.271296 0.025000 0.035185
0 0.837500 0.380556 0.025000 0.046296
0 0.831250 0.406944 0.046875 0.032407
0 0.828125 0.298611 0.043750 0.028704
0 0.671615 0.422685 0.023438 0.043519
0 0.676302 0.461574 0.011979 0.025000
0 0.684896 0.500926 0.017708 0.029630
0 0.600260 0.761574 0.034896 0.060185
0 0.617448 0.726389 0.018229 0.039815
0 0.633333 0.710648 0.010417 0.025000
