0 0.513802 0.147685 0.041146 0.108333
0 0.480990 0.050000 0.065104 0.096296
0 0.533333 0.229630 0.042708 0.075926
0 0.557292 0.295833 0.029167 0.054630
0 0.571875 0.348148 0.029167 0.040741
0 0.579167 0.377315 0.017708 0.036111
0 0.590885 0.405556 0.014063 0.040741
0 0.602083 0.264352 0.012500 0.039815
0 0.594792 0.224537 0.012500 0.036111
0 0.593490 0.171759 0.015104 0.054630
0 0.570573 0.118519 0.027604 0.051852
0 0.563802 0.033796 0.033854 0.056481
0 0.599740 0.024074 0.017188 0.046296
0 0.600521 0.072222 0.020833 0.053704
0 0.609115 0.124537 0.016146 0.034259
0 0.613021 0.164352 0.012500 0.039815
0 0.968750 0.215741 0.056250 0.116667
0 0.935417 0.293519 0.110417 0.081481
0 0.895573 0.352315 0.068229 0.052778
0 0.846875 0.384722 0.037500 0.058333
0 0.821354 0.410648 0.027083 0.045370
0 0.805729 0.437963 0.020833 0.024074
0 0.785677 0.450926 0.024479 0.044444
0 0.775260 0.471296 0.008854 0.020370
0 0.767188 0.479630 0.018750 0.022222
0 0.911458 0.524537 0.058333 0.054630
0 0.080469 0.947685 0.159896 0.100926
0 0.270573 0.859722 0.201563 0.186111
0 0.429948 0.781481 0.108854 0.096296
0 0.493229 0.728241 0.041667 0.052778
0 0.528385 0.709722 0.036979 0.052778
0 0.567708 0.681944 0.018750 0.041667
0 0.631771 0.667130 0.064583 0.037963
0 0.688021 0.681019 0.061458 0.030556
0 0.741146 0.678241 0.055208 0.037963
0 0.436458 0.350463 0.112500 0.128704
0 0.503125 0.424074 0.055208 0.087037
0 0.533073 0.465741 0.036979 0.059259
0 0.559896 0.499074 0.034375 0.050000
0 0.244010 0.124537 0.250521 0.228704
0 0.895052 0.054167 0.080729 0.091667
0 0.863281 0.118056 0.065104 0.071296
0 0.837240 0.175926 0.054688 0.070370
0 0.818229 0.231481 0.070833 0.051852
0 0.814063 0.270370 0.058333 0.037037
0 0.800781 0.302778 0.051562 0.035185
0 0.786458 0.324537 0.042708 0.032407
0 0.813802 0.029630 0.032813 0.044444
0 0.792708 0.080556 0.016667 0.055556
0 0.788021 0.130556 0.021875 0.040741
0 0.780469 0.160185 0.027604 0.050000
0 0.767448 0.199537 0.024479 0.036111
0 0.762500 0.230556 0.019792 0.031481
0 0.756250 0.256481 0.027083 0.027778
0 0.603125 0.289815 0.011458 0.031481
0 0.620833 0.250463 0.014583 0.021296
0 0.615365 0.225463 0.016146 0.028704
0 0.618750 0.191204 0.013542 0.049074
0 0.748698 0.503241 0.018229 0.028704
0 0.738021 0.517130 0.020833 0.023148
0 0.958854 0.784259 0.057292 0.064815
0 0.995052 0.803241 0.007812 0.043519
0 0.906510 0.749537 0.050521 0.052778
0 0.873177 0.731944 0.031771 0.047222
0 0.842708 0.713889 0.036458 0.033333
0 0.816146 0.703241 0.025000 0.034259
0 0.795052 0.696759 0.022396 0.021296
0 0.777083 0.686574 0.022917 0.028704
