0 0.395052 0.715278 0.254688 0.104630
0 0.579427 0.695833 0.126562 0.071296
0 0.664062 0.684259 0.076042 0.092593
0 0.751823 0.705093 0.146354 0.078704
0 0.836719 0.704630 0.036979 0.048148
0 0.904948 0.712037 0.115104 0.087037
0 0.977865 0.727778 0.038021 0.081481
0 0.134375 0.786574 0.266667 0.132407
0 0.477344 0.144907 0.171354 0.147222
0 0.646354 0.252315 0.056250 0.084259
0 0.649740 0.113889 0.051562 0.088889
0 0.747135 0.357407 0.025521 0.042593
0 0.771875 0.379630 0.022917 0.040741
0 0.795573 0.419444 0.023438 0.038889
0 0.817969 0.430556 0.016146 0.037037
0 0.852344 0.326852 0.011979 0.027778
0 0.831771 0.286111 0.013542 0.027778
0 0.820833 0.265278 0.012500 0.036111
0 0.805208 0.236111 0.016667 0.035185
0 0.807031 0.197685 0.011979 0.028704
0 0.768229 0.177315 0.030208 0.052778
0 0.740885 0.136111 0.054688 0.053704
0 0.778906 0.109722 0.022396 0.045370
0 0.756250 0.035185 0.033333 0.055556
0 0.821354 0.209722 0.016667 0.030556
0 0.695833 0.035648 0.041667 0.065741
