0 0.429427 0.533333 0.141146 0.085185
0 0.192708 0.470370 0.355208 0.155556
0 0.426563 0.131944 0.171875 0.160185
0 0.512240 0.247685 0.079687 0.097222
0 0.550781 0.342130 0.056771 0.054630
0 0.532552 0.560185 0.086979 0.051852
0 0.678646 0.637963 0.047917 0.031481
0 0.889062 0.705556 0.035417 0.051852
0 0.857812 0.696296 0.034375 0.031481
0 0.829427 0.688426 0.028646 0.030556
0 0.974219 0.212963 0.050521 0.105556
0 0.948698 0.282870 0.100521 0.091667
0 0.906771 0.328241 0.077083 0.052778
0 0.886979 0.371296 0.096875 0.053704
0 0.846094 0.404630 0.044271 0.029630
0 0.838021 0.423148 0.046875 0.027778
0 0.814063 0.441204 0.035417 0.028704
0 0.793750 0.457870 0.012500 0.039815
0 0.898698 0.056481 0.073438 0.083333
0 0.878385 0.124074 0.080729 0.077778
0 0.858594 0.178704 0.072396 0.055556
0 0.836198 0.220370 0.051562 0.040741
0 0.816146 0.258796 0.037500 0.047222
0 0.815365 0.288889 0.050521 0.038889
0 0.820573 0.037500 0.034896 0.058333
0 0.814844 0.089352 0.045312 0.052778
0 0.804948 0.127778 0.041146 0.046296
0 0.786458 0.173611 0.016667 0.063889
0 0.608854 0.037963 0.033333 0.059259
0 0.608854 0.097685 0.031250 0.045370
0 0.626302 0.136574 0.017188 0.041667
0 0.635156 0.205093 0.011979 0.049074
0 0.632812 0.251389 0.023958 0.030556
0 0.595573 0.433796 0.039062 0.037963
0 0.588802 0.387500 0.030729 0.047222
0 0.611719 0.452315 0.027604 0.030556
0 0.573438 0.142593 0.054167 0.059259
0 0.607812 0.248148 0.035417 0.055556
