0 0.781250 0.387037 0.437500 0.131481
0 0.784635 0.137500 0.423438 0.184259
0 0.779167 0.650926 0.438542 0.190741
0 0.765885 0.925463 0.465104 0.136111
0 0.179948 0.787037 0.322396 0.118519
0 0.146094 0.357870 0.032813 0.039815
0 0.174479 0.356944 0.020833 0.034259
0 0.207292 0.359259 0.041667 0.029630
0 0.241146 0.357870 0.034375 0.039815
0 0.273958 0.355556 0.041667 0.040741
0 0.313021 0.362500 0.046875 0.036111
0 0.357812 0.366667 0.033333 0.044444
0 0.391667 0.378241 0.037500 0.049074
0 0.427083 0.373148 0.032292 0.053704
0 0.453125 0.366204 0.036458 0.060185
0 0.489583 0.369444 0.036458 0.044444
0 0.534896 0.368981 0.046875 0.045370
0 0.111458 0.381481 0.038542 0.083333
