0 0.927604 0.510648 0.098958 0.039815
0 0.910156 0.529630 0.068229 0.040741
0 0.905208 0.552315 0.065625 0.030556
0 0.905469 0.577778 0.065104 0.035185
0 0.906771 0.600926 0.063542 0.031481
0 0.904687 0.623611 0.065625 0.032407
0 0.901823 0.644444 0.063021 0.033333
0 0.902344 0.663889 0.061979 0.025926
0 0.906510 0.688426 0.068229 0.036111
0 0.911198 0.721296 0.060937 0.035185
0 0.981771 0.305093 0.035417 0.063889
0 0.963802 0.340278 0.066146 0.080556
0 0.946354 0.384259 0.092708 0.062963
0 0.892188 0.411574 0.038542 0.054630
0 0.864844 0.435185 0.017188 0.037037
0 0.850260 0.456019 0.016146 0.036111
0 0.833854 0.468519 0.016667 0.029630
0 0.819531 0.478704 0.013021 0.024074
0 0.982292 0.015278 0.034375 0.028704
0 0.958594 0.063426 0.075521 0.102778
0 0.929688 0.133796 0.072917 0.087963
0 0.904687 0.196296 0.055208 0.061111
0 0.868490 0.237963 0.027604 0.055556
0 0.846615 0.286574 0.019271 0.047222
0 0.838802 0.312037 0.027604 0.042593
0 0.825260 0.338426 0.017188 0.028704
0 0.387500 0.215741 0.221875 0.129630
0 0.388542 0.109259 0.223958 0.122222
0 0.262760 0.053704 0.297396 0.101852
0 0.438021 0.307407 0.169792 0.081481
0 0.536458 0.363426 0.027083 0.025000
0 0.551562 0.392130 0.035417 0.037963
0 0.573958 0.421296 0.022917 0.035185
0 0.576562 0.375000 0.021875 0.040741
0 0.580990 0.319444 0.020313 0.042593
0 0.598698 0.455556 0.010937 0.022222
0 0.583333 0.442130 0.030208 0.030556
0 0.608333 0.455556 0.022917 0.016667
0 0.609896 0.466667 0.017708 0.012963
0 0.609375 0.483796 0.016667 0.021296
0 0.623177 0.503704 0.008854 0.016667
0 0.622917 0.488426 0.016667 0.021296
0 0.662240 0.568056 0.039062 0.017593
0 0.715885 0.570370 0.042188 0.024074
0 0.758854 0.659722 0.039583 0.023148
0 0.713802 0.657870 0.044271 0.019444
0 0.666406 0.649074 0.042188 0.020370
0 0.534115 0.047685 0.055729 0.093519
0 0.554427 0.133796 0.038021 0.073148
0 0.584375 0.197685 0.023958 0.062037
0 0.605208 0.086574 0.020833 0.058333
0 0.594531 0.029630 0.032813 0.051852
0 0.615885 0.137963 0.022396 0.051852
0 0.615625 0.174537 0.026042 0.045370
0 0.598958 0.267593 0.022917 0.055556
0 0.613542 0.349074 0.021875 0.033333
0 0.632292 0.336574 0.018750 0.039815
0 0.274740 0.757407 0.272396 0.129630
0 0.875521 0.040741 0.041667 0.057407
0 0.863021 0.086111 0.046875 0.051852
0 0.843229 0.130093 0.044792 0.045370
0 0.827083 0.171759 0.035417 0.041667
0 0.816667 0.213426 0.027083 0.036111
0 0.824740 0.677778 0.024479 0.016667
0 0.827604 0.642130 0.025000 0.012037
0 0.827865 0.602315 0.019271 0.013889
0 0.823958 0.569444 0.018750 0.025926
0 0.624219 0.644907 0.015104 0.015741
0 0.624479 0.582407 0.007292 0.022222
0 0.627344 0.512037 0.017188 0.024074
0 0.804688 0.242130 0.021875 0.023148
0 0.801823 0.267130 0.017188 0.021296
0 0.796094 0.279630 0.022396 0.027778
0 0.784896 0.317593 0.020833 0.025926
0 0.777865 0.336574 0.024479 0.023148
0 0.624740 0.213426 0.029687 0.026852
0 0.633594 0.237500 0.014063 0.021296
0 0.640885 0.254630 0.010937 0.020370
0 0.643490 0.331019 0.018229 0.028704
