0 0.457552 0.183333 0.118229 0.074074
0 0.459635 0.228704 0.106771 0.088889
0 0.463281 0.424537 0.096354 0.065741
0 0.287240 0.373148 0.046354 0.077778
0 0.227604 0.368519 0.054167 0.077778
0 0.176302 0.366667 0.044271 0.051852
0 0.111979 0.369907 0.046875 0.045370
0 0.042448 0.378704 0.039062 0.057407
0 0.075000 0.288426 0.115625 0.082407
0 0.240365 0.267593 0.119271 0.100000
0 0.287760 0.250000 0.091146 0.096296
0 0.013281 0.283796 0.020313 0.050926
0 0.012500 0.376389 0.020833 0.032407
0 0.116927 0.076389 0.076563 0.080556
0 0.163802 0.062963 0.074479 0.079630
0 0.232813 0.038889 0.081250 0.075926
0 0.291406 0.021296 0.070312 0.042593
0 0.058073 0.083333 0.047396 0.057407
0 0.930729 0.227315 0.132292 0.139815
0 0.927344 0.261574 0.135937 0.132407
0 0.925260 0.299074 0.126562 0.122222
0 0.928125 0.340741 0.140625 0.124074
0 0.928906 0.373611 0.131771 0.091667
0 0.930469 0.411574 0.131771 0.086111
0 0.930729 0.449074 0.132292 0.083333
0 0.934375 0.493981 0.131250 0.080556
0 0.927344 0.525926 0.127604 0.068519
0 0.932292 0.561574 0.125000 0.060185
0 0.929948 0.603704 0.133854 0.055556
0 0.932552 0.644444 0.127604 0.050000
0 0.930729 0.688889 0.135417 0.077778
0 0.930729 0.724074 0.135417 0.077778
0 0.933073 0.772222 0.128646 0.088889
0 0.822917 0.721296 0.085417 0.064815
0 0.824479 0.693056 0.084375 0.060185
0 0.824740 0.668056 0.095312 0.045370
0 0.821354 0.635648 0.094792 0.037963
0 0.822656 0.606019 0.095312 0.043519
0 0.824740 0.575463 0.101562 0.043519
0 0.821354 0.545370 0.081250 0.046296
0 0.820573 0.514815 0.085938 0.046296
0 0.816667 0.486111 0.083333 0.053704
0 0.564063 0.451852 0.036458 0.051852
0 0.563802 0.349074 0.034896 0.033333
0 0.598698 0.416667 0.024479 0.027778
0 0.602083 0.347222 0.027083 0.022222
0 0.671875 0.402315 0.069792 0.025000
0 0.601302 0.270833 0.032813 0.025000
0 0.563802 0.247685 0.034896 0.037963
0 0.562500 0.143981 0.046875 0.030556
0 0.603125 0.198611 0.038542 0.028704
0 0.529687 0.225463 0.028125 0.049074
0 0.706510 0.290278 0.039062 0.039815
0 0.744531 0.285648 0.033854 0.037963
0 0.640104 0.295370 0.039583 0.038889
0 0.752604 0.363426 0.030208 0.037963
0 0.723958 0.362963 0.034375 0.040741
0 0.806510 0.430556 0.029687 0.018519
0 0.806510 0.423611 0.027604 0.017593
0 0.807031 0.413426 0.023438 0.023148
0 0.806510 0.402778 0.029687 0.022222
0 0.806771 0.393056 0.027083 0.023148
0 0.807031 0.382870 0.030729 0.021296
0 0.807813 0.371296 0.028125 0.020370
0 0.806250 0.364815 0.029167 0.024074
0 0.807552 0.353241 0.027604 0.019444
0 0.806510 0.346296 0.028646 0.020370
0 0.805729 0.336574 0.031250 0.023148
0 0.808073 0.325926 0.029687 0.020370
0 0.807031 0.318519 0.035937 0.024074
0 0.805729 0.308333 0.028125 0.024074
0 0.939323 0.032407 0.041146 0.055556
0 0.239323 0.490741 0.089063 0.027778
0 0.215885 0.626852 0.051562 0.027778
0 0.167187 0.625463 0.047917 0.019444
0 0.172135 0.491204 0.063021 0.036111
0 0.040104 0.492130 0.041667 0.030556
0 0.801042 0.298611 0.023958 0.015741
0 0.800000 0.292593 0.026042 0.022222
0 0.800521 0.286111 0.023958 0.022222
0 0.800781 0.276852 0.019271 0.020370
0 0.800260 0.269444 0.020313 0.018519
0 0.797135 0.261111 0.022396 0.020370
0 0.885677 0.140741 0.021354 0.038889
