0 0.914583 0.218519 0.156250 0.103704
0 0.845833 0.315741 0.132292 0.064815
0 0.956771 0.342593 0.046875 0.068519
0 0.990885 0.313426 0.011979 0.050926
0 0.971094 0.059722 0.049479 0.106481
0 0.811719 0.423148 0.109896 0.055556
0 0.786979 0.442130 0.092708 0.036111
0 0.723698 0.534259 0.028646 0.014815
0 0.718490 0.547685 0.023438 0.015741
0 0.718229 0.561111 0.026042 0.018519
0 0.717708 0.574537 0.022917 0.017593
0 0.715625 0.587500 0.026042 0.012037
0 0.714323 0.601389 0.023438 0.013889
0 0.715365 0.614352 0.021354 0.012037
0 0.715885 0.627778 0.022396 0.014815
0 0.714844 0.641204 0.023438 0.012037
0 0.713021 0.650463 0.016667 0.017593
0 0.822917 0.682407 0.141667 0.053704
0 0.740885 0.663889 0.035937 0.031481
0 0.701823 0.648148 0.013021 0.009259
0 0.647656 0.629630 0.026562 0.014815
0 0.616667 0.627778 0.029167 0.012963
0 0.579948 0.621296 0.029687 0.014815
0 0.580990 0.560185 0.029687 0.011111
0 0.616667 0.560648 0.029167 0.013889
0 0.384115 0.573611 0.085938 0.060185
0 0.371094 0.675000 0.059896 0.050000
0 0.284896 0.720833 0.090625 0.097222
0 0.115104 0.786111 0.223958 0.148148
0 0.117708 0.588889 0.231250 0.090741
0 0.123177 0.372222 0.235937 0.194444
0 0.296354 0.456481 0.095833 0.083333
0 0.293229 0.584722 0.091667 0.050926
0 0.257031 0.135185 0.254688 0.174074
0 0.359896 0.055556 0.064583 0.100000
0 0.423958 0.115741 0.064583 0.118519
0 0.429167 0.043519 0.056250 0.079630
0 0.417969 0.184259 0.069271 0.098148
0 0.359115 0.274074 0.185938 0.103704
0 0.422135 0.351852 0.132812 0.062963
0 0.471094 0.284722 0.040104 0.060185
0 0.470833 0.214352 0.042708 0.075000
0 0.471354 0.143981 0.047917 0.078704
0 0.475260 0.051389 0.036979 0.086111
0 0.525521 0.034722 0.027083 0.065741
0 0.536198 0.129167 0.015104 0.050926
0 0.540625 0.176852 0.015625 0.040741
0 0.545312 0.209259 0.015625 0.031481
0 0.520312 0.293056 0.026042 0.025000
0 0.515625 0.263426 0.027083 0.026852
0 0.515104 0.229630 0.015625 0.025926
0 0.499479 0.180093 0.031250 0.049074
0 0.504687 0.130093 0.018750 0.060185
0 0.500781 0.259259 0.021354 0.048148
0 0.497656 0.301389 0.019271 0.041667
0 0.498698 0.350000 0.021354 0.046296
0 0.460417 0.402315 0.097917 0.054630
0 0.532292 0.469444 0.011458 0.020370
0 0.544792 0.492130 0.007292 0.010185
0 0.545052 0.503704 0.007812 0.011111
0 0.544792 0.482407 0.006250 0.005556
0 0.763021 0.263426 0.043750 0.043519
0 0.752344 0.293056 0.044271 0.030556
0 0.808073 0.117593 0.063021 0.085185
0 0.772656 0.021759 0.019271 0.036111
0 0.963542 0.531944 0.052083 0.045370
0 0.948958 0.712500 0.059375 0.052778
0 0.713021 0.478241 0.026042 0.028704
0 0.737500 0.451852 0.017708 0.022222
0 0.727604 0.466667 0.018750 0.024074
0 0.559115 0.295833 0.014063 0.015741
0 0.553906 0.272685 0.010937 0.019444
0 0.554427 0.252315 0.010937 0.019444
0 0.549219 0.229630 0.013021 0.020370
0 0.196354 0.027315 0.191667 0.045370
0 0.432552 0.646759 0.072396 0.037963
