0 0.987500 0.222222 0.023958 0.062963
0 0.953125 0.266667 0.055208 0.085185
0 0.918490 0.323148 0.064062 0.061111
0 0.884115 0.364815 0.034896 0.050000
0 0.855469 0.391667 0.029687 0.044444
0 0.840365 0.420833 0.019271 0.025000
0 0.825521 0.436574 0.017708 0.030556
0 0.809896 0.450463 0.015625 0.030556
0 0.800000 0.463889 0.010417 0.025926
0 0.789323 0.475000 0.011979 0.024074
0 0.560677 0.228241 0.036979 0.082407
0 0.535937 0.146296 0.045833 0.096296
0 0.503906 0.055093 0.053646 0.102778
0 0.588021 0.033796 0.037500 0.065741
0 0.598437 0.110185 0.021875 0.072222
0 0.611979 0.166667 0.010417 0.053704
0 0.619271 0.219907 0.011458 0.047222
0 0.627604 0.256481 0.009375 0.048148
0 0.584896 0.293981 0.028125 0.073148
0 0.597135 0.336111 0.021354 0.061111
0 0.607812 0.368981 0.010417 0.047222
0 0.612240 0.389815 0.022396 0.042593
0 0.625260 0.411574 0.020313 0.034259
0 0.630469 0.071759 0.020313 0.050926
0 0.922135 0.042593 0.069271 0.081481
0 0.895312 0.111574 0.068750 0.065741
0 0.870573 0.159259 0.053646 0.050000
0 0.855469 0.209722 0.056771 0.050926
0 0.840365 0.241204 0.052604 0.047222
0 0.826042 0.278704 0.050000 0.037037
0 0.811198 0.306481 0.049479 0.022222
0 0.808594 0.329630 0.035937 0.029630
0 0.797917 0.350926 0.031250 0.025926
0 0.836979 0.013889 0.017708 0.025926
0 0.827344 0.049074 0.018229 0.048148
0 0.819531 0.095370 0.016146 0.025926
0 0.817708 0.119907 0.029167 0.036111
0 0.812500 0.143981 0.030208 0.025000
0 0.798958 0.166667 0.021875 0.031481
0 0.810417 0.015278 0.011458 0.023148
0 0.373698 0.226389 0.147396 0.219444
0 0.210938 0.086111 0.185417 0.162963
0 0.462240 0.358333 0.103646 0.120370
0 0.532292 0.423148 0.046875 0.062963
0 0.564844 0.458333 0.033854 0.061111
0 0.600260 0.494907 0.015104 0.034259
0 0.583333 0.474537 0.019792 0.032407
0 0.607292 0.516667 0.029167 0.025926
0 0.623698 0.533796 0.018229 0.023148
0 0.517188 0.715741 0.046875 0.068519
0 0.465885 0.755556 0.080729 0.098148
0 0.340104 0.839815 0.179167 0.164815
0 0.157031 0.904630 0.176563 0.166667
0 0.550000 0.698148 0.027083 0.051852
0 0.575260 0.680093 0.036979 0.030556
0 0.594531 0.667130 0.011979 0.017593
0 0.607292 0.663889 0.013542 0.024074
0 0.624219 0.657407 0.019271 0.024074
0 0.666406 0.645833 0.047396 0.019444
0 0.713281 0.652778 0.047396 0.020370
0 0.757552 0.652315 0.042188 0.013889
0 0.895312 0.712037 0.035417 0.033333
0 0.928125 0.731019 0.042708 0.050926
0 0.973177 0.755556 0.047396 0.044444
0 0.868490 0.698148 0.026562 0.027778
0 0.850000 0.690278 0.019792 0.025000
0 0.823698 0.677778 0.025521 0.024074
0 0.807552 0.666667 0.014063 0.025926
0 0.790885 0.665278 0.020313 0.021296
0 0.776302 0.495370 0.013021 0.022222
0 0.811458 0.558333 0.019792 0.024074
0 0.790365 0.210185 0.009896 0.024074
0 0.783854 0.235648 0.017708 0.026852
0 0.778385 0.259722 0.019271 0.025000
