0 0.796875 0.156019 0.202083 0.154630
0 0.405990 0.700926 0.215104 0.074074
0 0.526302 0.429630 0.043229 0.016667
0 0.526823 0.447222 0.042188 0.020370
0 0.524479 0.465741 0.037500 0.016667
0 0.526042 0.475926 0.041667 0.022222
0 0.524740 0.495833 0.040104 0.017593
0 0.523438 0.508333 0.039583 0.022222
0 0.513021 0.523148 0.020833 0.016667
0 0.515104 0.534259 0.023958 0.022222
0 0.516406 0.554167 0.027604 0.017593
0 0.514323 0.569907 0.021354 0.023148
0 0.643750 0.062963 0.028125 0.046296
0 0.614323 0.094444 0.040104 0.072222
0 0.575260 0.147685 0.038021 0.054630
0 0.548438 0.181019 0.036458 0.056481
0 0.525260 0.207407 0.023438 0.046296
