0 0.949740 0.144907 0.088021 0.143519
0 0.926302 0.246296 0.141146 0.096296
0 0.908333 0.306481 0.163542 0.062963
0 0.457292 0.188426 0.080208 0.082407
0 0.413021 0.074537 0.110417 0.143519
0 0.518490 0.036574 0.054688 0.069444
0 0.486979 0.241667 0.086458 0.083333
0 0.494792 0.306019 0.083333 0.043519
0 0.540625 0.344907 0.037500 0.045370
0 0.602083 0.250926 0.037500 0.022222
0 0.573438 0.248611 0.025000 0.017593
0 0.701042 0.250000 0.042708 0.025926
0 0.748177 0.240741 0.048438 0.033333
0 0.710938 0.506944 0.063542 0.021296
0 0.715365 0.519907 0.063021 0.019444
0 0.714063 0.532407 0.062500 0.012963
0 0.713021 0.540278 0.062500 0.017593
0 0.711719 0.556019 0.061979 0.015741
0 0.713542 0.568981 0.062500 0.013889
0 0.714063 0.585185 0.063542 0.018519
0 0.716406 0.596759 0.063021 0.010185
0 0.738021 0.615741 0.015625 0.016667
0 0.767448 0.656944 0.018229 0.015741
0 0.796875 0.689815 0.035417 0.037037
0 0.837760 0.709259 0.045312 0.042593
0 0.881510 0.733796 0.041146 0.047222
0 0.929427 0.761574 0.063021 0.065741
0 0.979427 0.802315 0.038021 0.062037
0 0.609635 0.631481 0.059896 0.044444
0 0.127604 0.892593 0.248958 0.198148
0 0.307292 0.797222 0.151042 0.155556
0 0.409375 0.725000 0.065625 0.077778
0 0.454948 0.692593 0.042188 0.053704
0 0.482812 0.674537 0.030208 0.037963
0 0.513542 0.669907 0.031250 0.041667
0 0.535677 0.662037 0.017188 0.025926
0 0.281510 0.293056 0.221354 0.175000
0 0.136458 0.122685 0.261458 0.243519
0 0.822917 0.187037 0.048958 0.068519
0 0.848177 0.038889 0.041146 0.074074
0 0.809115 0.029167 0.026562 0.058333
0 0.865365 0.501389 0.075521 0.045370
0 0.486979 0.485648 0.100000 0.036111
0 0.807031 0.541667 0.035937 0.016667
0 0.809635 0.558796 0.032813 0.017593
0 0.809635 0.572222 0.039062 0.020370
0 0.814063 0.590741 0.030208 0.016667
0 0.811979 0.609259 0.025000 0.020370
0 0.865104 0.533333 0.036458 0.029630
0 0.984375 0.407407 0.023958 0.062963
0 0.549740 0.192593 0.013021 0.053704
0 0.551042 0.037037 0.018750 0.050000
