0 0.395833 0.641667 0.062500 0.055556
0 0.300781 0.624537 0.096354 0.039815
0 0.193229 0.558796 0.119792 0.032407
0 0.191406 0.583333 0.114062 0.037037
0 0.193490 0.610185 0.116146 0.033333
0 0.192448 0.635185 0.116146 0.027778
0 0.117448 0.046759 0.100521 0.084259
0 0.120313 0.057870 0.089583 0.069444
0 0.127604 0.076389 0.076042 0.056481
0 0.135156 0.093981 0.059896 0.045370
0 0.139323 0.108796 0.050521 0.050926
0 0.139323 0.133333 0.053646 0.059259
0 0.139063 0.148611 0.043750 0.058333
0 0.140104 0.166667 0.044792 0.055556
0 0.140885 0.180556 0.040104 0.042593
0 0.105729 0.178704 0.097917 0.046296
0 0.103385 0.192130 0.096354 0.045370
0 0.100781 0.208333 0.096354 0.046296
0 0.099740 0.222685 0.096354 0.049074
0 0.098698 0.255093 0.098437 0.045370
0 0.098958 0.288889 0.093750 0.022222
0 0.207552 0.212500 0.079687 0.050926
0 0.193750 0.224074 0.086458 0.040741
0 0.193229 0.239815 0.087500 0.046296
0 0.193750 0.254630 0.085417 0.038889
0 0.192188 0.271759 0.083333 0.036111
0 0.190625 0.283796 0.085417 0.037963
0 0.190625 0.300000 0.084375 0.037037
0 0.191406 0.313426 0.083854 0.034259
0 0.188281 0.329167 0.097396 0.041667
0 0.181510 0.344907 0.096354 0.039815
0 0.176563 0.358796 0.096875 0.043519
0 0.174740 0.375000 0.097396 0.037037
0 0.176042 0.395833 0.094792 0.037963
0 0.176823 0.413889 0.093229 0.035185
0 0.010937 0.439352 0.019792 0.026852
0 0.010156 0.418981 0.019271 0.030556
0 0.028646 0.418981 0.026042 0.019444
0 0.035937 0.434722 0.034375 0.026852
0 0.035937 0.451852 0.034375 0.024074
0 0.011719 0.397222 0.020313 0.025926
0 0.025000 0.205556 0.021875 0.040741
0 0.008073 0.173611 0.015104 0.041667
0 0.009635 0.152315 0.016146 0.030556
0 0.024740 0.187037 0.020313 0.042593
0 0.026823 0.168981 0.018229 0.045370
0 0.030469 0.155556 0.017188 0.033333
0 0.946615 0.442593 0.093229 0.048148
0 0.821094 0.410185 0.020313 0.016667
0 0.840885 0.407407 0.017188 0.011111
0 0.865625 0.403704 0.016667 0.016667
0 0.799479 0.421759 0.020833 0.025000
0 0.733594 0.177778 0.118229 0.077778
0 0.747135 0.248611 0.097396 0.050926
0 0.745052 0.229167 0.095312 0.041667
0 0.739062 0.219444 0.081250 0.038889
0 0.647656 0.334722 0.089063 0.056481
0 0.765625 0.392130 0.073958 0.041667
0 0.297396 0.364352 0.016667 0.006481
0 0.297656 0.369907 0.016146 0.006481
0 0.297656 0.374537 0.016146 0.008333
0 0.297396 0.379630 0.016667 0.005556
0 0.296615 0.385648 0.016146 0.006481
0 0.296354 0.390741 0.016667 0.003704
0 0.296094 0.396296 0.017188 0.007407
0 0.295312 0.401389 0.017708 0.002778
0 0.296875 0.360648 0.016667 0.006481
0 0.296615 0.354630 0.018229 0.007407
0 0.297396 0.350463 0.016667 0.008333
0 0.296354 0.342593 0.018750 0.007407
0 0.317188 0.355556 0.015625 0.007407
0 0.316927 0.361111 0.017188 0.005556
0 0.315885 0.366667 0.016146 0.005556
0 0.316667 0.371759 0.016667 0.004630
0 0.316927 0.376389 0.017188 0.006481
0 0.316406 0.382407 0.018229 0.005556
0 0.316406 0.387037 0.018229 0.005556
0 0.316146 0.392130 0.017708 0.004630
0 0.316406 0.397222 0.018229 0.003704
0 0.316146 0.400926 0.018750 0.001852
0 0.315625 0.405556 0.017708 0.007407
0 0.277344 0.350000 0.015104 0.005556
0 0.277344 0.346759 0.015104 0.006481
0 0.276823 0.356019 0.017188 0.006481
0 0.277344 0.361111 0.016146 0.005556
0 0.277344 0.366667 0.016146 0.005556
0 0.277344 0.372222 0.017188 0.005556
0 0.276823 0.376852 0.017188 0.003704
0 0.276042 0.381481 0.016667 0.005556
0 0.275000 0.387037 0.017708 0.005556
0 0.337500 0.380556 0.017708 0.007407
0 0.336719 0.385185 0.020313 0.005556
0 0.338281 0.389815 0.017188 0.009259
0 0.336719 0.394444 0.019271 0.005556
0 0.336979 0.400000 0.019792 0.007407
0 0.337500 0.406019 0.018750 0.004630
0 0.337240 0.410185 0.017188 0.005556
0 0.336198 0.415741 0.019271 0.005556
0 0.355208 0.363426 0.019792 0.012037
0 0.355208 0.367593 0.021875 0.007407
0 0.355208 0.370833 0.019792 0.008333
0 0.354687 0.376389 0.020833 0.006481
0 0.355469 0.380093 0.021354 0.008333
0 0.355208 0.385185 0.021875 0.003704
0 0.353906 0.390741 0.019271 0.007407
0 0.354948 0.395370 0.020313 0.003704
0 0.354427 0.400000 0.018229 0.007407
0 0.353906 0.404630 0.019271 0.005556
0 0.353125 0.409259 0.017708 0.007407
0 0.375260 0.366204 0.015104 0.006481
0 0.374479 0.371296 0.016667 0.003704
0 0.373437 0.376389 0.014583 0.006481
0 0.372396 0.381019 0.017708 0.002778
0 0.372917 0.385648 0.016667 0.006481
0 0.373698 0.390278 0.015104 0.002778
0 0.374219 0.394907 0.018229 0.006481
0 0.372656 0.399074 0.019271 0.005556
0 0.372396 0.404167 0.019792 0.004630
0 0.372396 0.409722 0.018750 0.006481
0 0.410677 0.381944 0.010937 0.004630
0 0.412240 0.386111 0.015104 0.001852
0 0.411979 0.389815 0.014583 0.005556
0 0.410938 0.395370 0.016667 0.005556
0 0.411719 0.400463 0.018229 0.004630
0 0.411198 0.405093 0.019271 0.004630
0 0.411198 0.409722 0.019271 0.004630
0 0.410938 0.414815 0.018750 0.003704
0 0.410938 0.418981 0.018750 0.004630
0 0.392188 0.371759 0.018750 0.006481
0 0.392188 0.376389 0.020833 0.002778
0 0.391927 0.380556 0.020313 0.005556
0 0.391667 0.387037 0.021875 0.007407
0 0.391406 0.391667 0.020313 0.005556
0 0.391927 0.398611 0.020313 0.010185
0 0.391927 0.406481 0.018229 0.005556
0 0.391927 0.411574 0.018229 0.004630
0 0.391146 0.416204 0.018750 0.004630
0 0.427604 0.403241 0.013542 0.004630
0 0.427344 0.408333 0.015104 0.003704
0 0.426823 0.412500 0.014063 0.004630
0 0.427344 0.417593 0.013021 0.005556
0 0.427344 0.422222 0.013021 0.003704
0 0.427865 0.427315 0.011979 0.006481
0 0.428125 0.431944 0.012500 0.002778
0 0.446354 0.386574 0.012500 0.006481
0 0.446615 0.392130 0.013021 0.004630
0 0.446354 0.396759 0.013542 0.004630
0 0.446354 0.401389 0.013542 0.004630
0 0.446094 0.406019 0.014063 0.004630
0 0.445833 0.411111 0.013542 0.003704
0 0.445833 0.414815 0.013542 0.003704
0 0.443750 0.419444 0.009375 0.005556
0 0.459115 0.389352 0.008854 0.004630
0 0.460417 0.394907 0.009375 0.004630
0 0.459115 0.399537 0.006771 0.004630
0 0.459375 0.404167 0.007292 0.004630
0 0.458854 0.408796 0.006250 0.004630
0 0.458073 0.413889 0.007812 0.005556
