0 0.626563 0.744444 0.193750 0.118519
0 0.789844 0.760648 0.166146 0.089815
0 0.932813 0.785648 0.125000 0.100926
0 0.791667 0.387037 0.042708 0.040741
0 0.752083 0.384259 0.043750 0.038889
0 0.714844 0.381481 0.035937 0.046296
0 0.535677 0.359259 0.018229 0.033333
0 0.510156 0.361111 0.038021 0.038889
0 0.476042 0.356944 0.033333 0.037963
0 0.428125 0.353241 0.037500 0.034259
0 0.390885 0.350000 0.042188 0.033333
0 0.354167 0.351389 0.033333 0.037963
0 0.313802 0.343519 0.044271 0.033333
0 0.269531 0.340741 0.039062 0.029630
0 0.233073 0.330093 0.040104 0.025000
0 0.240365 0.202315 0.058854 0.052778
0 0.357812 0.217130 0.043750 0.045370
0 0.396354 0.213889 0.033333 0.044444
0 0.436198 0.219907 0.042188 0.045370
0 0.475000 0.229630 0.039583 0.048148
0 0.511198 0.226389 0.040104 0.050926
0 0.549740 0.231481 0.036979 0.046296
0 0.590625 0.233796 0.035417 0.041667
0 0.628646 0.233796 0.036458 0.041667
0 0.670052 0.236111 0.042188 0.037037
0 0.422656 0.639352 0.091146 0.037963
0 0.474740 0.634722 0.034896 0.028704
0 0.368490 0.621759 0.029687 0.026852
0 0.298438 0.599537 0.034375 0.026852
0 0.267448 0.601852 0.048438 0.031481
0 0.210156 0.648148 0.061979 0.050000
0 0.146354 0.659722 0.077083 0.052778
0 0.113021 0.868981 0.216667 0.243519
0 0.136979 0.201852 0.071875 0.062963
0 0.928646 0.014815 0.025000 0.020370
0 0.942187 0.021296 0.048958 0.038889
0 0.942448 0.026389 0.044271 0.047222
0 0.942969 0.043056 0.047396 0.054630
0 0.942448 0.058796 0.047396 0.056481
0 0.941667 0.078704 0.050000 0.055556
0 0.941667 0.095833 0.048958 0.054630
0 0.942187 0.109259 0.050000 0.053704
0 0.944010 0.124537 0.048438 0.058333
0 0.942969 0.140741 0.047396 0.055556
0 0.985938 0.136111 0.025000 0.046296
0 0.984115 0.113889 0.027604 0.037037
0 0.983594 0.100463 0.026562 0.034259
0 0.985677 0.079630 0.026562 0.035185
0 0.986198 0.060648 0.026562 0.041667
0 0.984896 0.041204 0.028125 0.039815
0 0.985417 0.023148 0.023958 0.038889
0 0.980208 0.014815 0.022917 0.022222
