0 0.898958 0.492130 0.032292 0.039815
0 0.877344 0.483796 0.022396 0.030556
0 0.860417 0.476389 0.014583 0.034259
0 0.848698 0.473148 0.011979 0.033333
0 0.929948 0.301852 0.064062 0.053704
0 0.890625 0.321296 0.021875 0.033333
0 0.875000 0.331481 0.022917 0.044444
0 0.859375 0.344444 0.012500 0.025926
0 0.850521 0.355093 0.009375 0.026852
0 0.841667 0.359722 0.009375 0.025000
0 0.830990 0.366204 0.016146 0.032407
0 0.913542 0.198611 0.120833 0.063889
0 0.048958 0.244907 0.094792 0.067593
0 0.148438 0.273148 0.107292 0.066667
0 0.246094 0.304167 0.075521 0.050926
0 0.313281 0.311574 0.058854 0.032407
0 0.361458 0.323148 0.045833 0.048148
0 0.401823 0.337500 0.040104 0.047222
0 0.429948 0.342130 0.030729 0.025000
0 0.460417 0.349537 0.033333 0.039815
0 0.455990 0.491204 0.040104 0.026852
0 0.405208 0.496296 0.038542 0.035185
0 0.333333 0.455556 0.083333 0.024074
0 0.338802 0.503241 0.080729 0.023148
0 0.264844 0.525926 0.078646 0.037037
0 0.260156 0.453241 0.076563 0.041667
0 0.256510 0.399537 0.072396 0.032407
0 0.116406 0.467593 0.149479 0.048148
0 0.110156 0.543981 0.157812 0.043519
0 0.234635 0.068519 0.086979 0.064815
0 0.307031 0.109259 0.058854 0.057407
0 0.352604 0.145833 0.042708 0.039815
0 0.396615 0.174537 0.034896 0.039815
0 0.427344 0.202778 0.032813 0.037037
0 0.457813 0.222222 0.026042 0.027778
0 0.988542 0.547222 0.022917 0.061111
0 0.532031 0.376852 0.017188 0.020370
0 0.531250 0.471296 0.018750 0.018519
0 0.557552 0.463426 0.031771 0.028704
0 0.564323 0.381481 0.007812 0.011111
0 0.555469 0.381481 0.013021 0.012963
0 0.545312 0.375926 0.015625 0.011111
0 0.532552 0.276852 0.015104 0.020370
0 0.542188 0.283333 0.013542 0.022222
0 0.554167 0.292130 0.015625 0.021296
0 0.564583 0.300000 0.009375 0.018519
0 0.577083 0.465741 0.017708 0.009259
