0 0.374219 0.751852 0.156771 0.116667
0 0.164323 0.838889 0.308854 0.225926
0 0.720313 0.660185 0.089583 0.044444
0 0.796354 0.661574 0.056250 0.017593
0 0.900000 0.729167 0.167708 0.087963
0 0.982552 0.200000 0.033854 0.035185
0 0.765104 0.221296 0.030208 0.014815
0 0.767188 0.228704 0.029167 0.011111
0 0.767188 0.237500 0.033333 0.010185
0 0.767448 0.246296 0.031771 0.009259
0 0.767708 0.254630 0.032292 0.007407
0 0.769010 0.263426 0.029687 0.010185
0 0.766146 0.273148 0.035417 0.011111
0 0.767448 0.283796 0.031771 0.010185
0 0.766927 0.292593 0.035937 0.011111
0 0.767969 0.300926 0.031771 0.007407
0 0.768750 0.309722 0.033333 0.008333
0 0.768229 0.320370 0.033333 0.012963
0 0.767708 0.329630 0.035417 0.011111
0 0.769271 0.338889 0.038542 0.012963
0 0.767708 0.347685 0.035417 0.015741
0 0.733854 0.225926 0.031250 0.011111
0 0.733333 0.233333 0.028125 0.011111
0 0.733333 0.243519 0.029167 0.009259
0 0.734635 0.251852 0.028646 0.011111
0 0.733333 0.260185 0.028125 0.005556
0 0.733333 0.268519 0.027083 0.011111
0 0.734115 0.278704 0.028646 0.009259
0 0.733854 0.287500 0.028125 0.008333
0 0.733594 0.294907 0.027604 0.008333
0 0.733073 0.304630 0.028646 0.011111
0 0.734896 0.313426 0.029167 0.008333
0 0.735677 0.323148 0.027604 0.011111
0 0.734115 0.332870 0.031771 0.010185
0 0.734375 0.341204 0.029167 0.008333
0 0.694271 0.229167 0.027083 0.010185
0 0.692969 0.233796 0.032813 0.010185
0 0.692187 0.244444 0.034375 0.011111
0 0.691146 0.254167 0.032292 0.008333
0 0.692708 0.262500 0.028125 0.010185
0 0.694010 0.272685 0.031771 0.010185
0 0.692708 0.282870 0.029167 0.010185
0 0.692187 0.290741 0.027083 0.005556
0 0.689844 0.300463 0.029687 0.008333
0 0.693229 0.311111 0.030208 0.011111
0 0.692187 0.323148 0.032292 0.012963
0 0.691406 0.333796 0.032813 0.010185
0 0.657552 0.233333 0.025521 0.009259
0 0.656510 0.241204 0.026562 0.006481
0 0.656250 0.248148 0.028125 0.009259
0 0.654687 0.257870 0.026042 0.006481
0 0.654948 0.266667 0.026562 0.012963
0 0.655729 0.276852 0.025000 0.005556
0 0.654687 0.287037 0.021875 0.011111
0 0.657292 0.297685 0.027083 0.010185
0 0.654948 0.309722 0.025521 0.013889
0 0.656250 0.320370 0.028125 0.007407
0 0.655990 0.330556 0.027604 0.011111
0 0.654687 0.338889 0.023958 0.005556
0 0.987240 0.750463 0.021354 0.049074
0 0.338802 0.350463 0.021354 0.008333
0 0.338281 0.343981 0.021354 0.006481
0 0.315104 0.339352 0.014583 0.004630
0 0.313281 0.344907 0.018229 0.006481
0 0.313021 0.351389 0.017708 0.006481
0 0.314063 0.360185 0.015625 0.009259
0 0.291667 0.338426 0.016667 0.006481
0 0.291146 0.345833 0.017708 0.008333
0 0.290104 0.354630 0.015625 0.009259
0 0.336979 0.337037 0.017708 0.003704
0 0.361198 0.393056 0.025521 0.012037
0 0.361198 0.410648 0.026562 0.021296
0 0.386198 0.407870 0.028646 0.019444
0 0.415885 0.408333 0.034896 0.020370
