0 0.381771 0.686111 0.135417 0.053704
0 0.263542 0.671296 0.113542 0.074074
0 0.122396 0.865741 0.242708 0.224074
0 0.485417 0.108796 0.021875 0.052778
0 0.466406 0.047685 0.034896 0.080556
0 0.497396 0.154630 0.019792 0.050000
0 0.512760 0.188889 0.020313 0.051852
0 0.523698 0.228704 0.027604 0.035185
0 0.536458 0.257407 0.016667 0.033333
0 0.548698 0.292130 0.016146 0.030556
0 0.714323 0.651389 0.061979 0.030556
0 0.905469 0.198148 0.128646 0.107407
0 0.869792 0.046759 0.051042 0.086111
0 0.789844 0.380556 0.054688 0.037037
0 0.942708 0.723148 0.112500 0.038889
0 0.589323 0.668519 0.056771 0.031481
0 0.589583 0.650926 0.048958 0.022222
0 0.585417 0.631481 0.060417 0.024074
0 0.587760 0.614815 0.058854 0.025926
0 0.587240 0.592593 0.063021 0.020370
0 0.585938 0.575926 0.063542 0.027778
0 0.586979 0.556944 0.064583 0.021296
0 0.586719 0.537963 0.061979 0.020370
0 0.586458 0.520833 0.065625 0.017593
0 0.567969 0.438426 0.048438 0.019444
0 0.569792 0.453241 0.051042 0.019444
0 0.569792 0.470833 0.051042 0.015741
0 0.570312 0.486111 0.050000 0.022222
0 0.570312 0.506019 0.051042 0.017593
0 0.552604 0.520833 0.009375 0.019444
0 0.552344 0.537500 0.011979 0.017593
0 0.551823 0.550926 0.008854 0.014815
0 0.550781 0.567593 0.008854 0.007407
0 0.550260 0.577778 0.009896 0.014815
0 0.550521 0.593519 0.010417 0.016667
0 0.551823 0.610648 0.013021 0.017593
0 0.645052 0.604630 0.007812 0.005556
0 0.645052 0.609259 0.008854 0.005556
0 0.645312 0.614815 0.008333 0.005556
0 0.645573 0.620370 0.007812 0.005556
0 0.645833 0.626389 0.007292 0.006481
0 0.645052 0.632407 0.005729 0.005556
0 0.516406 0.484722 0.050521 0.012037
0 0.515104 0.497222 0.050000 0.012963
0 0.513542 0.469444 0.053125 0.020370
0 0.517969 0.450000 0.047396 0.016667
0 0.518229 0.433333 0.047917 0.016667
0 0.517969 0.510185 0.047396 0.024074
0 0.518229 0.525463 0.045833 0.017593
0 0.517708 0.542130 0.044792 0.015741
0 0.517188 0.556944 0.043750 0.010185
0 0.515365 0.574074 0.040104 0.024074
0 0.519531 0.590741 0.033854 0.011111
0 0.448177 0.663889 0.025521 0.014815
0 0.441146 0.642593 0.031250 0.025926
0 0.430208 0.615741 0.050000 0.025926
0 0.434375 0.600926 0.057292 0.020370
0 0.436198 0.579167 0.057813 0.030556
0 0.437240 0.556481 0.053646 0.033333
0 0.438021 0.535648 0.054167 0.037963
0 0.439844 0.514815 0.053646 0.035185
0 0.441406 0.493981 0.056771 0.039815
0 0.434896 0.474074 0.069792 0.040741
0 0.428125 0.451389 0.091667 0.043519
0 0.426042 0.428704 0.089583 0.042593
0 0.366927 0.362037 0.089063 0.048148
0 0.367448 0.383333 0.091146 0.040741
0 0.366927 0.400926 0.090104 0.037037
0 0.359115 0.418056 0.082812 0.026852
0 0.353646 0.438889 0.070833 0.022222
0 0.989062 0.075463 0.021875 0.036111
