0 0.989844 0.087500 0.019271 0.080556
0 0.986979 0.144444 0.022917 0.075926
0 0.989844 0.182407 0.016146 0.055556
0 0.985156 0.223148 0.022396 0.068519
0 0.986198 0.261111 0.024479 0.072222
0 0.986719 0.309722 0.023438 0.069444
0 0.985938 0.348611 0.023958 0.060185
0 0.985677 0.392593 0.020313 0.059259
0 0.985677 0.437037 0.025521 0.050000
0 0.985156 0.471296 0.022396 0.064815
0 0.987760 0.516204 0.021354 0.043519
0 0.987240 0.558796 0.017188 0.039815
0 0.988802 0.598148 0.019271 0.055556
0 0.988281 0.637963 0.019271 0.044444
0 0.987500 0.682870 0.020833 0.060185
0 0.985677 0.724537 0.023438 0.041667
0 0.987500 0.766667 0.020833 0.044444
0 0.960938 0.741204 0.036458 0.047222
0 0.960417 0.707407 0.040625 0.042593
0 0.960156 0.668981 0.033854 0.041667
0 0.962240 0.631944 0.035937 0.039815
0 0.959635 0.601389 0.038021 0.039815
0 0.959375 0.561574 0.041667 0.043519
0 0.961719 0.523611 0.036979 0.039815
0 0.958854 0.492130 0.037500 0.049074
0 0.958073 0.456944 0.039062 0.058333
0 0.959115 0.425463 0.039062 0.058333
0 0.958333 0.393519 0.038542 0.057407
0 0.958333 0.356481 0.037500 0.055556
0 0.958073 0.319907 0.039062 0.058333
0 0.958073 0.281944 0.041146 0.073148
0 0.901042 0.514815 0.078125 0.037037
0 0.904687 0.684259 0.077083 0.040741
0 0.354948 0.797222 0.373437 0.250000
0 0.261458 0.624074 0.219792 0.096296
0 0.088542 0.537963 0.167708 0.111111
0 0.085156 0.626852 0.159896 0.096296
0 0.084375 0.733796 0.166667 0.158333
0 0.078906 0.818981 0.154688 0.141667
0 0.267969 0.696759 0.208854 0.115741
0 0.259375 0.769444 0.204167 0.168519
0 0.752083 0.595370 0.036458 0.011111
0 0.752344 0.604630 0.036979 0.016667
0 0.751042 0.612500 0.039583 0.012037
0 0.750521 0.623611 0.038542 0.013889
0 0.750781 0.632870 0.039062 0.013889
0 0.415104 0.600463 0.106250 0.037963
0 0.040104 0.063889 0.078125 0.088889
0 0.037760 0.033796 0.073438 0.063889
0 0.050000 0.030093 0.072917 0.052778
