0 0.695312 0.312037 0.105208 0.053704
0 0.695573 0.328704 0.097396 0.035185
0 0.696875 0.357407 0.097917 0.035185
0 0.684896 0.375463 0.078125 0.028704
0 0.685677 0.397685 0.076563 0.032407
0 0.683333 0.426852 0.072917 0.027778
0 0.683854 0.446759 0.072917 0.023148
0 0.680729 0.469907 0.066667 0.025000
0 0.681771 0.493981 0.067708 0.021296
0 0.641146 0.490278 0.010417 0.021296
0 0.643750 0.468519 0.005208 0.022222
0 0.644531 0.451852 0.009896 0.020370
0 0.643490 0.426389 0.006771 0.028704
0 0.641406 0.403241 0.014063 0.023148
0 0.770573 0.371759 0.119271 0.039815
0 0.767188 0.389815 0.103125 0.029630
0 0.771875 0.417593 0.108333 0.033333
0 0.769271 0.446296 0.096875 0.031481
0 0.765365 0.465741 0.109896 0.029630
0 0.771875 0.493981 0.112500 0.037963
0 0.908073 0.501389 0.125521 0.054630
0 0.586719 0.501852 0.114062 0.050000
0 0.502344 0.498148 0.074479 0.031481
0 0.504687 0.258333 0.096875 0.035185
0 0.499479 0.278704 0.073958 0.027778
0 0.467187 0.303241 0.014583 0.026852
0 0.467187 0.322685 0.014583 0.012037
0 0.468229 0.338426 0.016667 0.019444
0 0.468229 0.358333 0.016667 0.020370
0 0.465885 0.378704 0.011979 0.020370
0 0.467708 0.398148 0.009375 0.018519
0 0.430208 0.417130 0.072917 0.023148
0 0.429948 0.438889 0.071354 0.020370
0 0.437500 0.455556 0.069792 0.025926
0 0.433594 0.475926 0.065104 0.022222
0 0.446875 0.498148 0.040625 0.031481
0 0.034375 0.356019 0.066667 0.028704
0 0.039844 0.500000 0.068229 0.022222
