0 0.598698 0.597685 0.136979 0.134259
0 0.674740 0.557407 0.048438 0.083333
0 0.423958 0.833333 0.264583 0.331481
0 0.325781 0.787963 0.435937 0.381481
0 0.571354 0.074074 0.056250 0.092593
0 0.585938 0.120833 0.068750 0.071296
0 0.583854 0.158333 0.096875 0.088889
0 0.636198 0.177315 0.043229 0.058333
0 0.667708 0.215741 0.014583 0.042593
0 0.647917 0.157870 0.025000 0.030556
0 0.621354 0.123148 0.029167 0.055556
0 0.590365 0.054630 0.052604 0.105556
0 0.991146 0.519444 0.013542 0.038889
0 0.970833 0.500463 0.036458 0.034259
0 0.936198 0.486574 0.031771 0.043519
0 0.905469 0.481944 0.011979 0.036111
0 0.985417 0.198611 0.023958 0.065741
0 0.959115 0.239352 0.025521 0.060185
0 0.935937 0.269907 0.021875 0.056481
0 0.917969 0.286574 0.020313 0.032407
0 0.902865 0.298611 0.017188 0.030556
0 0.890885 0.313889 0.010937 0.029630
0 0.878385 0.325926 0.016146 0.033333
0 0.867448 0.338426 0.008854 0.013889
0 0.917969 0.070833 0.025521 0.060185
0 0.913542 0.115741 0.032292 0.046296
0 0.894271 0.143519 0.017708 0.040741
0 0.884115 0.170370 0.013021 0.033333
0 0.876042 0.198148 0.017708 0.038889
0 0.935937 0.028241 0.022917 0.054630
0 0.725000 0.079167 0.071875 0.076852
0 0.728125 0.492593 0.012500 0.014815
0 0.745573 0.476852 0.014063 0.014815
