0 0.832552 0.704630 0.144271 0.064815
0 0.395313 0.644444 0.079167 0.050000
0 0.257552 0.403241 0.064062 0.021296
0 0.259896 0.389352 0.063542 0.015741
0 0.319792 0.395833 0.053125 0.012037
0 0.478385 0.392593 0.128646 0.018519
0 0.167708 0.405556 0.103125 0.022222
0 0.032813 0.354630 0.040625 0.024074
0 0.006250 0.345370 0.012500 0.018519
0 0.143229 0.133333 0.022917 0.012963
0 0.144271 0.144444 0.027083 0.011111
0 0.142708 0.151389 0.022917 0.008333
0 0.143750 0.160648 0.023958 0.012037
0 0.142708 0.169444 0.022917 0.009259
0 0.142448 0.177778 0.025521 0.011111
0 0.141927 0.187963 0.024479 0.009259
0 0.140625 0.198148 0.027083 0.011111
0 0.139323 0.206481 0.024479 0.009259
0 0.140625 0.215278 0.023958 0.010185
0 0.139583 0.224537 0.021875 0.008333
0 0.133854 0.310648 0.025000 0.013889
0 0.135677 0.233333 0.024479 0.011111
0 0.137500 0.242130 0.023958 0.010185
0 0.137240 0.251389 0.024479 0.008333
0 0.135937 0.260648 0.021875 0.008333
0 0.135417 0.270370 0.026042 0.011111
0 0.135417 0.280093 0.023958 0.010185
0 0.171094 0.121759 0.025521 0.008333
0 0.170573 0.133333 0.027604 0.014815
0 0.170052 0.142130 0.024479 0.012037
0 0.169531 0.153241 0.026562 0.010185
0 0.170313 0.161574 0.022917 0.010185
0 0.168750 0.170833 0.029167 0.010185
0 0.167187 0.179630 0.028125 0.011111
0 0.166667 0.190741 0.033333 0.011111
0 0.167187 0.199074 0.026042 0.011111
0 0.168490 0.209722 0.031771 0.010185
0 0.167448 0.219444 0.028646 0.009259
0 0.166927 0.228241 0.030729 0.008333
0 0.165365 0.237963 0.030729 0.014815
0 0.163802 0.248611 0.032813 0.006481
0 0.162500 0.257407 0.029167 0.011111
0 0.162240 0.266667 0.029687 0.007407
0 0.162240 0.275463 0.029687 0.010185
0 0.161979 0.286111 0.030208 0.011111
0 0.160156 0.297685 0.026562 0.012037
0 0.162240 0.307870 0.027604 0.012037
0 0.192448 0.304167 0.031771 0.012037
0 0.189062 0.293056 0.031250 0.010185
0 0.189062 0.282407 0.029167 0.011111
0 0.190625 0.272685 0.026042 0.008333
0 0.191406 0.262963 0.027604 0.011111
0 0.191667 0.253241 0.027083 0.008333
0 0.193490 0.244444 0.027604 0.011111
0 0.195052 0.233796 0.024479 0.010185
0 0.194010 0.224074 0.026562 0.014815
0 0.193750 0.214815 0.027083 0.012963
0 0.196094 0.204630 0.027604 0.012963
0 0.192708 0.195370 0.029167 0.011111
0 0.195052 0.187500 0.023438 0.013889
0 0.194531 0.177778 0.029687 0.016667
0 0.196094 0.168981 0.027604 0.013889
0 0.194010 0.156944 0.024479 0.015741
0 0.197396 0.150463 0.028125 0.013889
0 0.196094 0.138426 0.022396 0.017593
0 0.197396 0.129630 0.026042 0.011111
0 0.197917 0.117130 0.023958 0.017593
0 0.223958 0.156481 0.030208 0.014815
0 0.225260 0.165741 0.029687 0.011111
0 0.222135 0.175000 0.026562 0.012963
0 0.221615 0.184259 0.030729 0.009259
0 0.221354 0.195370 0.028125 0.012963
0 0.221875 0.206944 0.027083 0.010185
0 0.221615 0.217130 0.026562 0.010185
0 0.221615 0.226852 0.026562 0.009259
0 0.220833 0.236574 0.026042 0.008333
0 0.219792 0.249074 0.028125 0.014815
0 0.217448 0.259259 0.023438 0.007407
0 0.217969 0.267593 0.030729 0.011111
0 0.217448 0.277778 0.029687 0.009259
0 0.216927 0.287500 0.030729 0.010185
0 0.221615 0.312037 0.035937 0.033333
0 0.256510 0.311111 0.048438 0.038889
0 0.289062 0.305093 0.045833 0.030556
0 0.324479 0.306019 0.045833 0.041667
0 0.357812 0.301389 0.045833 0.041667
0 0.402344 0.298148 0.049479 0.042593
0 0.445312 0.294444 0.050000 0.048148
0 0.486979 0.290741 0.054167 0.053704
0 0.527083 0.287037 0.047917 0.053704
0 0.576042 0.279167 0.060417 0.054630
0 0.634896 0.277315 0.052083 0.054630
0 0.680990 0.271296 0.049479 0.053704
0 0.739062 0.269907 0.052083 0.041667
0 0.805990 0.263889 0.069271 0.053704
0 0.872656 0.256481 0.067187 0.053704
0 0.254688 0.098611 0.023958 0.013889
0 0.257552 0.110648 0.025521 0.012037
0 0.257031 0.121296 0.026562 0.009259
0 0.256250 0.132407 0.027083 0.012963
0 0.255469 0.143056 0.026562 0.008333
0 0.254688 0.151852 0.028125 0.011111
0 0.252865 0.162037 0.024479 0.009259
0 0.252344 0.172222 0.027604 0.011111
0 0.251302 0.182407 0.026562 0.009259
0 0.251042 0.191667 0.026042 0.011111
0 0.251823 0.203241 0.030729 0.010185
0 0.251563 0.214815 0.031250 0.012963
0 0.250260 0.227315 0.029687 0.012037
0 0.251563 0.237500 0.027083 0.008333
0 0.248177 0.243519 0.029687 0.011111
0 0.249219 0.255556 0.028646 0.011111
0 0.248438 0.266667 0.027083 0.011111
0 0.247656 0.277315 0.028646 0.010185
0 0.244010 0.288426 0.027604 0.013889
0 0.290625 0.096296 0.037500 0.016667
0 0.290625 0.106019 0.042708 0.013889
0 0.291146 0.114815 0.041667 0.020370
0 0.290625 0.126389 0.043750 0.017593
0 0.290625 0.138426 0.039583 0.019444
0 0.289323 0.149074 0.044271 0.014815
0 0.287500 0.159722 0.037500 0.021296
0 0.289323 0.168519 0.039062 0.012963
0 0.286979 0.177778 0.039583 0.014815
0 0.286979 0.187963 0.042708 0.012963
0 0.284896 0.198611 0.036458 0.012037
0 0.285417 0.209259 0.038542 0.009259
0 0.285156 0.219444 0.036979 0.012963
0 0.286979 0.230556 0.039583 0.012963
0 0.282813 0.240278 0.032292 0.010185
0 0.284115 0.251852 0.030729 0.012963
0 0.284375 0.263426 0.033333 0.013889
0 0.283594 0.274074 0.034896 0.007407
0 0.282552 0.283796 0.034896 0.013889
0 0.320573 0.279167 0.034896 0.017593
0 0.325781 0.268981 0.036979 0.012037
0 0.324740 0.258796 0.038021 0.013889
0 0.325000 0.248148 0.035417 0.014815
0 0.325521 0.236111 0.036458 0.014815
0 0.324740 0.227315 0.039062 0.013889
0 0.324479 0.213426 0.038542 0.010185
0 0.326042 0.202778 0.037500 0.012963
0 0.325000 0.191204 0.037500 0.015741
0 0.325521 0.182870 0.035417 0.013889
0 0.326562 0.170370 0.036458 0.014815
0 0.328646 0.161574 0.031250 0.017593
0 0.325260 0.150000 0.031771 0.022222
0 0.329948 0.138889 0.033854 0.016667
0 0.328646 0.128241 0.033333 0.019444
0 0.328906 0.121296 0.030729 0.014815
0 0.328385 0.106019 0.031771 0.021296
0 0.328906 0.093981 0.034896 0.019444
0 0.331771 0.082870 0.036458 0.019444
0 0.376563 0.083796 0.055208 0.037963
0 0.369792 0.084722 0.038542 0.019444
0 0.365365 0.094444 0.039062 0.014815
0 0.364844 0.107407 0.035937 0.016667
0 0.364583 0.116204 0.033333 0.015741
0 0.365104 0.128704 0.038542 0.016667
0 0.364323 0.138889 0.036979 0.016667
0 0.364063 0.150000 0.039583 0.014815
0 0.363281 0.163426 0.041146 0.023148
0 0.364063 0.175000 0.040625 0.020370
0 0.363542 0.187500 0.038542 0.017593
0 0.363802 0.196759 0.038021 0.015741
0 0.362240 0.208796 0.035937 0.015741
0 0.364063 0.218981 0.035417 0.013889
0 0.362240 0.230093 0.035937 0.017593
0 0.361719 0.240741 0.036979 0.014815
0 0.361979 0.253704 0.036458 0.014815
0 0.362500 0.265278 0.036458 0.015741
0 0.637240 0.073611 0.044271 0.021296
0 0.635677 0.082407 0.043229 0.011111
0 0.637500 0.097685 0.039583 0.021296
0 0.636719 0.110648 0.041146 0.008333
0 0.637240 0.121759 0.041146 0.019444
0 0.636719 0.135648 0.040104 0.010185
0 0.635156 0.148611 0.042188 0.015741
0 0.633333 0.162500 0.038542 0.010185
0 0.633333 0.176852 0.038542 0.018519
0 0.633333 0.191204 0.040625 0.013889
0 0.632552 0.204167 0.042188 0.013889
0 0.630990 0.217593 0.039062 0.012963
0 0.632552 0.231481 0.035937 0.014815
0 0.628906 0.244907 0.041146 0.013889
0 0.680469 0.210185 0.040104 0.011111
0 0.681771 0.201852 0.037500 0.016667
0 0.679167 0.189815 0.044792 0.025926
0 0.679427 0.158333 0.042188 0.018519
0 0.679427 0.174074 0.040104 0.022222
0 0.680729 0.145370 0.041667 0.024074
0 0.680729 0.130093 0.045833 0.021296
0 0.679948 0.118519 0.041146 0.025926
0 0.681250 0.104630 0.043750 0.020370
0 0.681250 0.089815 0.044792 0.020370
0 0.684896 0.077778 0.040625 0.022222
0 0.681510 0.065741 0.041146 0.025926
0 0.684896 0.050463 0.042708 0.028704
0 0.682552 0.037037 0.036979 0.025926
0 0.681250 0.023611 0.039583 0.019444
0 0.680990 0.011111 0.047396 0.022222
0 0.745313 0.011111 0.046875 0.016667
0 0.744792 0.018981 0.046875 0.021296
0 0.742188 0.032870 0.039583 0.017593
0 0.744010 0.045370 0.051562 0.027778
0 0.743490 0.056944 0.044271 0.013889
0 0.746094 0.070833 0.047396 0.023148
0 0.746615 0.089352 0.044271 0.013889
0 0.744531 0.105093 0.046354 0.017593
0 0.743229 0.112963 0.050000 0.020370
0 0.743490 0.131019 0.052604 0.017593
0 0.742188 0.146759 0.048958 0.012037
0 0.744010 0.160648 0.045312 0.015741
0 0.744792 0.175000 0.046875 0.012963
0 0.744271 0.190278 0.048958 0.017593
0 0.810677 0.012037 0.055729 0.020370
0 0.810156 0.023611 0.053646 0.017593
0 0.813802 0.038426 0.050521 0.019444
0 0.815885 0.045370 0.047396 0.020370
0 0.813802 0.062963 0.051562 0.018519
0 0.813802 0.075926 0.045312 0.020370
0 0.815365 0.093056 0.042188 0.023148
0 0.816667 0.106944 0.053125 0.015741
0 0.814844 0.126389 0.045312 0.017593
0 0.814583 0.141667 0.046875 0.011111
0 0.814583 0.154167 0.046875 0.013889
0 0.874479 0.008333 0.055208 0.012963
0 0.872396 0.022222 0.048958 0.020370
0 0.872917 0.033796 0.057292 0.015741
0 0.871354 0.051389 0.060417 0.019444
0 0.871354 0.060185 0.059375 0.018519
0 0.873177 0.093519 0.053646 0.011111
0 0.877344 0.077778 0.052604 0.016667
0 0.871615 0.106944 0.053646 0.015741
0 0.875781 0.124074 0.054688 0.018519
0 0.875521 0.139352 0.054167 0.012037
0 0.875521 0.153704 0.055208 0.016667
0 0.877604 0.170833 0.059375 0.017593
0 0.877344 0.186111 0.059896 0.012963
0 0.876823 0.200000 0.059896 0.012963
0 0.878125 0.217130 0.057292 0.019444
0 0.445312 0.052315 0.041667 0.019444
0 0.445833 0.063426 0.040625 0.015741
0 0.448698 0.074537 0.039062 0.017593
0 0.448698 0.087963 0.041146 0.016667
0 0.446615 0.098148 0.045312 0.018519
0 0.448177 0.112963 0.039062 0.018519
0 0.448437 0.123148 0.042708 0.012963
0 0.447656 0.135648 0.041146 0.019444
0 0.446094 0.148148 0.044271 0.016667
0 0.445573 0.160648 0.043229 0.015741
0 0.444792 0.170370 0.044792 0.014815
0 0.445052 0.182870 0.044271 0.017593
0 0.444010 0.193981 0.046354 0.013889
0 0.442969 0.207407 0.043229 0.016667
0 0.444792 0.217130 0.043750 0.012037
0 0.445052 0.229630 0.044271 0.014815
0 0.445052 0.241667 0.044271 0.014815
0 0.445312 0.256019 0.044792 0.013889
0 0.447135 0.269444 0.041146 0.014815
0 0.407292 0.112037 0.039583 0.024074
0 0.406250 0.123611 0.044792 0.019444
0 0.402604 0.132870 0.031250 0.021296
0 0.400521 0.145370 0.038542 0.011111
0 0.401042 0.156481 0.033333 0.011111
0 0.402083 0.167593 0.031250 0.011111
0 0.400521 0.178241 0.029167 0.012037
0 0.398438 0.190741 0.033333 0.012963
0 0.398438 0.200926 0.031250 0.009259
0 0.398698 0.212037 0.030729 0.012963
0 0.397396 0.223611 0.028125 0.012037
0 0.397135 0.236111 0.028646 0.011111
0 0.394271 0.245370 0.026042 0.009259
0 0.395313 0.256481 0.023958 0.012963
0 0.395573 0.267593 0.024479 0.009259
0 0.492188 0.038426 0.040625 0.021296
0 0.489063 0.051389 0.044792 0.015741
0 0.488802 0.064352 0.041146 0.015741
0 0.489063 0.077315 0.041667 0.010185
0 0.489323 0.090278 0.042188 0.015741
0 0.488802 0.104167 0.041146 0.012037
0 0.488802 0.117130 0.041146 0.013889
0 0.488542 0.127315 0.040625 0.013889
0 0.486719 0.141204 0.042188 0.013889
0 0.487500 0.152315 0.041667 0.013889
0 0.486198 0.162500 0.039062 0.015741
0 0.485938 0.175463 0.044792 0.013889
0 0.485677 0.189815 0.044271 0.014815
0 0.488281 0.199074 0.040104 0.014815
0 0.484635 0.212963 0.038021 0.016667
0 0.485677 0.224074 0.040104 0.014815
0 0.484896 0.235648 0.037500 0.013889
0 0.485417 0.247222 0.036458 0.012963
0 0.484115 0.264815 0.033854 0.020370
0 0.532292 0.033333 0.041667 0.024074
0 0.533333 0.043056 0.039583 0.012037
0 0.531510 0.056944 0.040104 0.013889
0 0.530729 0.070370 0.042708 0.014815
0 0.529687 0.081019 0.040625 0.006481
0 0.529948 0.092130 0.040104 0.015741
0 0.530208 0.105093 0.041667 0.010185
0 0.531510 0.116667 0.039062 0.012963
0 0.531510 0.129630 0.039062 0.012963
0 0.531250 0.142593 0.039583 0.012963
0 0.527865 0.155093 0.032813 0.012037
0 0.525521 0.166667 0.037500 0.011111
0 0.529167 0.179630 0.036458 0.016667
0 0.526563 0.189815 0.036458 0.011111
0 0.526042 0.203241 0.038542 0.015741
0 0.526302 0.214352 0.040104 0.013889
0 0.526302 0.228241 0.040104 0.013889
0 0.527344 0.240741 0.041146 0.011111
0 0.524479 0.252315 0.038542 0.010185
0 0.577865 0.240278 0.046354 0.021296
0 0.579688 0.231481 0.046875 0.025926
0 0.579688 0.212963 0.048958 0.014815
0 0.581250 0.203241 0.045833 0.019444
0 0.580729 0.186574 0.045833 0.017593
0 0.581510 0.177778 0.047396 0.016667
0 0.579948 0.162037 0.046354 0.018519
0 0.579688 0.148148 0.045833 0.012963
0 0.580208 0.134722 0.047917 0.013889
0 0.580729 0.125000 0.046875 0.012963
0 0.579688 0.111111 0.045833 0.014815
0 0.581250 0.099074 0.047917 0.016667
0 0.582552 0.084259 0.048438 0.016667
0 0.582552 0.070370 0.048438 0.011111
0 0.581510 0.059722 0.046354 0.017593
0 0.580208 0.048611 0.039583 0.019444
0 0.580469 0.036574 0.044271 0.025000
0 0.578385 0.026852 0.041146 0.027778
0 0.814583 0.161574 0.048958 0.023148
