0 0.081510 0.558333 0.127604 0.068519
0 0.187500 0.535648 0.084375 0.062037
0 0.270313 0.523148 0.069792 0.044444
0 0.340885 0.506481 0.050521 0.035185
0 0.386198 0.499074 0.035937 0.035185
0 0.424219 0.489815 0.032813 0.022222
0 0.459635 0.486574 0.022396 0.023148
0 0.485938 0.484722 0.020833 0.021296
0 0.070312 0.285185 0.138542 0.061111
0 0.189323 0.309722 0.094271 0.056481
0 0.272656 0.325926 0.065104 0.042593
0 0.345573 0.345833 0.067187 0.032407
0 0.027865 0.368519 0.050521 0.024074
0 0.069531 0.371296 0.031771 0.029630
0 0.002083 0.189352 0.003125 0.021296
0 0.043750 0.196759 0.072917 0.043519
0 0.116927 0.217593 0.060937 0.038889
0 0.247917 0.137963 0.115625 0.081481
0 0.070833 0.057407 0.134375 0.109259
0 0.967187 0.494907 0.050000 0.039815
0 0.990625 0.222222 0.018750 0.040741
0 0.959635 0.246296 0.030729 0.055556
0 0.933594 0.274537 0.018229 0.032407
0 0.915625 0.292130 0.014583 0.032407
0 0.900521 0.303704 0.011458 0.020370
0 0.931510 0.484722 0.020313 0.034259
0 0.920052 0.472685 0.038021 0.026852
0 0.842969 0.399537 0.099479 0.021296
0 0.960417 0.022222 0.025000 0.042593
0 0.938021 0.059259 0.018750 0.057407
0 0.919531 0.102778 0.013021 0.057407
0 0.904948 0.138426 0.010937 0.034259
0 0.891667 0.168981 0.011458 0.037963
0 0.882031 0.188426 0.006771 0.026852
0 0.417969 0.353704 0.046354 0.042593
0 0.459896 0.363426 0.029167 0.021296
