0 0.652083 0.314815 0.090625 0.077778
0 0.636979 0.278704 0.106250 0.081481
0 0.650521 0.213426 0.045833 0.071296
0 0.668490 0.361574 0.070312 0.050926
0 0.682813 0.377778 0.063542 0.048148
0 0.891927 0.328241 0.040104 0.043519
0 0.883073 0.371296 0.029687 0.044444
0 0.861458 0.392593 0.020833 0.031481
0 0.845833 0.415741 0.019792 0.031481
0 0.821875 0.442593 0.014583 0.020370
0 0.841406 0.280556 0.026562 0.046296
0 0.856510 0.231481 0.023438 0.053704
0 0.180469 0.325463 0.349479 0.313889
0 0.279948 0.952315 0.128646 0.089815
