0 0.754687 0.716667 0.143750 0.098148
0 0.899740 0.742593 0.159896 0.103704
0 0.986719 0.761111 0.022396 0.088889
0 0.078906 0.691667 0.149479 0.081481
0 0.217969 0.672685 0.164062 0.047222
0 0.339583 0.661111 0.093750 0.061111
0 0.420052 0.513426 0.025521 0.012037
0 0.416146 0.521296 0.018750 0.007407
0 0.417187 0.529167 0.021875 0.012037
0 0.415885 0.539352 0.019271 0.008333
0 0.415104 0.545833 0.020833 0.012037
0 0.414323 0.556019 0.019271 0.008333
0 0.414844 0.565278 0.019271 0.010185
0 0.415365 0.574074 0.020313 0.007407
0 0.393490 0.484722 0.011979 0.008333
0 0.398958 0.492130 0.026042 0.010185
0 0.397135 0.498611 0.023438 0.006481
0 0.396875 0.506944 0.019792 0.008333
0 0.397656 0.515278 0.018229 0.008333
0 0.398177 0.525000 0.020313 0.011111
0 0.397656 0.536111 0.021354 0.011111
0 0.395052 0.547222 0.015104 0.011111
0 0.396094 0.555556 0.016146 0.007407
0 0.396875 0.565278 0.017708 0.012037
