0 0.410156 0.371759 0.202604 0.110185
0 0.476562 0.422685 0.135417 0.065741
0 0.519792 0.449074 0.092708 0.051852
0 0.527865 0.466667 0.110937 0.046296
0 0.571354 0.497222 0.068750 0.031481
0 0.608854 0.509722 0.011458 0.026852
0 0.619271 0.520370 0.007292 0.025926
0 0.628125 0.532870 0.010417 0.017593
0 0.620833 0.426389 0.034375 0.019444
0 0.616146 0.409722 0.035417 0.026852
0 0.605469 0.378704 0.045312 0.037037
0 0.590104 0.345370 0.047917 0.044444
0 0.576302 0.322685 0.055729 0.054630
0 0.553125 0.276852 0.079167 0.064815
0 0.980729 0.083796 0.037500 0.095370
0 0.938281 0.230556 0.118229 0.088889
0 0.923177 0.295833 0.130729 0.063889
0 0.874479 0.332870 0.073958 0.041667
0 0.868490 0.361111 0.090104 0.040741
0 0.855990 0.386111 0.090104 0.033333
0 0.844531 0.408796 0.089063 0.026852
0 0.805990 0.424074 0.024479 0.018519
0 0.833854 0.207870 0.016667 0.049074
0 0.850000 0.170833 0.032292 0.062037
0 0.878125 0.101852 0.047917 0.081481
0 0.917969 0.036574 0.080729 0.071296
0 0.950521 0.444444 0.073958 0.061111
0 0.881771 0.494444 0.053125 0.037037
0 0.840365 0.520370 0.029687 0.033333
0 0.816667 0.532870 0.017708 0.028704
0 0.801562 0.539815 0.016667 0.025926
0 0.596354 0.194444 0.046875 0.057407
0 0.103385 0.057870 0.199479 0.104630
