0 0.933854 0.117130 0.130208 0.126852
0 0.789583 0.357407 0.062500 0.044444
0 0.706771 0.641667 0.066667 0.029630
0 0.291927 0.707407 0.197396 0.094444
0 0.128125 0.672685 0.136458 0.106481
0 0.493750 0.132407 0.017708 0.055556
0 0.475000 0.088889 0.022917 0.059259
0 0.454688 0.036111 0.028125 0.068519
0 0.508333 0.182870 0.017708 0.043519
0 0.518229 0.212037 0.008333 0.035185
0 0.525000 0.232407 0.012500 0.031481
0 0.532813 0.258333 0.014583 0.033333
0 0.548438 0.406019 0.056250 0.019444
0 0.548177 0.424074 0.055729 0.020370
0 0.549219 0.440741 0.053646 0.012963
0 0.550521 0.456944 0.056250 0.017593
0 0.550260 0.475926 0.059896 0.024074
0 0.563802 0.490278 0.068229 0.032407
0 0.566667 0.513889 0.071875 0.022222
0 0.564844 0.536574 0.066146 0.028704
0 0.567708 0.557407 0.064583 0.024074
0 0.569271 0.578241 0.069792 0.025000
0 0.569792 0.600000 0.066667 0.022222
0 0.567448 0.625000 0.055729 0.031481
0 0.567708 0.646296 0.056250 0.024074
0 0.569010 0.664352 0.058854 0.026852
0 0.492448 0.556481 0.043229 0.031481
0 0.491927 0.573148 0.050521 0.016667
0 0.500000 0.591204 0.030208 0.019444
0 0.529687 0.509722 0.010417 0.023148
0 0.529948 0.543056 0.014063 0.019444
0 0.527865 0.561111 0.017188 0.014815
0 0.528385 0.578704 0.018229 0.020370
0 0.526042 0.596759 0.020833 0.013889
0 0.489063 0.519907 0.057292 0.017593
0 0.490885 0.504167 0.064062 0.017593
0 0.489323 0.489815 0.056771 0.022222
0 0.492448 0.475000 0.060937 0.018519
0 0.490885 0.455556 0.059896 0.020370
0 0.489844 0.433333 0.064062 0.025926
0 0.377344 0.385185 0.115104 0.062963
0 0.378385 0.409259 0.118229 0.051852
0 0.389062 0.435185 0.094792 0.048148
0 0.389583 0.453704 0.079167 0.044444
0 0.389844 0.481019 0.073438 0.043519
0 0.387500 0.504167 0.080208 0.030556
0 0.385937 0.530093 0.080208 0.043519
0 0.388802 0.560185 0.081771 0.033333
0 0.365885 0.584259 0.050521 0.037037
0 0.380990 0.611574 0.028646 0.026852
0 0.380729 0.636111 0.036458 0.029630
0 0.386198 0.662037 0.027604 0.022222
0 0.316927 0.311574 0.124479 0.075000
0 0.318750 0.331019 0.109375 0.054630
0 0.298438 0.344907 0.093750 0.054630
0 0.290365 0.368519 0.085938 0.027778
0 0.292448 0.394907 0.098437 0.041667
