0 0.306771 0.833333 0.377083 0.253704
0 0.529427 0.723611 0.080729 0.099074
0 0.938021 0.782407 0.042708 0.088889
0 0.972917 0.821296 0.047917 0.090741
0 0.750260 0.159722 0.032813 0.017593
0 0.750781 0.169907 0.034896 0.017593
0 0.750260 0.177778 0.033854 0.009259
0 0.750781 0.187037 0.035937 0.012963
0 0.749219 0.196296 0.036979 0.012963
0 0.751042 0.206481 0.036458 0.012963
0 0.751823 0.216204 0.036979 0.015741
0 0.751823 0.229167 0.035937 0.012037
0 0.751302 0.238889 0.034896 0.009259
0 0.751042 0.250463 0.035417 0.013889
0 0.751563 0.262037 0.036458 0.009259
0 0.752344 0.272222 0.033854 0.011111
0 0.791146 0.149537 0.033333 0.012037
0 0.791667 0.162500 0.035417 0.008333
0 0.791927 0.171759 0.035937 0.010185
0 0.791406 0.181481 0.035937 0.009259
0 0.792448 0.192130 0.033854 0.012037
0 0.794271 0.204630 0.037500 0.012963
0 0.794531 0.215278 0.036979 0.017593
0 0.792708 0.224074 0.039583 0.005556
0 0.792448 0.234259 0.043229 0.014815
0 0.791667 0.245370 0.040625 0.012963
0 0.789844 0.258333 0.043229 0.012963
0 0.791406 0.268981 0.044271 0.012037
0 0.790885 0.279167 0.044271 0.012037
0 0.789844 0.290278 0.043229 0.010185
0 0.791667 0.302778 0.042708 0.011111
0 0.792188 0.314352 0.043750 0.012037
0 0.792708 0.324074 0.039583 0.009259
0 0.792969 0.334259 0.040104 0.011111
0 0.792448 0.343519 0.039062 0.007407
0 0.793490 0.353241 0.038021 0.010185
0 0.704948 0.161574 0.029687 0.017593
0 0.705208 0.170833 0.033333 0.010185
0 0.705469 0.183333 0.032813 0.014815
0 0.705208 0.194444 0.033333 0.009259
0 0.703906 0.203241 0.032813 0.010185
0 0.703125 0.212963 0.035417 0.011111
0 0.701562 0.222222 0.036458 0.009259
0 0.700000 0.231944 0.032292 0.010185
0 0.701302 0.242593 0.029687 0.011111
0 0.699479 0.250000 0.038542 0.009259
0 0.700000 0.260648 0.037500 0.012037
0 0.700260 0.273611 0.036979 0.013889
0 0.700781 0.283333 0.035937 0.012963
0 0.660677 0.164815 0.029687 0.016667
0 0.659635 0.175463 0.029687 0.010185
0 0.660156 0.187037 0.031771 0.012963
0 0.661719 0.195833 0.027604 0.008333
0 0.659115 0.207870 0.031771 0.012037
0 0.658854 0.218056 0.028125 0.010185
0 0.659375 0.228704 0.029167 0.011111
0 0.657292 0.237037 0.025000 0.005556
0 0.657031 0.247685 0.032813 0.013889
0 0.658333 0.256944 0.028125 0.012037
0 0.656250 0.268519 0.028125 0.007407
0 0.625000 0.221296 0.030208 0.011111
0 0.622917 0.229167 0.029167 0.012037
0 0.623958 0.237500 0.029167 0.008333
0 0.626042 0.249537 0.033333 0.015741
0 0.623958 0.259722 0.029167 0.010185
0 0.581771 0.175463 0.028125 0.010185
0 0.581250 0.185648 0.028125 0.010185
0 0.581510 0.195833 0.027604 0.010185
0 0.580729 0.204167 0.026042 0.008333
0 0.581250 0.213889 0.025000 0.011111
0 0.581771 0.224074 0.027083 0.011111
0 0.580469 0.233796 0.029687 0.008333
0 0.580208 0.243519 0.029167 0.011111
0 0.579688 0.254167 0.030208 0.012037
0 0.579948 0.262500 0.029687 0.010185
0 0.546354 0.180556 0.025000 0.009259
0 0.544792 0.190278 0.029167 0.012037
0 0.544010 0.199537 0.028646 0.006481
0 0.544271 0.207407 0.029167 0.009259
0 0.544010 0.217593 0.029687 0.007407
0 0.544271 0.225926 0.028125 0.009259
0 0.544792 0.235648 0.029167 0.010185
0 0.544271 0.244907 0.031250 0.008333
0 0.542448 0.255556 0.028646 0.012963
0 0.542188 0.264815 0.029167 0.005556
0 0.541927 0.274074 0.028646 0.011111
0 0.511458 0.181944 0.029167 0.013889
0 0.511198 0.193519 0.028646 0.009259
0 0.512500 0.202778 0.026042 0.009259
0 0.510938 0.212037 0.022917 0.009259
0 0.510938 0.224074 0.028125 0.011111
0 0.510938 0.235185 0.026042 0.011111
0 0.511458 0.246759 0.025000 0.012037
0 0.509375 0.256944 0.025000 0.010185
0 0.509635 0.266667 0.028646 0.011111
0 0.511458 0.277315 0.032292 0.010185
0 0.510677 0.286574 0.028646 0.010185
