0 0.483594 0.811574 0.179688 0.304630
0 0.469792 0.376389 0.197917 0.136111
0 0.588281 0.400926 0.099479 0.092593
0 0.602865 0.665278 0.077604 0.154630
0 0.986198 0.144907 0.023438 0.087963
0 0.966406 0.179630 0.031771 0.075926
0 0.955990 0.228241 0.080729 0.063889
0 0.934115 0.284259 0.107813 0.048148
0 0.917708 0.303704 0.086458 0.024074
0 0.869792 0.320370 0.025000 0.024074
0 0.919792 0.028241 0.035417 0.043519
0 0.909635 0.095833 0.067187 0.060185
0 0.642708 0.056481 0.055208 0.100000
0 0.641146 0.147222 0.100000 0.101852
0 0.665885 0.181944 0.079687 0.076852
0 0.699219 0.232407 0.051562 0.053704
0 0.705208 0.293519 0.058333 0.053704
0 0.876563 0.162500 0.040625 0.030556
0 0.859896 0.197685 0.025000 0.036111
0 0.727083 0.142130 0.033333 0.034259
