0 0.925521 0.489815 0.026042 0.042593
0 0.903646 0.478241 0.016667 0.043519
0 0.881771 0.479167 0.022917 0.034259
0 0.211458 0.574074 0.186458 0.101852
0 0.065104 0.597685 0.104167 0.113889
0 0.314063 0.425000 0.153125 0.044444
0 0.487760 0.485185 0.027604 0.031481
0 0.450000 0.452778 0.039583 0.033333
0 0.524219 0.472685 0.014063 0.023148
0 0.551042 0.463426 0.041667 0.023148
0 0.599219 0.461574 0.016146 0.025000
0 0.121354 0.248611 0.122917 0.076852
0 0.037760 0.223611 0.065104 0.056481
0 0.226562 0.274537 0.078125 0.050926
0 0.300000 0.304167 0.065625 0.047222
0 0.356771 0.317130 0.056250 0.039815
0 0.221354 0.042130 0.080208 0.080556
0 0.289583 0.081481 0.068750 0.061111
0 0.345833 0.127315 0.051042 0.054630
0 0.459635 0.206944 0.029687 0.034259
0 0.461458 0.345370 0.025000 0.022222
0 0.486979 0.351389 0.020833 0.025000
0 0.504948 0.358796 0.019271 0.025000
0 0.524219 0.361574 0.013021 0.021296
0 0.539323 0.367130 0.016146 0.019444
0 0.558333 0.373611 0.023958 0.025000
0 0.573438 0.377315 0.011458 0.019444
0 0.583594 0.380556 0.009896 0.020370
0 0.598698 0.385185 0.014063 0.012963
0 0.609896 0.386574 0.010417 0.017593
0 0.585677 0.297222 0.011979 0.018519
0 0.577604 0.293519 0.014583 0.022222
0 0.563281 0.285185 0.014063 0.020370
0 0.541667 0.266667 0.016667 0.020370
0 0.526302 0.257870 0.015104 0.021296
0 0.507552 0.244907 0.016146 0.021296
0 0.486198 0.230556 0.025521 0.020370
0 0.600260 0.312037 0.013021 0.018519
0 0.608854 0.316667 0.007292 0.011111
0 0.607552 0.458796 0.014063 0.012037
0 0.494010 0.408796 0.007812 0.010185
0 0.491927 0.443519 0.008854 0.022222
0 0.453385 0.488426 0.035937 0.032407
0 0.983333 0.243981 0.029167 0.052778
