0 0.579948 0.725000 0.192188 0.116667
0 0.481250 0.562037 0.027083 0.038889
0 0.447135 0.250463 0.077604 0.084259
0 0.473958 0.313426 0.043750 0.047222
0 0.920052 0.190741 0.094271 0.125926
0 0.890625 0.261111 0.143750 0.100000
0 0.853385 0.314352 0.138021 0.078704
0 0.814063 0.357407 0.104167 0.055556
0 0.764583 0.390741 0.050000 0.040741
0 0.751302 0.408333 0.042188 0.027778
0 0.740885 0.425463 0.049479 0.036111
0 0.724479 0.442130 0.036458 0.028704
0 0.716146 0.458333 0.035417 0.029630
0 0.695833 0.468519 0.019792 0.018519
0 0.978125 0.078241 0.037500 0.102778
0 0.820052 0.032407 0.046354 0.059259
0 0.795573 0.100463 0.069271 0.082407
0 0.776823 0.156481 0.066146 0.062963
0 0.762240 0.202778 0.058854 0.057407
0 0.740365 0.250926 0.051562 0.042593
0 0.502604 0.086574 0.036458 0.082407
0 0.361198 0.026389 0.114062 0.047222
0 0.751042 0.016204 0.033333 0.032407
0 0.736719 0.060648 0.034896 0.052778
0 0.727344 0.099537 0.031771 0.037963
0 0.714063 0.138426 0.028125 0.045370
0 0.721094 0.276852 0.026562 0.031481
0 0.713802 0.308796 0.034896 0.036111
0 0.704167 0.335648 0.036458 0.034259
0 0.820052 0.706481 0.033854 0.048148
0 0.862500 0.734259 0.055208 0.053704
0 0.932813 0.762500 0.083333 0.080556
0 0.787240 0.691667 0.032813 0.033333
0 0.758854 0.676852 0.030208 0.027778
0 0.739583 0.668056 0.019792 0.026852
0 0.726562 0.660648 0.014583 0.019444
0 0.714323 0.656019 0.011979 0.019444
0 0.700260 0.651852 0.013021 0.011111
0 0.689063 0.648148 0.009375 0.018519
