0 0.428385 0.800926 0.435937 0.353704
0 0.316146 0.368981 0.052083 0.021296
0 0.314583 0.316204 0.044792 0.021296
0 0.268229 0.367130 0.042708 0.026852
0 0.228125 0.368056 0.050000 0.039815
0 0.183594 0.362037 0.036979 0.029630
0 0.522917 0.066204 0.357292 0.113889
0 0.574740 0.135185 0.292187 0.140741
0 0.657031 0.196759 0.184896 0.099074
0 0.696094 0.246296 0.140104 0.057407
0 0.720313 0.287500 0.106250 0.052778
0 0.728646 0.306944 0.116667 0.049074
0 0.735156 0.546759 0.018229 0.063889
0 0.710938 0.579630 0.030208 0.070370
0 0.659896 0.624537 0.080208 0.112037
0 0.732292 0.521759 0.057292 0.050926
0 0.985417 0.283796 0.025000 0.056481
0 0.965885 0.308333 0.027604 0.048148
0 0.950521 0.323611 0.015625 0.030556
0 0.933594 0.338889 0.019271 0.044444
0 0.270313 0.478241 0.033333 0.025000
0 0.278125 0.498148 0.052083 0.031481
