0 0.314323 0.812037 0.528646 0.372222
0 0.539583 0.647222 0.227083 0.185185
0 0.551302 0.581019 0.292187 0.121296
0 0.713542 0.517130 0.041667 0.050926
0 0.694010 0.544907 0.055729 0.063889
0 0.742969 0.483333 0.032813 0.031481
0 0.762500 0.476389 0.020833 0.025000
0 0.514583 0.075926 0.366667 0.142593
0 0.584635 0.147222 0.266146 0.122222
0 0.619271 0.201852 0.225000 0.074074
0 0.664323 0.246296 0.150521 0.079630
0 0.742708 0.262963 0.021875 0.038889
0 0.748698 0.295370 0.009896 0.027778
0 0.756250 0.312963 0.011458 0.038889
0 0.760938 0.322685 0.015625 0.039815
0 0.386979 0.248148 0.202083 0.179630
0 0.481250 0.270833 0.168750 0.158333
