0 0.204427 0.303704 0.391146 0.375926
0 0.338802 0.920370 0.147396 0.148148
0 0.636719 0.072222 0.097396 0.138889
0 0.698958 0.131481 0.028125 0.125926
0 0.712500 0.195370 0.014583 0.087037
0 0.728385 0.227778 0.020313 0.090741
0 0.981510 0.176389 0.029687 0.058333
0 0.968229 0.215278 0.053125 0.058333
0 0.952083 0.375926 0.073958 0.305556
0 0.908594 0.491667 0.021354 0.027778
0 0.908854 0.420833 0.016667 0.026852
0 0.726042 0.524537 0.021875 0.037963
0 0.726042 0.429167 0.017708 0.030556
0 0.743229 0.018056 0.031250 0.030556
