0 0.924479 0.194444 0.142708 0.092593
0 0.913802 0.269444 0.160938 0.083333
0 0.875000 0.308796 0.130208 0.043519
0 0.935417 0.425926 0.090625 0.081481
0 0.876302 0.463426 0.039062 0.058333
0 0.847656 0.481944 0.024479 0.050926
0 0.812500 0.512037 0.027083 0.029630
0 0.784115 0.528704 0.016146 0.027778
0 0.385156 0.382870 0.208854 0.076852
0 0.315885 0.203241 0.141146 0.178704
0 0.153646 0.084259 0.171875 0.155556
0 0.500000 0.466667 0.112500 0.050000
0 0.562240 0.484722 0.020313 0.036111
0 0.573177 0.500000 0.016146 0.027778
0 0.587500 0.510648 0.009375 0.019444
0 0.526042 0.283333 0.092708 0.057407
0 0.524219 0.235648 0.055729 0.067593
0 0.435417 0.085648 0.139583 0.117593
0 0.524740 0.044907 0.060937 0.084259
0 0.536198 0.117130 0.068229 0.058333
0 0.832552 0.173611 0.058854 0.054630
0 0.817969 0.221759 0.057813 0.047222
0 0.817708 0.368519 0.061458 0.040741
0 0.804948 0.394444 0.055729 0.031481
