0 0.679948 0.612037 0.036979 0.079630
0 0.676042 0.424074 0.035417 0.074074
0 0.992188 0.184259 0.013542 0.057407
0 0.975000 0.212500 0.023958 0.054630
0 0.953906 0.240278 0.020313 0.054630
0 0.938802 0.268056 0.022396 0.049074
0 0.924219 0.285648 0.016146 0.036111
0 0.909896 0.303241 0.012500 0.043519
0 0.902604 0.313889 0.010417 0.031481
0 0.895052 0.327778 0.010937 0.024074
0 0.935156 0.052315 0.032813 0.058333
0 0.936198 0.091204 0.048438 0.050926
0 0.924740 0.123611 0.036979 0.039815
0 0.908594 0.157407 0.028646 0.040741
0 0.899740 0.175463 0.018229 0.026852
0 0.577865 0.052778 0.233854 0.087037
0 0.619531 0.137037 0.205729 0.124074
0 0.683073 0.194907 0.104688 0.069444
0 0.705208 0.225463 0.082292 0.052778
0 0.748437 0.268519 0.014583 0.042593
0 0.755208 0.295370 0.021875 0.040741
0 0.786198 0.131019 0.013021 0.023148
0 0.889844 0.045370 0.015104 0.040741
0 0.894531 0.014815 0.020313 0.025926
0 0.878385 0.236574 0.014063 0.030556
0 0.888281 0.201852 0.013021 0.033333
0 0.920052 0.491204 0.010937 0.012037
0 0.896094 0.485648 0.011979 0.015741
0 0.886458 0.337037 0.011458 0.027778
0 0.875521 0.348148 0.016667 0.024074
0 0.994010 0.535648 0.009896 0.030556
0 0.762240 0.434722 0.007812 0.013889
