0 0.436458 0.654630 0.098958 0.053704
0 0.527083 0.656019 0.083333 0.049074
0 0.189844 0.484259 0.159896 0.068519
0 0.307292 0.513426 0.085417 0.052778
0 0.363802 0.521296 0.057813 0.050000
0 0.358073 0.387037 0.088021 0.055556
0 0.372135 0.662037 0.050521 0.038889
0 0.309115 0.664815 0.065104 0.044444
0 0.206250 0.689352 0.127083 0.058333
0 0.077604 0.714815 0.146875 0.098148
0 0.051042 0.433796 0.095833 0.054630
0 0.288281 0.155093 0.165104 0.112037
0 0.344271 0.214352 0.131250 0.097222
0 0.424479 0.260648 0.040625 0.058333
0 0.428646 0.138426 0.105208 0.084259
0 0.507292 0.262037 0.055208 0.055556
0 0.539844 0.306481 0.030729 0.044444
0 0.560156 0.357407 0.026562 0.024074
0 0.581510 0.375926 0.019271 0.027778
0 0.524740 0.107407 0.067187 0.044444
0 0.556250 0.184259 0.046875 0.037037
0 0.574479 0.171759 0.015625 0.030556
0 0.574740 0.168519 0.011979 0.020370
0 0.572396 0.158796 0.013542 0.026852
0 0.575781 0.153704 0.014063 0.027778
0 0.576302 0.143519 0.015104 0.037037
0 0.577083 0.131944 0.015625 0.030556
0 0.578385 0.123611 0.016146 0.025000
0 0.577083 0.113889 0.013542 0.029630
