0 0.863281 0.118056 0.239063 0.227778
0 0.812500 0.285417 0.307812 0.251389
0 0.747266 0.369444 0.300781 0.169444
0 0.712891 0.078472 0.228906 0.151389
0 0.593359 0.254861 0.025781 0.051389
0 0.589453 0.292361 0.021094 0.020833
0 0.587109 0.325694 0.025781 0.045833
0 0.582422 0.354861 0.038281 0.051389
0 0.582031 0.373611 0.043750 0.044444
0 0.585547 0.410417 0.042969 0.051389
0 0.587109 0.434722 0.044531 0.044444
0 0.588281 0.467361 0.048438 0.048611
0 0.594922 0.503472 0.047656 0.045833
0 0.660937 0.583333 0.107813 0.041667
0 0.583984 0.588194 0.052344 0.040278
0 0.639844 0.646528 0.134375 0.034722
0 0.433984 0.650000 0.025781 0.013889
0 0.435156 0.660417 0.028125 0.006944
0 0.434375 0.672222 0.028125 0.016667
0 0.033984 0.688889 0.050781 0.036111
