0 0.412109 0.276042 0.132031 0.062500
0 0.341406 0.280729 0.026562 0.046875
0 0.318750 0.302604 0.028125 0.038542
0 0.383594 0.427604 0.084375 0.044792
0 0.338672 0.436458 0.027344 0.035417
0 0.314844 0.444792 0.020313 0.029167
0 0.389062 0.481771 0.031250 0.036458
0 0.423047 0.477083 0.036719 0.045833
0 0.554688 0.469792 0.214062 0.056250
0 0.044141 0.272917 0.083594 0.062500
0 0.046484 0.497396 0.088281 0.063542
0 0.048047 0.041146 0.088281 0.078125
0 0.375391 0.747917 0.052344 0.031250
0 0.341406 0.744271 0.021875 0.034375
0 0.319141 0.735417 0.021094 0.025000
0 0.296875 0.734896 0.021875 0.030208
0 0.279687 0.728646 0.020313 0.034375
0 0.265234 0.719792 0.021094 0.037500
0 0.246094 0.719271 0.015625 0.030208
0 0.242969 0.627083 0.020313 0.018750
0 0.260547 0.626042 0.013281 0.020833
0 0.276562 0.626563 0.018750 0.021875
0 0.295703 0.630729 0.017969 0.015625
0 0.314453 0.610938 0.021094 0.030208
0 0.334375 0.612500 0.021875 0.027083
0 0.408203 0.616146 0.124219 0.036458
0 0.369922 0.512500 0.036719 0.033333
0 0.342187 0.516146 0.020313 0.032292
0 0.321875 0.522396 0.026562 0.032292
0 0.301563 0.532813 0.021875 0.030208
0 0.281250 0.534375 0.020313 0.029167
0 0.261719 0.537500 0.018750 0.025000
0 0.276953 0.442188 0.013281 0.030208
0 0.294922 0.434375 0.021094 0.020833
0 0.333594 0.335938 0.095312 0.040625
0 0.283594 0.348438 0.032813 0.042708
0 0.268750 0.351562 0.018750 0.026042
0 0.250781 0.369792 0.020313 0.033333
0 0.235937 0.379167 0.017188 0.035417
0 0.221875 0.385417 0.018750 0.025000
0 0.261328 0.448958 0.019531 0.027083
0 0.246875 0.455729 0.020313 0.032292
0 0.228125 0.461458 0.021875 0.029167
0 0.247266 0.541146 0.016406 0.021875
0 0.232813 0.543750 0.015625 0.018750
0 0.219531 0.544271 0.014063 0.019792
0 0.221094 0.504167 0.073438 0.031250
0 0.230859 0.626042 0.010156 0.018750
0 0.216797 0.624479 0.007031 0.023958
0 0.208203 0.597396 0.013281 0.021875
0 0.198437 0.600521 0.010937 0.023958
0 0.188672 0.598958 0.011719 0.020833
0 0.235156 0.711979 0.018750 0.021875
0 0.220312 0.703646 0.015625 0.023958
0 0.207031 0.696875 0.017188 0.033333
