0 0.141146 0.467593 0.075000 0.090741
0 0.204687 0.468056 0.057292 0.063889
0 0.246615 0.480093 0.042188 0.062037
0 0.281510 0.483333 0.027604 0.055556
0 0.305990 0.483796 0.023438 0.054630
0 0.326823 0.493056 0.018229 0.036111
0 0.343229 0.492593 0.014583 0.035185
0 0.357292 0.496296 0.013542 0.027778
0 0.396615 0.605093 0.015104 0.026852
0 0.382292 0.615278 0.031250 0.034259
0 0.549740 0.588426 0.057813 0.019444
0 0.160938 0.151852 0.196875 0.100000
0 0.235677 0.039352 0.148438 0.069444
0 0.250260 0.108333 0.153646 0.088889
0 0.322656 0.088426 0.024479 0.056481
0 0.321615 0.043056 0.029687 0.039815
0 0.315885 0.015278 0.035937 0.017593
0 0.345052 0.073148 0.023438 0.048148
0 0.238802 0.243519 0.143229 0.064815
0 0.248698 0.282407 0.134896 0.059259
0 0.331771 0.305556 0.032292 0.037037
0 0.359635 0.401389 0.014063 0.028704
0 0.874740 0.128704 0.154688 0.137037
0 0.937240 0.056019 0.121354 0.095370
0 0.844271 0.259259 0.247917 0.107407
0 0.702083 0.298611 0.047917 0.073148
0 0.667708 0.331944 0.052083 0.049074
0 0.662760 0.198611 0.042188 0.069444
0 0.696354 0.152778 0.040625 0.072222
0 0.766406 0.081481 0.086979 0.103704
0 0.678385 0.035185 0.076563 0.053704
0 0.617969 0.033333 0.051562 0.062963
0 0.583594 0.031019 0.038021 0.058333
0 0.604688 0.137963 0.078125 0.057407
0 0.602083 0.189352 0.106250 0.056481
0 0.568229 0.214352 0.065625 0.026852
0 0.589583 0.311574 0.089583 0.047222
