0 0.643750 0.746759 0.045833 0.104630
0 0.689844 0.801389 0.068229 0.121296
0 0.859635 0.900463 0.267188 0.187963
0 0.923438 0.107407 0.150000 0.201852
0 0.746615 0.158796 0.139063 0.121296
0 0.679688 0.236111 0.052083 0.059259
0 0.642448 0.264815 0.022396 0.059259
0 0.594271 0.209722 0.117708 0.069444
0 0.582812 0.244907 0.121875 0.056481
0 0.688542 0.024537 0.075000 0.036111
0 0.680208 0.072685 0.102083 0.060185
0 0.059896 0.080556 0.109375 0.125926
0 0.021875 0.025000 0.038542 0.038889
0 0.134896 0.156481 0.057292 0.111111
0 0.116146 0.033333 0.109375 0.055556
0 0.174740 0.182407 0.048438 0.096296
0 0.211979 0.218056 0.035417 0.075000
0 0.246354 0.247685 0.027083 0.075000
0 0.260156 0.280093 0.030729 0.060185
0 0.282552 0.298611 0.021354 0.049074
0 0.413281 0.576389 0.033854 0.028704
0 0.380990 0.578704 0.036979 0.020370
0 0.133073 0.833796 0.067187 0.108333
0 0.063542 0.886574 0.089583 0.169444
0 0.014063 0.931481 0.027083 0.079630
0 0.022135 0.350000 0.038021 0.077778
0 0.071875 0.378704 0.088542 0.100000
0 0.134896 0.394907 0.063542 0.084259
0 0.186719 0.423611 0.050521 0.069444
0 0.223177 0.434722 0.035937 0.060185
0 0.251042 0.436574 0.033333 0.056481
0 0.175781 0.790741 0.032813 0.090741
0 0.204687 0.746759 0.041667 0.047222
0 0.238021 0.712500 0.039583 0.050926
0 0.261719 0.691204 0.028646 0.045370
0 0.280990 0.455093 0.025521 0.034259
0 0.303125 0.458796 0.022917 0.034259
0 0.195833 0.068519 0.118750 0.074074
0 0.186979 0.024537 0.087500 0.045370
0 0.607812 0.700926 0.032292 0.096296
0 0.583073 0.671759 0.026562 0.067593
0 0.560417 0.655093 0.019792 0.043519
0 0.552083 0.634259 0.016667 0.051852
0 0.536979 0.623611 0.020833 0.037963
0 0.600521 0.429630 0.122917 0.061111
