0 0.914453 0.091667 0.161719 0.180556
0 0.862500 0.245139 0.254688 0.284722
0 0.767969 0.386111 0.220312 0.180556
0 0.768750 0.881944 0.146875 0.155556
0 0.896875 0.956250 0.193750 0.076389
0 0.704297 0.811111 0.136719 0.125000
0 0.635156 0.802778 0.054688 0.063889
0 0.603125 0.784028 0.037500 0.062500
0 0.592187 0.713194 0.042188 0.045833
0 0.565625 0.704167 0.031250 0.047222
0 0.584375 0.568750 0.075000 0.059722
0 0.636328 0.481944 0.139844 0.075000
0 0.610547 0.386806 0.113281 0.065278
0 0.650391 0.241667 0.155469 0.119444
0 0.616016 0.197222 0.111719 0.127778
0 0.698828 0.045833 0.175781 0.077778
0 0.142969 0.231944 0.159375 0.122222
0 0.117969 0.154861 0.100000 0.106944
0 0.104688 0.029861 0.160938 0.054167
0 0.044141 0.320833 0.083594 0.138889
0 0.111719 0.409028 0.109375 0.070833
0 0.080469 0.518056 0.118750 0.105556
0 0.166797 0.543056 0.058594 0.075000
0 0.211328 0.553472 0.039844 0.062500
0 0.246094 0.566667 0.029687 0.066667
0 0.273047 0.582639 0.024219 0.034722
0 0.300391 0.597222 0.022656 0.047222
0 0.303516 0.718056 0.027344 0.052778
0 0.277734 0.718056 0.024219 0.052778
0 0.251172 0.730556 0.027344 0.055556
0 0.217969 0.730556 0.037500 0.055556
0 0.171094 0.740278 0.056250 0.075000
0 0.088672 0.694444 0.125781 0.055556
0 0.078125 0.747222 0.123438 0.061111
