0 0.759375 0.318229 0.296875 0.234375
0 0.930859 0.365104 0.138281 0.186458
0 0.626563 0.377083 0.317188 0.152083
0 0.525781 0.429688 0.314063 0.161458
0 0.378125 0.446354 0.237500 0.109375
0 0.249609 0.484375 0.142969 0.066667
0 0.286719 0.197396 0.190625 0.111458
0 0.244141 0.242188 0.211719 0.086458
0 0.191406 0.293229 0.150000 0.084375
0 0.187891 0.320312 0.177344 0.084375
0 0.148828 0.340104 0.133594 0.067708
0 0.155469 0.361458 0.210938 0.060417
0 0.143359 0.123958 0.122656 0.081250
0 0.526563 0.841146 0.304688 0.119792
0 0.657813 0.895833 0.376563 0.147917
0 0.760938 0.932292 0.385937 0.120833
0 0.317578 0.809375 0.102344 0.075000
0 0.244531 0.791146 0.057813 0.069792
0 0.214453 0.768750 0.097656 0.052083
0 0.160547 0.750000 0.047656 0.043750
0 0.115625 0.729688 0.056250 0.042708
0 0.057813 0.701042 0.090625 0.045833
