0 0.643359 0.569444 0.169531 0.063889
0 0.610938 0.618056 0.109375 0.047222
0 0.584375 0.659028 0.081250 0.098611
0 0.559375 0.704861 0.039062 0.054167
0 0.635156 0.691667 0.114062 0.047222
0 0.640625 0.725694 0.139063 0.070833
0 0.655859 0.769444 0.169531 0.063889
0 0.661328 0.804167 0.147656 0.050000
0 0.548047 0.763194 0.036719 0.068056
0 0.323047 0.732639 0.244531 0.045833
0 0.329297 0.762500 0.092969 0.038889
0 0.221875 0.443750 0.015625 0.054167
0 0.190234 0.429861 0.061719 0.054167
0 0.115625 0.325000 0.095312 0.083333
0 0.052734 0.113889 0.092969 0.225000
0 0.157812 0.155556 0.109375 0.083333
0 0.600391 0.115972 0.077344 0.101389
0 0.555469 0.192361 0.046875 0.109722
0 0.525781 0.265278 0.032813 0.072222
0 0.499609 0.325000 0.025781 0.069444
0 0.526172 0.085417 0.044531 0.118056
