0 0.271484 0.158125 0.435156 0.298750
0 0.043359 0.068125 0.086719 0.133750
0 0.571875 0.305625 0.176563 0.173750
0 0.693359 0.360000 0.086719 0.107500
0 0.758594 0.388125 0.067187 0.111250
0 0.802734 0.411875 0.046094 0.098750
0 0.831250 0.435000 0.043750 0.070000
0 0.866016 0.445625 0.024219 0.058750
0 0.275000 0.791875 0.528125 0.316250
0 0.057031 0.887500 0.106250 0.220000
0 0.565625 0.070000 0.310937 0.120000
0 0.633984 0.149375 0.300781 0.168750
0 0.718750 0.222500 0.165625 0.090000
0 0.809766 0.248125 0.050781 0.093750
0 0.820312 0.306875 0.112500 0.066250
0 0.743359 0.047500 0.157031 0.077500
0 0.778125 0.093750 0.114062 0.067500
0 0.810937 0.134375 0.093750 0.093750
0 0.860547 0.223125 0.097656 0.101250
0 0.969531 0.683125 0.053125 0.041250
0 0.787891 0.873750 0.047656 0.125000
0 0.726172 0.926875 0.080469 0.143750
0 0.662109 0.974375 0.071094 0.046250
