0 0.860547 0.816667 0.267969 0.183333
0 0.530078 0.759722 0.105469 0.055556
0 0.311719 0.770833 0.106250 0.063889
0 0.422656 0.772222 0.092188 0.038889
0 0.192188 0.416667 0.092188 0.069444
0 0.158594 0.561806 0.114062 0.051389
0 0.122656 0.413889 0.067187 0.047222
0 0.067578 0.426389 0.047656 0.055556
0 0.072266 0.271528 0.064844 0.065278
0 0.132031 0.262500 0.054688 0.075000
0 0.205078 0.261111 0.091406 0.105556
0 0.186328 0.147222 0.092969 0.113889
0 0.203125 0.050000 0.084375 0.088889
0 0.097266 0.052778 0.078906 0.094444
