0 0.469141 0.112500 0.100781 0.062500
0 0.500391 0.140104 0.094531 0.044792
0 0.538672 0.163021 0.066406 0.042708
0 0.557422 0.169271 0.077344 0.053125
0 0.582422 0.197396 0.071094 0.036458
0 0.603906 0.213542 0.059375 0.037500
0 0.612500 0.229167 0.079687 0.031250
0 0.650781 0.245833 0.050000 0.031250
0 0.652344 0.260417 0.060937 0.027083
0 0.658594 0.271875 0.078125 0.025000
0 0.673438 0.288021 0.073438 0.026042
0 0.692578 0.302083 0.055469 0.020833
0 0.692969 0.310937 0.082812 0.019792
0 0.812109 0.226562 0.116406 0.048958
0 0.823047 0.267188 0.130469 0.051042
0 0.803125 0.100000 0.123438 0.068750
0 0.820312 0.139063 0.131250 0.063542
0 0.846484 0.181771 0.114844 0.042708
0 0.954688 0.200000 0.089063 0.081250
0 0.950781 0.053646 0.093750 0.086458
0 0.811719 0.026562 0.129688 0.044792
0 0.807422 0.357812 0.117969 0.061458
0 0.825000 0.392188 0.110937 0.021875
0 0.830859 0.580729 0.089844 0.051042
0 0.755469 0.743229 0.104688 0.051042
0 0.658984 0.735417 0.088281 0.064583
0 0.469922 0.706250 0.072656 0.056250
0 0.400781 0.715104 0.065625 0.038542
0 0.304297 0.722396 0.127344 0.053125
0 0.157031 0.751563 0.151562 0.055208
0 0.067578 0.568229 0.058594 0.034375
0 0.074219 0.485938 0.068750 0.034375
0 0.067969 0.419271 0.057813 0.030208
0 0.065234 0.344271 0.058594 0.040625
0 0.067578 0.271354 0.061719 0.042708
0 0.077344 0.214583 0.053125 0.056250
0 0.066406 0.140104 0.068750 0.063542
0 0.074219 0.069792 0.059375 0.043750
0 0.161328 0.116667 0.074219 0.050000
0 0.253125 0.183854 0.087500 0.046875
0 0.230078 0.213542 0.041406 0.037500
0 0.207422 0.193229 0.046094 0.046875
0 0.158594 0.176042 0.071875 0.039583
0 0.256641 0.240625 0.074219 0.029167
0 0.301172 0.265625 0.052344 0.033333
0 0.342578 0.284375 0.028906 0.025000
0 0.378125 0.221354 0.098437 0.046875
0 0.470703 0.247917 0.103906 0.056250
0 0.530078 0.259896 0.041406 0.044792
0 0.550391 0.275000 0.044531 0.045833
0 0.575391 0.293229 0.036719 0.042708
0 0.598437 0.307292 0.045312 0.037500
0 0.621484 0.323437 0.038281 0.032292
0 0.641406 0.328646 0.037500 0.042708
0 0.492578 0.397917 0.119531 0.037500
0 0.559766 0.412500 0.035156 0.029167
0 0.589063 0.419792 0.032813 0.020833
0 0.604688 0.426042 0.029687 0.018750
0 0.626563 0.431250 0.029687 0.031250
0 0.641797 0.438542 0.024219 0.027083
0 0.658984 0.452083 0.022656 0.014583
0 0.673047 0.452604 0.022656 0.026042
0 0.687891 0.459896 0.016406 0.023958
0 0.151953 0.501563 0.053906 0.026042
0 0.155469 0.569271 0.050000 0.032292
0 0.195703 0.570312 0.030469 0.030208
0 0.239063 0.571354 0.046875 0.032292
0 0.276562 0.577083 0.028125 0.020833
0 0.269922 0.520312 0.041406 0.023958
0 0.232813 0.514583 0.034375 0.035417
0 0.196094 0.507292 0.039062 0.020833
0 0.156250 0.439063 0.048438 0.048958
0 0.199609 0.443229 0.047656 0.032292
0 0.242188 0.453125 0.037500 0.029167
0 0.268359 0.457292 0.044531 0.037500
0 0.272656 0.395313 0.029687 0.030208
0 0.240625 0.389583 0.032813 0.025000
0 0.209766 0.382292 0.041406 0.020833
0 0.158984 0.367708 0.061719 0.029167
0 0.161719 0.307812 0.051562 0.048958
0 0.203125 0.321354 0.042188 0.036458
0 0.239453 0.327604 0.035156 0.036458
0 0.233203 0.275521 0.055469 0.040625
0 0.276172 0.295312 0.055469 0.038542
0 0.158203 0.244271 0.077344 0.034375
0 0.375781 0.313021 0.101562 0.042708
0 0.313281 0.370833 0.037500 0.022917
0 0.337891 0.376563 0.032031 0.026042
0 0.357812 0.385417 0.032813 0.025000
0 0.361328 0.571354 0.080469 0.042708
0 0.377734 0.129688 0.110156 0.067708
0 0.420703 0.166667 0.088281 0.056250
0 0.447656 0.207292 0.062500 0.052083
0 0.526172 0.664583 0.042969 0.022917
0 0.555859 0.664062 0.033594 0.026042
0 0.867578 0.738021 0.088281 0.032292
