0 0.182031 0.771250 0.251563 0.245000
0 0.370312 0.659375 0.175000 0.163750
0 0.525000 0.580000 0.117188 0.110000
0 0.497656 0.283750 0.100000 0.100000
0 0.362891 0.280625 0.174219 0.148750
0 0.142969 0.273750 0.273438 0.182500
0 0.516406 0.061250 0.231250 0.110000
0 0.396094 0.051875 0.285938 0.096250
0 0.655469 0.059375 0.065625 0.086250
0 0.704688 0.095000 0.118750 0.097500
0 0.748437 0.105625 0.043750 0.046250
0 0.778516 0.114375 0.030469 0.046250
0 0.810156 0.130000 0.026562 0.055000
0 0.829297 0.145625 0.021094 0.038750
0 0.848828 0.155000 0.017969 0.037500
0 0.860156 0.165625 0.017188 0.041250
0 0.875000 0.167500 0.018750 0.030000
0 0.930469 0.381875 0.071875 0.036250
0 0.605469 0.276875 0.078125 0.061250
0 0.670312 0.272500 0.053125 0.062500
0 0.716016 0.271250 0.055469 0.042500
0 0.764844 0.273750 0.048438 0.055000
0 0.792969 0.278750 0.021875 0.042500
0 0.617969 0.519375 0.076563 0.073750
0 0.682813 0.492500 0.062500 0.090000
0 0.721875 0.464375 0.050000 0.066250
0 0.768359 0.441250 0.049219 0.062500
0 0.803125 0.420000 0.023438 0.045000
0 0.820703 0.409375 0.032031 0.043750
0 0.835938 0.398750 0.025000 0.035000
0 0.855859 0.386250 0.016406 0.035000
0 0.872656 0.380000 0.014063 0.032500
0 0.887500 0.370625 0.017188 0.028750
0 0.812891 0.270000 0.027344 0.045000
