0 0.930859 0.206250 0.130469 0.151389
0 0.826172 0.117361 0.141406 0.151389
0 0.752344 0.270139 0.173437 0.081944
0 0.873437 0.668750 0.153125 0.084722
0 0.955859 0.765278 0.078906 0.111111
0 0.781250 0.665972 0.098437 0.087500
0 0.708984 0.661806 0.055469 0.076389
0 0.075000 0.315972 0.142187 0.262500
0 0.112891 0.418056 0.199219 0.144444
0 0.226562 0.473611 0.053125 0.105556
0 0.266797 0.496528 0.035156 0.079167
0 0.267578 0.723611 0.041406 0.080556
0 0.235937 0.732639 0.037500 0.079167
0 0.182422 0.759028 0.077344 0.140278
0 0.079687 0.808333 0.134375 0.155556
0 0.026953 0.813889 0.046094 0.136111
