0 0.500391 0.248438 0.578906 0.276042
0 0.311328 0.354687 0.321094 0.148958
0 0.261328 0.394792 0.317969 0.116667
0 0.469531 0.457813 0.117188 0.067708
0 0.094922 0.110937 0.172656 0.063542
0 0.078125 0.173958 0.140625 0.066667
0 0.080078 0.317708 0.155469 0.077083
0 0.141016 0.486979 0.014844 0.034375
0 0.154297 0.485417 0.011719 0.035417
0 0.172656 0.470313 0.028125 0.038542
0 0.190625 0.461458 0.023438 0.043750
0 0.239844 0.448958 0.073438 0.056250
0 0.318750 0.941667 0.198437 0.106250
0 0.251953 0.885417 0.210156 0.127083
0 0.164062 0.838542 0.181250 0.104167
0 0.073438 0.773438 0.042188 0.059375
0 0.048828 0.750521 0.033594 0.051042
0 0.026953 0.735417 0.024219 0.056250
0 0.010937 0.723437 0.021875 0.042708
