0 0.852344 0.459896 0.285938 0.169792
0 0.719141 0.326562 0.400781 0.123958
0 0.566016 0.383854 0.322656 0.119792
0 0.490234 0.425521 0.305469 0.109375
0 0.382031 0.461979 0.221875 0.084375
0 0.314063 0.423438 0.068750 0.063542
0 0.254297 0.458854 0.069531 0.034375
0 0.232031 0.488542 0.087500 0.050000
0 0.207031 0.318750 0.135937 0.085417
0 0.416797 0.150521 0.286719 0.138542
0 0.459375 0.075521 0.268750 0.144792
0 0.840625 0.096354 0.315625 0.186458
0 0.217188 0.121354 0.151562 0.094792
0 0.056641 0.192188 0.075781 0.051042
0 0.096094 0.072396 0.050000 0.048958
0 0.134375 0.236458 0.115625 0.060417
0 0.105469 0.279167 0.143750 0.064583
0 0.133984 0.381771 0.117969 0.051042
0 0.084375 0.542708 0.040625 0.033333
0 0.084375 0.526563 0.051562 0.023958
0 0.057031 0.550000 0.029687 0.029167
0 0.311328 0.571354 0.035156 0.013542
0 0.400781 0.567187 0.045312 0.036458
0 0.427344 0.579167 0.018750 0.020833
0 0.451172 0.574479 0.032031 0.021875
0 0.589844 0.560417 0.050000 0.031250
0 0.637500 0.611979 0.056250 0.028125
0 0.694141 0.605729 0.050781 0.040625
0 0.746875 0.606250 0.062500 0.043750
0 0.823047 0.606771 0.082031 0.028125
0 0.890234 0.617708 0.075781 0.045833
0 0.889453 0.726042 0.036719 0.025000
0 0.962500 0.758333 0.060937 0.052083
0 0.828906 0.729688 0.064062 0.042708
0 0.771875 0.721354 0.042188 0.044792
0 0.964844 0.260417 0.046875 0.035417
0 0.059766 0.892708 0.069531 0.102083
