0 0.615885 0.731019 0.122396 0.087963
0 0.478646 0.661111 0.080208 0.051852
0 0.375260 0.473611 0.021354 0.058333
0 0.357031 0.471759 0.024479 0.067593
0 0.327865 0.466204 0.038021 0.084259
0 0.285677 0.452778 0.059896 0.100000
0 0.218750 0.434259 0.081250 0.120370
0 0.091927 0.418056 0.171354 0.141667
0 0.087760 0.060648 0.165104 0.113889
0 0.168750 0.108333 0.167708 0.159259
0 0.276302 0.202315 0.071354 0.123148
0 0.321615 0.271296 0.029687 0.079630
0 0.343490 0.307407 0.032813 0.061111
0 0.373698 0.331019 0.027604 0.065741
0 0.404427 0.275926 0.018229 0.055556
0 0.387240 0.225926 0.022396 0.061111
0 0.376563 0.202778 0.033333 0.075926
0 0.354167 0.137500 0.037500 0.069444
0 0.286458 0.081944 0.128125 0.113889
0 0.348698 0.041667 0.058854 0.072222
0 0.920052 0.437963 0.152604 0.090741
0 0.896615 0.831944 0.071354 0.110185
0 0.836979 0.760185 0.064583 0.068519
0 0.820573 0.447222 0.070312 0.075926
0 0.768229 0.465278 0.034375 0.054630
0 0.734115 0.461574 0.031771 0.065741
0 0.739062 0.393519 0.096875 0.059259
0 0.684115 0.394444 0.019271 0.061111
0 0.660677 0.418056 0.015104 0.047222
0 0.647135 0.428241 0.016146 0.056481
0 0.626302 0.441667 0.027604 0.053704
0 0.761198 0.290741 0.118229 0.077778
0 0.792188 0.260648 0.131250 0.097222
0 0.812500 0.208796 0.101042 0.125000
0 0.904167 0.137037 0.150000 0.162963
0 0.742188 0.162037 0.139583 0.074074
0 0.704167 0.240741 0.123958 0.079630
0 0.684375 0.054167 0.076042 0.073148
0 0.651042 0.025463 0.029167 0.043519
0 0.641927 0.149074 0.070312 0.062963
0 0.294531 0.878704 0.056771 0.092593
0 0.252865 0.947685 0.056771 0.095370
