0 0.483333 0.538889 0.027083 0.011111
0 0.484115 0.547685 0.025521 0.012037
0 0.484115 0.555093 0.025521 0.008333
0 0.484375 0.562500 0.025000 0.010185
0 0.484375 0.570370 0.026042 0.009259
0 0.484115 0.577778 0.026562 0.009259
0 0.485677 0.586111 0.026562 0.009259
0 0.485156 0.594907 0.025521 0.010185
0 0.485417 0.601389 0.026042 0.008333
0 0.484115 0.609722 0.026562 0.010185
0 0.485677 0.616667 0.026562 0.011111
0 0.486458 0.623611 0.025000 0.010185
0 0.485677 0.631944 0.023438 0.008333
0 0.485417 0.638889 0.021875 0.009259
0 0.486979 0.648148 0.026042 0.009259
0 0.486458 0.657407 0.026042 0.009259
0 0.486979 0.662500 0.028125 0.010185
0 0.486198 0.669907 0.025521 0.008333
0 0.486719 0.676852 0.027604 0.011111
0 0.486719 0.684259 0.025521 0.009259
0 0.486979 0.691204 0.027083 0.008333
0 0.489063 0.697685 0.027083 0.012037
0 0.465104 0.703241 0.019792 0.012037
0 0.444792 0.688889 0.023958 0.011111
0 0.446354 0.698148 0.022917 0.009259
0 0.445833 0.705093 0.022917 0.010185
0 0.516927 0.561574 0.018229 0.010185
0 0.516406 0.568056 0.021354 0.010185
0 0.515104 0.576852 0.020833 0.009259
0 0.514844 0.584259 0.021354 0.007407
0 0.515365 0.591667 0.021354 0.007407
0 0.515365 0.599537 0.022396 0.008333
0 0.516927 0.607407 0.019271 0.007407
0 0.516406 0.616204 0.019271 0.008333
0 0.516927 0.623148 0.019271 0.007407
0 0.517708 0.631481 0.019792 0.007407
0 0.517448 0.637963 0.019271 0.007407
0 0.517448 0.644444 0.019271 0.007407
0 0.517969 0.652778 0.019271 0.007407
0 0.517448 0.660648 0.019271 0.008333
0 0.517448 0.667593 0.020313 0.009259
0 0.516667 0.676389 0.020833 0.008333
0 0.516927 0.682407 0.020313 0.009259
0 0.517708 0.689815 0.019792 0.009259
0 0.517708 0.696296 0.019792 0.009259
