0 0.056250 0.780208 0.106250 0.058333
0 0.276172 0.889583 0.097656 0.097917
0 0.303516 0.935937 0.088281 0.101042
0 0.692969 0.175521 0.612500 0.321875
0 0.255469 0.466667 0.215625 0.077083
0 0.198437 0.485417 0.142187 0.060417
0 0.183984 0.502604 0.157031 0.046875
0 0.228516 0.251563 0.208594 0.082292
0 0.203125 0.062500 0.159375 0.077083
0 0.721094 0.522396 0.064062 0.030208
0 0.673828 0.524479 0.047656 0.036458
0 0.627734 0.510938 0.042969 0.042708
0 0.581641 0.514583 0.039844 0.041667
0 0.550781 0.522917 0.032813 0.045833
0 0.510938 0.525521 0.051562 0.034375
