0 0.472266 0.879167 0.371094 0.225000
0 0.773438 0.922222 0.442188 0.155556
0 0.966406 0.570833 0.062500 0.061111
0 0.923828 0.583333 0.035156 0.055556
0 0.917578 0.455556 0.035156 0.044444
0 0.964063 0.439583 0.054688 0.073611
0 0.948438 0.322917 0.053125 0.056944
0 0.887891 0.316667 0.066406 0.055556
0 0.897656 0.350000 0.065625 0.047222
0 0.985547 0.295833 0.021094 0.055556
0 0.939063 0.174306 0.043750 0.045833
0 0.902344 0.187500 0.031250 0.050000
0 0.981641 0.152778 0.032031 0.050000
0 0.755078 0.106250 0.260156 0.209722
0 0.611328 0.181944 0.261719 0.208333
0 0.541797 0.285417 0.285156 0.151389
0 0.589063 0.385417 0.150000 0.101389
0 0.425391 0.356944 0.155469 0.063889
0 0.403906 0.389583 0.184375 0.087500
0 0.297656 0.272222 0.096875 0.083333
0 0.339062 0.088194 0.117188 0.106944
0 0.055078 0.940278 0.097656 0.116667
0 0.327734 0.833333 0.155469 0.127778
0 0.203125 0.737500 0.085938 0.075000
0 0.116406 0.750000 0.046875 0.102778
0 0.160938 0.666667 0.021875 0.030556
0 0.185156 0.694444 0.032813 0.050000
0 0.243750 0.491667 0.064062 0.027778
0 0.232813 0.511806 0.028125 0.034722
0 0.210547 0.525694 0.014844 0.037500
0 0.198047 0.541667 0.016406 0.041667
0 0.261719 0.356944 0.082812 0.044444
0 0.243750 0.395833 0.075000 0.044444
0 0.021484 0.329861 0.021094 0.079167
0 0.030469 0.398611 0.029687 0.055556
0 0.045312 0.443750 0.023438 0.051389
0 0.059766 0.464583 0.019531 0.034722
0 0.039062 0.281944 0.056250 0.075000
0 0.016016 0.134028 0.025781 0.131944
0 0.248438 0.123611 0.059375 0.052778
0 0.205859 0.252778 0.042969 0.036111
0 0.244141 0.243056 0.044531 0.041667
