0 0.850000 0.909722 0.170313 0.144444
0 0.965625 0.955556 0.064062 0.075000
0 0.740625 0.853472 0.131250 0.098611
0 0.673828 0.806944 0.063281 0.072222
0 0.651953 0.774306 0.082031 0.076389
0 0.609766 0.763194 0.063281 0.062500
0 0.581641 0.748611 0.047656 0.052778
0 0.554688 0.746528 0.025000 0.043056
0 0.658203 0.613194 0.060156 0.070833
0 0.612109 0.624306 0.042969 0.065278
0 0.583203 0.634028 0.024219 0.056944
0 0.568359 0.638889 0.016406 0.050000
0 0.555469 0.642361 0.015625 0.040278
0 0.545312 0.645833 0.010937 0.033333
0 0.535156 0.645833 0.014063 0.030556
0 0.085156 0.832639 0.123438 0.112500
0 0.169141 0.809722 0.086719 0.105556
0 0.025391 0.859722 0.047656 0.091667
0 0.448047 0.697222 0.017969 0.022222
0 0.430469 0.700000 0.025000 0.016667
0 0.404297 0.700000 0.025781 0.016667
0 0.926953 0.082639 0.132031 0.156944
0 0.818750 0.204167 0.157812 0.269444
0 0.725781 0.327778 0.106250 0.180556
0 0.647266 0.425000 0.063281 0.136111
0 0.603906 0.475000 0.042188 0.094444
0 0.576172 0.499306 0.021094 0.073611
0 0.561328 0.527778 0.021094 0.055556
0 0.550391 0.541667 0.014844 0.041667
0 0.541406 0.553472 0.007812 0.040278
0 0.532031 0.565278 0.015625 0.038889
0 0.520703 0.572917 0.013281 0.040278
0 0.576172 0.429167 0.094531 0.055556
0 0.601562 0.379167 0.126562 0.069444
0 0.612109 0.331944 0.119531 0.077778
0 0.633984 0.286806 0.135156 0.093056
0 0.659766 0.191667 0.130469 0.127778
0 0.724609 0.086111 0.161719 0.155556
0 0.644531 0.035417 0.120313 0.062500
0 0.629297 0.121528 0.130469 0.118056
0 0.603516 0.178472 0.114844 0.112500
0 0.556641 0.265278 0.049219 0.077778
0 0.582422 0.065972 0.085156 0.079167
0 0.550000 0.136806 0.050000 0.076389
