0 0.638281 0.103704 0.055729 0.038889
0 0.629948 0.082407 0.030729 0.022222
0 0.621094 0.024537 0.034896 0.021296
0 0.618750 0.161111 0.038542 0.055556
0 0.729427 0.238426 0.183854 0.065741
0 0.749219 0.177315 0.178646 0.084259
0 0.842708 0.052778 0.186458 0.101852
0 0.866406 0.417130 0.107813 0.123148
0 0.794271 0.430093 0.058333 0.082407
0 0.959375 0.386111 0.071875 0.098148
0 0.091927 0.214352 0.160938 0.108333
0 0.166667 0.285648 0.141667 0.104630
0 0.249219 0.316667 0.078646 0.072222
0 0.292187 0.314352 0.040625 0.062037
0 0.325000 0.340741 0.034375 0.064815
0 0.349740 0.350000 0.038021 0.062963
0 0.376823 0.383796 0.030729 0.034259
0 0.404427 0.404167 0.018229 0.030556
0 0.423438 0.421296 0.009375 0.014815
0 0.303906 0.223148 0.105729 0.070370
0 0.277865 0.165741 0.113021 0.105556
0 0.198698 0.080093 0.066146 0.115741
0 0.136719 0.034259 0.064062 0.057407
0 0.496875 0.590278 0.033333 0.019444
0 0.507552 0.575000 0.105729 0.033333
0 0.636979 0.474537 0.023958 0.041667
0 0.340104 0.044907 0.122917 0.069444
0 0.352344 0.111111 0.116146 0.062963
0 0.383854 0.257407 0.066667 0.033333
