0 0.696094 0.546528 0.129688 0.140278
0 0.601172 0.586806 0.064844 0.134722
0 0.557031 0.602778 0.037500 0.097222
0 0.528125 0.616667 0.020313 0.055556
0 0.510938 0.615972 0.018750 0.045833
0 0.491797 0.623611 0.021094 0.038889
0 0.509766 0.745833 0.016406 0.044444
0 0.533203 0.765278 0.038281 0.066667
0 0.586328 0.795139 0.092969 0.093056
0 0.641797 0.827778 0.111719 0.136111
0 0.732422 0.889583 0.167969 0.151389
0 0.712500 0.218750 0.196875 0.245833
0 0.669531 0.345139 0.229687 0.195833
0 0.517969 0.457639 0.037500 0.068056
0 0.620703 0.413194 0.214844 0.104167
0 0.791797 0.053472 0.135156 0.104167
0 0.603516 0.190972 0.177344 0.159722
0 0.569531 0.260417 0.142187 0.123611
0 0.503906 0.335417 0.046875 0.073611
0 0.507422 0.394444 0.074219 0.061111
0 0.490234 0.512500 0.021094 0.047222
0 0.476953 0.530556 0.016406 0.047222
0 0.024219 0.813194 0.042188 0.084722
0 0.035547 0.704167 0.052344 0.050000
0 0.555469 0.029167 0.098437 0.050000
0 0.491406 0.186111 0.025000 0.069444
0 0.485156 0.284722 0.053125 0.058333
0 0.469922 0.347222 0.047656 0.058333
