0 0.876563 0.226042 0.240625 0.245833
0 0.705469 0.325521 0.346875 0.236458
0 0.570312 0.368229 0.304688 0.136458
0 0.432422 0.410938 0.230469 0.130208
0 0.344141 0.454688 0.182031 0.101042
0 0.233594 0.469271 0.068750 0.071875
0 0.185156 0.483333 0.051562 0.062500
0 0.085547 0.512500 0.025781 0.050000
0 0.130469 0.512500 0.084375 0.056250
0 0.204297 0.401562 0.160156 0.073958
0 0.118359 0.417708 0.036719 0.052083
0 0.077344 0.438542 0.034375 0.045833
0 0.139844 0.345833 0.153125 0.064583
0 0.154688 0.316667 0.103125 0.062500
0 0.162109 0.285417 0.055469 0.064583
0 0.254688 0.306771 0.190625 0.107292
0 0.283984 0.259375 0.219531 0.104167
0 0.364063 0.208333 0.221875 0.112500
0 0.507812 0.093750 0.376563 0.168750
0 0.320703 0.042708 0.141406 0.079167
0 0.163672 0.203125 0.061719 0.062500
0 0.049219 0.763542 0.034375 0.041667
0 0.080469 0.783854 0.037500 0.048958
0 0.112500 0.788542 0.029687 0.047917
0 0.149609 0.816146 0.055469 0.063542
0 0.196875 0.823958 0.045312 0.060417
0 0.235156 0.850521 0.048438 0.071875
0 0.291016 0.879687 0.099219 0.101042
0 0.446094 0.938542 0.204687 0.112500
0 0.526172 0.968750 0.160156 0.058333
0 0.205859 0.042188 0.160156 0.069792
