0 0.301172 0.433854 0.252344 0.105208
0 0.466016 0.450521 0.214844 0.069792
0 0.625781 0.456250 0.157812 0.075000
0 0.750000 0.470313 0.114062 0.073958
0 0.843750 0.386979 0.089063 0.069792
0 0.939453 0.419792 0.057031 0.047917
0 0.833984 0.231250 0.332031 0.275000
0 0.594922 0.271875 0.232031 0.160417
0 0.468359 0.245833 0.216406 0.152083
0 0.305469 0.213021 0.246875 0.153125
0 0.530078 0.067187 0.288281 0.117708
0 0.482031 0.861458 0.140625 0.081250
0 0.293750 0.872917 0.248438 0.095833
0 0.604688 0.848437 0.142187 0.071875
0 0.356250 0.557813 0.084375 0.051042
0 0.124609 0.176042 0.150781 0.087500
0 0.103125 0.038542 0.114062 0.068750
