0 0.735547 0.650625 0.088281 0.056250
0 0.816797 0.652500 0.074219 0.037500
0 0.220312 0.689375 0.070312 0.051250
0 0.254688 0.660625 0.034375 0.021250
0 0.348828 0.538125 0.096094 0.036250
0 0.691797 0.351875 0.082031 0.048750
0 0.634375 0.375625 0.035937 0.043750
0 0.687891 0.251875 0.091406 0.058750
0 0.630469 0.268125 0.040625 0.041250
0 0.773828 0.236875 0.096094 0.053750
0 0.787109 0.362500 0.088281 0.052500
0 0.907031 0.384375 0.056250 0.048750
0 0.860938 0.391250 0.042188 0.047500
0 0.963281 0.370000 0.048438 0.045000
0 0.916016 0.486875 0.077344 0.031250
0 0.839453 0.498750 0.052344 0.030000
0 0.871094 0.610000 0.029687 0.025000
0 0.900000 0.608750 0.040625 0.035000
0 0.933594 0.603750 0.023438 0.037500
0 0.962500 0.606250 0.040625 0.025000
0 0.702734 0.538750 0.107031 0.045000
0 0.668359 0.461250 0.052344 0.050000
0 0.910156 0.183125 0.084375 0.048750
0 0.855859 0.207500 0.033594 0.040000
0 0.904297 0.090000 0.072656 0.070000
0 0.883984 0.120625 0.094531 0.041250
0 0.770312 0.124375 0.092188 0.061250
0 0.695703 0.144375 0.091406 0.061250
0 0.676172 0.170625 0.086719 0.033750
0 0.666406 0.070625 0.084375 0.046250
0 0.642969 0.099375 0.084375 0.026250
0 0.355469 0.070625 0.087500 0.056250
0 0.354297 0.156250 0.094531 0.060000
