0 0.945312 0.794444 0.105208 0.161111
0 0.826823 0.800926 0.170313 0.118519
0 0.781510 0.742593 0.145313 0.103704
0 0.694531 0.693519 0.091146 0.068519
0 0.873958 0.312037 0.048958 0.053704
0 0.905729 0.310185 0.040625 0.088889
0 0.930469 0.289815 0.047396 0.066667
0 0.968750 0.269907 0.045833 0.056481
0 0.957292 0.463889 0.079167 0.038889
0 0.901823 0.466667 0.031771 0.031481
0 0.873698 0.474074 0.024479 0.033333
0 0.843750 0.468519 0.023958 0.020370
0 0.859115 0.368981 0.066146 0.028704
0 0.848177 0.381481 0.039062 0.025926
0 0.841667 0.391667 0.021875 0.020370
0 0.881771 0.399074 0.048958 0.046296
0 0.812500 0.375926 0.023958 0.020370
0 0.814323 0.388889 0.028646 0.020370
0 0.813802 0.408333 0.026562 0.020370
0 0.372656 0.806944 0.122396 0.086111
0 0.287760 0.842130 0.043229 0.091667
0 0.216146 0.877778 0.108333 0.168519
0 0.153906 0.934722 0.081771 0.128704
0 0.038281 0.513426 0.064062 0.215741
0 0.117969 0.486111 0.156771 0.122222
0 0.229687 0.529167 0.114583 0.106481
0 0.139063 0.168056 0.273958 0.176852
0 0.104688 0.067593 0.201042 0.125926
0 0.492448 0.623148 0.048438 0.050000
0 0.446615 0.638889 0.102604 0.051852
0 0.610677 0.515278 0.026562 0.006481
0 0.610938 0.521759 0.027083 0.006481
0 0.613021 0.527778 0.022917 0.005556
0 0.611979 0.535648 0.021875 0.008333
0 0.612760 0.542130 0.020313 0.004630
0 0.613542 0.550463 0.021875 0.012037
