0 0.658203 0.576389 0.107031 0.058333
0 0.650781 0.606944 0.104688 0.044444
0 0.605859 0.655556 0.063281 0.086111
0 0.595703 0.688889 0.041406 0.047222
0 0.656250 0.690278 0.093750 0.044444
0 0.687500 0.717361 0.160938 0.065278
0 0.672266 0.763889 0.125781 0.069444
0 0.680469 0.793056 0.145313 0.050000
0 0.602734 0.727778 0.035156 0.047222
0 0.594922 0.763889 0.050781 0.063889
0 0.375000 0.732639 0.221875 0.040278
0 0.362500 0.754167 0.089063 0.038889
0 0.257031 0.461111 0.065625 0.030556
0 0.237500 0.436111 0.065625 0.036111
0 0.170703 0.343056 0.092969 0.083333
0 0.098437 0.138194 0.090625 0.198611
0 0.031641 0.041667 0.055469 0.069444
0 0.176172 0.047222 0.089844 0.066667
0 0.621484 0.147917 0.044531 0.120833
0 0.588672 0.223611 0.049219 0.097222
0 0.560547 0.284722 0.027344 0.058333
0 0.560156 0.095833 0.039062 0.077778
