0 0.748828 0.316667 0.403906 0.320833
0 0.450781 0.394792 0.198437 0.129167
0 0.302734 0.453125 0.108594 0.143750
0 0.211719 0.475000 0.084375 0.097917
0 0.148828 0.498958 0.075781 0.087500
0 0.094141 0.510938 0.055469 0.071875
0 0.059375 0.521875 0.035937 0.062500
0 0.030469 0.532292 0.032813 0.047917
0 0.053906 0.391667 0.089063 0.056250
0 0.068750 0.369271 0.101562 0.076042
0 0.137109 0.346354 0.167969 0.080208
0 0.132031 0.252083 0.082812 0.083333
0 0.372266 0.257812 0.446094 0.213542
0 0.286328 0.107813 0.136719 0.173958
0 0.552734 0.097917 0.421094 0.177083
0 0.201953 0.073958 0.233594 0.137500
0 0.144141 0.178646 0.205469 0.111458
0 0.151172 0.690104 0.069531 0.078125
0 0.100391 0.674479 0.049219 0.067708
0 0.071484 0.659375 0.044531 0.054167
0 0.044141 0.656771 0.024219 0.055208
0 0.020703 0.654687 0.035156 0.048958
0 0.018750 0.773958 0.018750 0.054167
0 0.034375 0.782292 0.026562 0.062500
0 0.110547 0.804688 0.138281 0.073958
0 0.135937 0.847917 0.084375 0.104167
0 0.182031 0.859375 0.107813 0.083333
0 0.200391 0.929688 0.113281 0.113542
0 0.270313 0.977604 0.112500 0.040625
