0 0.698438 0.514062 0.342187 0.115625
0 0.920312 0.518229 0.120313 0.048958
0 0.699609 0.064062 0.300781 0.123958
0 0.812109 0.094792 0.355469 0.164583
0 0.360156 0.061979 0.323437 0.113542
0 0.360938 0.097917 0.320312 0.170833
0 0.358594 0.139063 0.310937 0.113542
0 0.355859 0.188542 0.316406 0.137500
0 0.354687 0.232292 0.314063 0.097917
0 0.353125 0.287500 0.314063 0.127083
0 0.355078 0.343750 0.313281 0.089583
0 0.366016 0.398438 0.310156 0.094792
0 0.349219 0.443229 0.335938 0.071875
0 0.341406 0.500521 0.320312 0.101042
0 0.353906 0.555729 0.321875 0.076042
0 0.320312 0.607292 0.273438 0.075000
0 0.328516 0.673438 0.261719 0.061458
0 0.317188 0.712500 0.251563 0.097917
0 0.328906 0.770833 0.257812 0.075000
0 0.337500 0.821875 0.279687 0.102083
0 0.245312 0.872396 0.103125 0.073958
0 0.247266 0.927083 0.094531 0.093750
0 0.254297 0.968229 0.111719 0.051042
0 0.110937 0.973437 0.215625 0.048958
0 0.097266 0.944792 0.188281 0.104167
0 0.102734 0.870833 0.196094 0.093750
0 0.102734 0.804688 0.200781 0.084375
0 0.100391 0.743229 0.196094 0.084375
0 0.101562 0.679688 0.192188 0.092708
0 0.098437 0.602604 0.190625 0.061458
0 0.102734 0.542708 0.199219 0.058333
0 0.103516 0.471875 0.197656 0.083333
0 0.105469 0.408333 0.204687 0.095833
0 0.107031 0.348958 0.212500 0.116667
0 0.110937 0.281250 0.215625 0.108333
0 0.111719 0.218750 0.207813 0.114583
0 0.103125 0.160938 0.200000 0.119792
0 0.110547 0.101562 0.214844 0.126042
0 0.103906 0.050000 0.203125 0.095833
