0 0.533203 0.797222 0.213281 0.166667
0 0.324609 0.729861 0.097656 0.068056
0 0.041016 0.245833 0.077344 0.188889
0 0.101953 0.348611 0.067969 0.136111
0 0.161328 0.413194 0.058594 0.098611
0 0.178516 0.210417 0.042969 0.129167
0 0.083594 0.111806 0.146875 0.148611
0 0.058594 0.029861 0.112500 0.056944
0 0.171875 0.058333 0.070312 0.094444
0 0.210938 0.232639 0.107813 0.118056
0 0.689453 0.391667 0.078906 0.091667
0 0.775391 0.340278 0.111719 0.141667
0 0.889844 0.263194 0.173437 0.190278
0 0.957031 0.184722 0.084375 0.175000
0 0.971484 0.781250 0.052344 0.090278
0 0.907813 0.754167 0.150000 0.105556
0 0.694922 0.720139 0.082031 0.076389
0 0.661719 0.344444 0.129688 0.094444
0 0.632031 0.381944 0.123438 0.063889
0 0.601562 0.418750 0.117188 0.062500
0 0.571094 0.448611 0.101562 0.041667
0 0.545312 0.459028 0.093750 0.023611
0 0.537891 0.478472 0.089844 0.031944
0 0.705469 0.178472 0.162500 0.123611
0 0.793359 0.097917 0.202344 0.126389
0 0.661719 0.081250 0.168750 0.084722
0 0.613281 0.164583 0.120313 0.076389
0 0.591016 0.218750 0.117969 0.095833
0 0.560547 0.265972 0.108594 0.054167
0 0.506641 0.191667 0.074219 0.066667
0 0.553906 0.043056 0.065625 0.069444
0 0.500391 0.244444 0.046094 0.044444
0 0.466797 0.334028 0.047656 0.037500
0 0.451562 0.361111 0.035937 0.027778
0 0.462891 0.240972 0.046094 0.031944
0 0.457422 0.425000 0.019531 0.027778
0 0.701172 0.507639 0.019531 0.029167
0 0.687109 0.515278 0.017969 0.019444
0 0.721875 0.463194 0.021875 0.020833
0 0.744141 0.456944 0.022656 0.030556
0 0.747656 0.530556 0.023438 0.033333
0 0.726562 0.529861 0.021875 0.023611
0 0.774219 0.517361 0.021875 0.026389
0 0.807422 0.508333 0.022656 0.022222
0 0.782422 0.590972 0.021094 0.026389
0 0.750781 0.596528 0.026562 0.023611
0 0.256250 0.070139 0.023438 0.059722
0 0.260156 0.130556 0.025000 0.069444
0 0.273828 0.180556 0.025781 0.055556
0 0.239844 0.349306 0.098437 0.062500
