0 0.507031 0.599074 0.064062 0.029630
0 0.402865 0.608333 0.064062 0.027778
0 0.595573 0.638889 0.019271 0.027778
0 0.611979 0.649074 0.020833 0.029630
0 0.635417 0.687963 0.033333 0.050000
0 0.663802 0.409259 0.075521 0.055556
0 0.612760 0.422685 0.022396 0.043519
0 0.653646 0.201389 0.033333 0.071296
0 0.728125 0.235185 0.158333 0.100000
0 0.700260 0.139352 0.069271 0.084259
0 0.749219 0.199074 0.147396 0.114815
0 0.802604 0.102778 0.194792 0.087037
0 0.808333 0.053704 0.232292 0.083333
0 0.649740 0.095833 0.113021 0.073148
0 0.640885 0.156481 0.132812 0.057407
0 0.685677 0.021296 0.135937 0.040741
0 0.067708 0.087500 0.131250 0.169444
0 0.111458 0.164815 0.181250 0.137037
0 0.150260 0.220370 0.216146 0.100000
0 0.204687 0.257407 0.170833 0.096296
0 0.297917 0.304167 0.034375 0.047222
0 0.235417 0.069444 0.157292 0.083333
0 0.211458 0.029167 0.145833 0.052778
