0 0.696484 0.349306 0.191406 0.118056
0 0.677734 0.404861 0.202344 0.073611
0 0.610938 0.443750 0.120313 0.048611
0 0.595313 0.470139 0.115625 0.045833
0 0.568750 0.487500 0.104688 0.030556
0 0.565625 0.682639 0.046875 0.031944
0 0.538281 0.679167 0.017188 0.027778
0 0.601953 0.686111 0.038281 0.052778
0 0.643359 0.692361 0.049219 0.040278
0 0.704297 0.660417 0.086719 0.079167
0 0.708594 0.704861 0.076563 0.056944
0 0.802344 0.704861 0.107813 0.079167
0 0.939063 0.690972 0.104688 0.090278
0 0.903125 0.081944 0.182812 0.161111
0 0.832031 0.177083 0.257812 0.195833
0 0.625781 0.150000 0.134375 0.097222
0 0.549609 0.086111 0.066406 0.061111
0 0.538281 0.143750 0.070312 0.073611
0 0.573828 0.262500 0.089844 0.066667
0 0.553516 0.301389 0.088281 0.052778
0 0.035547 0.861111 0.064844 0.122222
0 0.077344 0.834028 0.053125 0.081944
0 0.195703 0.777083 0.050781 0.037500
0 0.222656 0.768750 0.029687 0.043056
0 0.237891 0.748611 0.044531 0.041667
0 0.263672 0.739583 0.028906 0.037500
0 0.454688 0.679861 0.035937 0.020833
0 0.383984 0.688194 0.033594 0.020833
0 0.356250 0.687500 0.029687 0.019444
0 0.332031 0.692361 0.037500 0.020833
0 0.226172 0.463194 0.052344 0.045833
0 0.108594 0.376389 0.165625 0.094444
0 0.077344 0.304861 0.137500 0.123611
0 0.039844 0.216667 0.070312 0.144444
0 0.091797 0.047917 0.150781 0.095833
0 0.123828 0.127778 0.147656 0.138889
0 0.178516 0.175694 0.102344 0.106944
0 0.203125 0.236111 0.093750 0.077778
0 0.227734 0.329167 0.107031 0.058333
0 0.208984 0.047222 0.117969 0.088889
