0 0.541667 0.645370 0.062500 0.048148
0 0.485938 0.634259 0.076042 0.044444
0 0.425000 0.603241 0.045833 0.041667
0 0.398698 0.589352 0.033854 0.013889
0 0.128906 0.446296 0.044271 0.011111
0 0.135156 0.456481 0.046354 0.011111
0 0.125781 0.466204 0.028646 0.008333
0 0.124740 0.474537 0.030729 0.008333
0 0.135677 0.482407 0.052604 0.007407
0 0.135677 0.489815 0.052604 0.007407
0 0.129948 0.499537 0.041146 0.012037
0 0.130469 0.509259 0.040104 0.007407
0 0.128906 0.518056 0.036979 0.010185
0 0.134896 0.527778 0.025000 0.009259
0 0.130990 0.537037 0.017188 0.009259
0 0.219010 0.512500 0.035937 0.012037
0 0.252083 0.509259 0.031250 0.018519
0 0.285156 0.507870 0.034896 0.015741
0 0.318750 0.505093 0.031250 0.021296
0 0.349219 0.503241 0.029687 0.017593
0 0.379688 0.502315 0.031250 0.019444
0 0.411198 0.500463 0.031771 0.015741
0 0.441406 0.500463 0.028646 0.015741
0 0.472917 0.448611 0.030208 0.017593
0 0.442969 0.448148 0.029687 0.018519
0 0.413021 0.450463 0.030208 0.023148
0 0.380990 0.452315 0.033854 0.019444
0 0.348698 0.453241 0.030729 0.021296
0 0.317969 0.452315 0.030729 0.023148
0 0.285417 0.450926 0.030208 0.020370
0 0.254427 0.455093 0.029687 0.017593
0 0.223958 0.455093 0.031250 0.017593
0 0.221094 0.402778 0.031771 0.016667
0 0.251042 0.403241 0.027083 0.017593
0 0.279687 0.402315 0.028125 0.015741
0 0.312760 0.401389 0.036979 0.017593
0 0.346615 0.401389 0.030729 0.017593
0 0.376302 0.403241 0.028646 0.013889
0 0.413021 0.400000 0.032292 0.014815
0 0.443490 0.398148 0.025521 0.018519
0 0.472917 0.400000 0.033333 0.022222
0 0.504427 0.406944 0.033854 0.017593
0 0.505208 0.448611 0.030208 0.017593
0 0.536719 0.447685 0.031771 0.017593
0 0.537240 0.493056 0.028646 0.019444
0 0.507812 0.493981 0.031250 0.015741
0 0.502344 0.362963 0.033854 0.022222
0 0.535937 0.362037 0.035417 0.020370
0 0.534635 0.312500 0.030729 0.019444
0 0.504948 0.317593 0.031771 0.018519
0 0.500781 0.272685 0.031771 0.015741
0 0.530990 0.271296 0.030729 0.018519
0 0.558073 0.272222 0.023438 0.014815
0 0.586458 0.228241 0.023958 0.023148
0 0.556510 0.227778 0.029687 0.016667
0 0.529948 0.227315 0.023438 0.017593
0 0.502604 0.229630 0.032292 0.022222
0 0.468490 0.243981 0.025521 0.021296
0 0.442448 0.245370 0.026562 0.018519
0 0.412760 0.246296 0.032813 0.020370
0 0.378125 0.247685 0.035417 0.021296
0 0.342969 0.250000 0.030729 0.024074
0 0.309635 0.251389 0.035937 0.021296
0 0.276562 0.254630 0.027083 0.044444
0 0.248177 0.257870 0.029687 0.037963
0 0.216406 0.257407 0.038021 0.033333
0 0.221094 0.303704 0.035937 0.035185
0 0.251042 0.302778 0.028125 0.025926
0 0.280469 0.301389 0.031771 0.028704
0 0.310937 0.300463 0.033333 0.021296
0 0.344531 0.301389 0.033854 0.019444
0 0.376823 0.300000 0.026562 0.016667
0 0.408073 0.296296 0.031771 0.024074
0 0.439323 0.298148 0.028646 0.022222
0 0.469010 0.296296 0.031771 0.012963
0 0.469792 0.343519 0.032292 0.018519
0 0.439844 0.347685 0.028646 0.019444
0 0.409635 0.350000 0.031771 0.024074
0 0.379167 0.352315 0.035417 0.021296
0 0.347917 0.352778 0.027083 0.022222
0 0.317188 0.350926 0.035417 0.025926
0 0.278125 0.350926 0.022917 0.027778
0 0.249740 0.353704 0.033854 0.022222
0 0.219010 0.354630 0.026562 0.025926
0 0.260417 0.585185 0.032292 0.012963
0 0.288281 0.585185 0.022396 0.012963
0 0.318490 0.544444 0.032813 0.014815
0 0.349219 0.543981 0.029687 0.019444
0 0.380990 0.542130 0.033854 0.015741
0 0.378906 0.581481 0.025521 0.012963
0 0.351823 0.580556 0.027604 0.014815
0 0.320573 0.582407 0.034896 0.018519
0 0.903125 0.295370 0.190625 0.118519
0 0.891146 0.072685 0.195833 0.126852
