0 0.425391 0.157500 0.525781 0.267500
0 0.540625 0.250000 0.412500 0.192500
0 0.612500 0.315000 0.310937 0.155000
0 0.718750 0.403125 0.220312 0.086250
0 0.780078 0.350000 0.049219 0.070000
0 0.814063 0.187500 0.109375 0.117500
0 0.707422 0.831875 0.128906 0.126250
0 0.467187 0.915000 0.490625 0.155000
0 0.126562 0.471250 0.234375 0.127500
0 0.306250 0.498750 0.156250 0.105000
0 0.423438 0.511250 0.089063 0.080000
0 0.498437 0.522500 0.060937 0.080000
0 0.104297 0.125000 0.191406 0.245000
0 0.755859 0.738125 0.102344 0.066250
0 0.784766 0.711875 0.094531 0.048750
0 0.764844 0.678750 0.178125 0.090000
0 0.858203 0.661875 0.035156 0.053750
