0 0.491927 0.537963 0.034896 0.018519
0 0.491927 0.550000 0.036979 0.011111
0 0.489844 0.563889 0.032813 0.016667
0 0.614844 0.579167 0.036979 0.030556
0 0.610417 0.517130 0.033333 0.041667
0 0.612500 0.463426 0.021875 0.043519
0 0.637240 0.456019 0.028646 0.052778
0 0.661458 0.447222 0.035417 0.061111
0 0.703125 0.437963 0.054167 0.070370
0 0.766146 0.415741 0.082292 0.098148
0 0.867448 0.370370 0.156771 0.166667
0 0.901823 0.763426 0.177604 0.167593
0 0.816406 0.686111 0.165104 0.127778
0 0.748958 0.640741 0.119792 0.081481
0 0.745313 0.833796 0.036458 0.073148
0 0.860417 0.938426 0.238542 0.117593
0 0.764323 0.075926 0.073438 0.137037
0 0.786458 0.162037 0.209375 0.098148
0 0.697656 0.225463 0.108854 0.078704
0 0.638021 0.263889 0.028125 0.062963
0 0.616927 0.288426 0.028646 0.069444
0 0.601562 0.424074 0.019792 0.024074
0 0.601823 0.408333 0.018229 0.027778
0 0.600521 0.389815 0.019792 0.022222
0 0.602344 0.367130 0.017188 0.028704
0 0.599219 0.352315 0.020313 0.034259
0 0.598698 0.334259 0.016146 0.029630
0 0.602865 0.441667 0.022396 0.033333
0 0.603906 0.463889 0.021354 0.025926
0 0.653646 0.129167 0.108333 0.078704
0 0.668229 0.083333 0.102083 0.068519
0 0.670573 0.031481 0.083854 0.059259
