0 0.842578 0.152083 0.307031 0.300000
0 0.541797 0.260417 0.322656 0.333333
0 0.308984 0.386979 0.183594 0.173958
0 0.188281 0.453646 0.081250 0.117708
0 0.126953 0.494271 0.089844 0.111458
0 0.068750 0.515104 0.053125 0.073958
0 0.036328 0.538542 0.044531 0.068750
0 0.015625 0.537500 0.028125 0.066667
0 0.140625 0.744271 0.107813 0.101042
0 0.181641 0.773958 0.116406 0.106250
0 0.332422 0.836979 0.233594 0.188542
0 0.686328 0.889062 0.616406 0.201042
0 0.878125 0.948438 0.242188 0.092708
0 0.148438 0.967187 0.032813 0.053125
0 0.125000 0.953646 0.065625 0.057292
0 0.419531 0.106771 0.518750 0.198958
0 0.250781 0.186458 0.304688 0.185417
0 0.193750 0.253646 0.273438 0.117708
0 0.128125 0.295833 0.196875 0.118750
0 0.140625 0.348438 0.259375 0.071875
0 0.111328 0.157292 0.216406 0.110417
0 0.122656 0.093750 0.165625 0.112500
0 0.118359 0.034896 0.124219 0.061458
