0 0.027604 0.739352 0.054167 0.056481
0 0.784896 0.294907 0.075000 0.069444
0 0.804948 0.274537 0.059896 0.082407
0 0.842187 0.245370 0.056250 0.105556
0 0.937240 0.195833 0.107813 0.139815
0 0.981250 0.139815 0.037500 0.087037
0 0.815365 0.102315 0.093229 0.091667
0 0.833854 0.033333 0.050000 0.066667
0 0.780208 0.138889 0.079167 0.079630
0 0.921875 0.426389 0.078125 0.060185
0 0.980729 0.412037 0.034375 0.062963
0 0.982292 0.618981 0.030208 0.073148
0 0.923177 0.614352 0.080729 0.087963
0 0.953125 0.792593 0.052083 0.075926
0 0.984375 0.835185 0.031250 0.066667
0 0.845313 0.441204 0.050000 0.049074
0 0.799219 0.444444 0.039062 0.042593
0 0.757812 0.456481 0.033333 0.031481
