0 0.519271 0.581019 0.057292 0.023148
0 0.440885 0.588426 0.050521 0.021296
0 0.114062 0.166204 0.164583 0.169444
0 0.046615 0.054630 0.093229 0.107407
0 0.212760 0.233796 0.065104 0.121296
0 0.260677 0.276852 0.047396 0.096296
0 0.295312 0.310648 0.036458 0.071296
0 0.320573 0.337037 0.029687 0.077778
0 0.340365 0.356481 0.025521 0.055556
0 0.358594 0.359259 0.022396 0.044444
0 0.369531 0.374537 0.019271 0.039815
0 0.378125 0.382870 0.011458 0.030556
0 0.331510 0.258333 0.104688 0.020370
0 0.322396 0.222685 0.114583 0.043519
0 0.354427 0.193981 0.023438 0.049074
0 0.294531 0.195833 0.109896 0.050926
0 0.271875 0.154167 0.129167 0.050926
0 0.243490 0.098148 0.141146 0.074074
0 0.225521 0.043519 0.156250 0.074074
0 0.029948 0.469444 0.044271 0.235185
0 0.813281 0.081019 0.209896 0.102778
0 0.805208 0.136111 0.189583 0.114815
0 0.754687 0.190741 0.175000 0.085185
0 0.730990 0.239352 0.183854 0.075000
0 0.701562 0.082407 0.154167 0.090741
0 0.679427 0.021759 0.079687 0.034259
0 0.655469 0.156944 0.128646 0.047222
0 0.616146 0.076852 0.087500 0.070370
0 0.636719 0.302315 0.047396 0.054630
0 0.604427 0.291667 0.018229 0.048148
0 0.594531 0.312963 0.025521 0.044444
