0 0.742969 0.038194 0.134375 0.062500
0 0.710938 0.104167 0.181250 0.127778
0 0.700000 0.200000 0.221875 0.108333
0 0.608594 0.282639 0.128125 0.090278
0 0.596484 0.133333 0.113281 0.100000
0 0.616406 0.048611 0.109375 0.083333
0 0.071094 0.150694 0.128125 0.126389
0 0.046094 0.047222 0.085938 0.091667
0 0.133594 0.074306 0.114062 0.093056
0 0.127734 0.020139 0.080469 0.020833
0 0.191406 0.073611 0.046875 0.075000
0 0.189453 0.025000 0.053906 0.030556
0 0.110156 0.231944 0.125000 0.100000
0 0.139453 0.305556 0.144531 0.077778
