0 0.774609 0.255556 0.146094 0.097222
0 0.721875 0.329167 0.089063 0.063889
0 0.694922 0.375694 0.066406 0.043056
0 0.653516 0.352083 0.028906 0.048611
0 0.635156 0.384722 0.010937 0.038889
0 0.621875 0.408333 0.018750 0.044444
0 0.680859 0.433333 0.071094 0.041667
0 0.676562 0.461111 0.084375 0.036111
0 0.649609 0.476389 0.053906 0.038889
0 0.228125 0.445139 0.084375 0.106944
0 0.053906 0.293750 0.107813 0.165278
0 0.135156 0.370833 0.071875 0.119444
0 0.205469 0.073611 0.140625 0.141667
0 0.266797 0.230556 0.146094 0.141667
0 0.312891 0.115278 0.102344 0.091667
0 0.310547 0.040972 0.063281 0.073611
0 0.285938 0.497222 0.053125 0.077778
0 0.357031 0.544444 0.021875 0.044444
0 0.374219 0.559028 0.028125 0.037500
0 0.391797 0.575694 0.021094 0.031944
0 0.406250 0.583333 0.014063 0.030556
0 0.158984 0.879167 0.096094 0.080556
0 0.744922 0.125000 0.113281 0.086111
0 0.697656 0.184722 0.059375 0.094444
0 0.672656 0.106944 0.062500 0.072222
0 0.649609 0.113889 0.053906 0.061111
0 0.631641 0.162500 0.033594 0.044444
0 0.626563 0.205556 0.046875 0.047222
0 0.654297 0.223611 0.047656 0.047222
0 0.650781 0.266667 0.053125 0.044444
0 0.641797 0.305556 0.058594 0.036111
0 0.612500 0.262500 0.032813 0.050000
0 0.627344 0.121528 0.062500 0.054167
0 0.635547 0.077778 0.069531 0.061111
0 0.652344 0.032639 0.100000 0.054167
0 0.387891 0.316667 0.057031 0.041667
0 0.385156 0.298611 0.057813 0.022222
0 0.387500 0.278472 0.054688 0.026389
0 0.390234 0.257639 0.050781 0.031944
0 0.416797 0.277778 0.011719 0.019444
0 0.418359 0.295833 0.010156 0.025000
0 0.416016 0.311806 0.013281 0.026389
0 0.417969 0.328472 0.009375 0.029167
0 0.410547 0.347222 0.022656 0.025000
0 0.425391 0.365972 0.010156 0.018056
0 0.425781 0.350000 0.014063 0.019444
0 0.425781 0.328472 0.014063 0.018056
0 0.424219 0.309722 0.010937 0.027778
0 0.427734 0.207639 0.024219 0.031944
0 0.369922 0.402778 0.063281 0.047222
0 0.317188 0.323611 0.107813 0.052778
0 0.610156 0.179167 0.046875 0.044444
0 0.600000 0.237500 0.037500 0.047222
0 0.380859 0.165972 0.069531 0.045833
0 0.389062 0.137500 0.053125 0.019444
0 0.389453 0.118750 0.057031 0.031944
0 0.386719 0.090972 0.057813 0.037500
0 0.424609 0.115278 0.024219 0.044444
0 0.416016 0.589583 0.016406 0.026389
0 0.425391 0.602778 0.021094 0.016667
0 0.433203 0.602778 0.025781 0.019444
0 0.417578 0.177083 0.019531 0.031944
0 0.416797 0.150694 0.021094 0.031944
