0 0.882812 0.337500 0.165625 0.091667
0 0.812500 0.354167 0.160938 0.060417
0 0.717969 0.361458 0.064062 0.056250
0 0.655078 0.380208 0.063281 0.047917
0 0.604688 0.375000 0.062500 0.050000
0 0.603125 0.404687 0.065625 0.038542
0 0.557422 0.393229 0.041406 0.030208
0 0.562109 0.416146 0.042969 0.036458
0 0.535156 0.507812 0.046875 0.053125
0 0.562109 0.508333 0.033594 0.043750
0 0.598828 0.504687 0.049219 0.038542
0 0.651953 0.497917 0.061719 0.064583
0 0.708203 0.489583 0.050781 0.052083
0 0.762109 0.480208 0.069531 0.050000
0 0.860938 0.476562 0.142187 0.053125
0 0.886328 0.603125 0.180469 0.066667
0 0.773828 0.610938 0.060156 0.040625
0 0.678906 0.612500 0.126562 0.052083
0 0.269141 0.552083 0.233594 0.097917
0 0.140234 0.569792 0.044531 0.060417
0 0.095703 0.579688 0.052344 0.063542
0 0.084766 0.517188 0.027344 0.038542
0 0.183594 0.819792 0.070312 0.091667
0 0.246875 0.869792 0.109375 0.116667
0 0.319922 0.925000 0.157031 0.139583
0 0.462109 0.965625 0.164844 0.068750
0 0.226172 0.205729 0.214844 0.073958
0 0.234375 0.242708 0.225000 0.085417
0 0.417187 0.271875 0.165625 0.108333
0 0.392578 0.313542 0.203906 0.068750
0 0.208203 0.366667 0.089844 0.068750
0 0.151953 0.393229 0.030469 0.069792
0 0.122266 0.418229 0.025781 0.046875
0 0.094141 0.432812 0.036719 0.048958
0 0.144141 0.322396 0.135156 0.042708
0 0.101562 0.360938 0.109375 0.057292
0 0.064453 0.517188 0.014844 0.044792
0 0.056250 0.530729 0.023438 0.046875
0 0.113281 0.206771 0.139063 0.073958
0 0.106641 0.173437 0.122656 0.080208
0 0.100781 0.115625 0.082812 0.056250
0 0.153516 0.157292 0.132031 0.072917
0 0.194922 0.127083 0.146094 0.100000
0 0.867188 0.050000 0.225000 0.100000
0 0.825391 0.075521 0.260156 0.076042
0 0.716406 0.100000 0.146875 0.068750
0 0.658984 0.114062 0.089844 0.057292
0 0.872266 0.176042 0.157031 0.104167
0 0.794531 0.211458 0.125000 0.097917
0 0.724219 0.233333 0.101562 0.095833
0 0.660937 0.250000 0.056250 0.050000
0 0.619531 0.226562 0.085938 0.073958
0 0.590625 0.259375 0.134375 0.066667
