0 0.875781 0.237963 0.216146 0.116667
0 0.855990 0.296296 0.253646 0.094444
0 0.769792 0.320833 0.172917 0.049074
0 0.727604 0.193056 0.088542 0.071296
0 0.743229 0.139352 0.043750 0.080556
0 0.801823 0.054630 0.077604 0.109259
0 0.915365 0.093519 0.155729 0.129630
0 0.974740 0.029630 0.042188 0.042593
0 0.195833 0.133796 0.206250 0.089815
0 0.276562 0.240278 0.138542 0.062037
0 0.290104 0.276852 0.135417 0.035185
0 0.352344 0.300463 0.051562 0.028704
0 0.158594 0.451852 0.103646 0.079630
0 0.236979 0.472222 0.060417 0.070370
0 0.283073 0.472685 0.038021 0.062037
0 0.314063 0.475000 0.034375 0.051852
0 0.339323 0.487963 0.033854 0.038889
0 0.366406 0.492593 0.021354 0.040741
0 0.382812 0.492130 0.016667 0.025000
0 0.401042 0.494444 0.016667 0.020370
0 0.280469 0.062037 0.152604 0.068519
0 0.265104 0.022685 0.147917 0.039815
0 0.314844 0.117130 0.109896 0.041667
0 0.374219 0.112963 0.024479 0.038889
0 0.383854 0.068981 0.036458 0.052778
0 0.388021 0.170370 0.031250 0.051852
0 0.377865 0.294444 0.063021 0.029630
0 0.390885 0.271759 0.018229 0.052778
0 0.370052 0.226389 0.034896 0.063889
0 0.657031 0.118519 0.101562 0.053704
0 0.648177 0.176389 0.113021 0.052778
0 0.631510 0.203241 0.097396 0.036111
0 0.438281 0.600926 0.017188 0.018519
0 0.424479 0.615278 0.031250 0.030556
0 0.595052 0.585185 0.055729 0.025926
