0 0.744271 0.740741 0.128125 0.077778
0 0.605729 0.656019 0.083333 0.039815
0 0.095312 0.368981 0.187500 0.212037
0 0.255990 0.407407 0.170313 0.138889
0 0.370052 0.432407 0.080729 0.092593
0 0.419792 0.448148 0.050000 0.075926
0 0.457552 0.463426 0.033854 0.056481
0 0.486198 0.465278 0.023438 0.049074
0 0.505990 0.474537 0.024479 0.049074
0 0.508594 0.326852 0.025521 0.072222
0 0.485677 0.293056 0.024479 0.056481
0 0.462760 0.275926 0.031771 0.098148
0 0.421354 0.211574 0.051042 0.121296
0 0.372656 0.143981 0.067187 0.187963
0 0.194792 0.057870 0.290625 0.110185
0 0.964323 0.181944 0.065104 0.119444
0 0.916667 0.238889 0.048958 0.081481
0 0.876563 0.273148 0.046875 0.062963
0 0.847656 0.150000 0.055729 0.074074
0 0.850781 0.204630 0.143229 0.081481
0 0.881771 0.449074 0.046875 0.062963
0 0.924479 0.437963 0.040625 0.066667
0 0.965365 0.423611 0.060937 0.067593
0 0.902604 0.374537 0.139583 0.067593
0 0.818490 0.392593 0.020313 0.066667
0 0.807031 0.406019 0.025521 0.039815
0 0.787240 0.415278 0.020313 0.043519
0 0.770312 0.418056 0.033333 0.071296
0 0.436719 0.854630 0.034896 0.077778
0 0.384375 0.925000 0.092708 0.142593
0 0.105990 0.882870 0.206771 0.213889
0 0.456250 0.080556 0.040625 0.090741
0 0.405729 0.029630 0.078125 0.053704
0 0.475000 0.135648 0.039583 0.060185
0 0.490104 0.195370 0.056250 0.074074
0 0.782552 0.137500 0.089063 0.056481
