0 0.897266 0.245833 0.200781 0.229167
0 0.775391 0.318750 0.380469 0.210417
0 0.562500 0.403125 0.296875 0.154167
0 0.366016 0.458854 0.205469 0.078125
0 0.222656 0.486979 0.118750 0.042708
0 0.138281 0.500000 0.039062 0.037500
0 0.234766 0.521354 0.041406 0.036458
0 0.311328 0.517188 0.047656 0.044792
0 0.553906 0.870833 0.303125 0.104167
0 0.723437 0.939063 0.264062 0.101042
0 0.375391 0.839063 0.085156 0.096875
0 0.320312 0.800521 0.148438 0.065625
0 0.237500 0.792708 0.070312 0.054167
0 0.179688 0.773438 0.050000 0.053125
0 0.141797 0.755729 0.025781 0.048958
0 0.091016 0.718229 0.116406 0.044792
0 0.027344 0.709375 0.023438 0.039583
0 0.010156 0.698958 0.015625 0.031250
0 0.096875 0.398438 0.153125 0.073958
0 0.103125 0.366146 0.115625 0.053125
0 0.137891 0.339062 0.144531 0.057292
0 0.158203 0.309896 0.142969 0.053125
0 0.190625 0.290625 0.164062 0.093750
0 0.230859 0.241667 0.180469 0.050000
0 0.265234 0.203125 0.189844 0.070833
0 0.345703 0.169271 0.264844 0.119792
0 0.408594 0.092708 0.278125 0.120833
0 0.173047 0.049479 0.082031 0.080208
0 0.138281 0.098958 0.082812 0.056250
0 0.124609 0.136979 0.086719 0.038542
0 0.103516 0.184375 0.075781 0.047917
0 0.078516 0.207813 0.088281 0.040625
0 0.042969 0.261458 0.076563 0.054167
0 0.053516 0.087500 0.053906 0.070833
0 0.074219 0.039062 0.059375 0.040625
0 0.392969 0.602604 0.043750 0.028125
0 0.360156 0.605729 0.037500 0.030208
0 0.328906 0.609896 0.026562 0.032292
