0 0.807422 0.167361 0.313281 0.209722
0 0.846875 0.078472 0.268750 0.134722
0 0.704688 0.298611 0.165625 0.077778
0 0.692187 0.354167 0.204687 0.105556
0 0.689063 0.840278 0.054688 0.091667
0 0.750391 0.863889 0.114844 0.133333
0 0.659766 0.812500 0.071094 0.077778
0 0.608203 0.771528 0.046094 0.065278
0 0.442578 0.737500 0.196094 0.038889
0 0.163281 0.361806 0.129688 0.109722
0 0.230859 0.415278 0.113281 0.097222
0 0.294141 0.462500 0.032031 0.041667
0 0.299609 0.461111 0.047656 0.080556
0 0.329688 0.495833 0.012500 0.030556
0 0.346094 0.515278 0.023438 0.025000
0 0.279297 0.393750 0.146094 0.234722
0 0.218359 0.218750 0.149219 0.126389
0 0.109766 0.183333 0.169531 0.130556
0 0.166797 0.100694 0.300781 0.143056
0 0.296094 0.200000 0.053125 0.047222
0 0.599219 0.148611 0.129688 0.288889
0 0.552734 0.422222 0.050781 0.066667
