0 0.890625 0.191667 0.157812 0.200000
0 0.970703 0.169444 0.049219 0.138889
0 0.840625 0.282639 0.170313 0.148611
0 0.778125 0.339583 0.150000 0.109722
0 0.740234 0.392361 0.182031 0.076389
0 0.674609 0.449306 0.152344 0.056944
0 0.609375 0.490278 0.068750 0.052778
0 0.750000 0.661111 0.059375 0.066667
0 0.813672 0.653472 0.078906 0.081944
0 0.912109 0.649306 0.122656 0.106944
0 0.695703 0.661806 0.055469 0.062500
0 0.652734 0.663889 0.039844 0.044444
0 0.630078 0.659722 0.039844 0.047222
0 0.602734 0.659028 0.025781 0.037500
0 0.570703 0.656944 0.014844 0.027778
0 0.537500 0.657639 0.023438 0.020833
0 0.525391 0.656944 0.017969 0.025000
0 0.509766 0.673611 0.014844 0.019444
0 0.446094 0.671528 0.017188 0.023611
0 0.427344 0.668750 0.025000 0.023611
0 0.407031 0.681944 0.032813 0.025000
0 0.119141 0.780556 0.149219 0.152778
0 0.039062 0.800000 0.070312 0.116667
0 0.210547 0.740972 0.057031 0.087500
0 0.242969 0.730556 0.068750 0.088889
0 0.284766 0.698611 0.033594 0.055556
0 0.305078 0.694444 0.017969 0.044444
0 0.320703 0.688889 0.017969 0.036111
0 0.335938 0.687500 0.025000 0.025000
0 0.350391 0.682639 0.013281 0.037500
0 0.341016 0.571528 0.024219 0.043056
0 0.321094 0.559028 0.039062 0.068056
0 0.217188 0.513194 0.175000 0.068056
0 0.176953 0.376389 0.183594 0.119444
0 0.181250 0.301389 0.109375 0.125000
0 0.103906 0.192361 0.176563 0.156944
0 0.225391 0.097222 0.133594 0.136111
0 0.318359 0.091667 0.071094 0.083333
0 0.306250 0.206944 0.048438 0.044444
0 0.313281 0.259722 0.051562 0.052778
0 0.342578 0.327083 0.030469 0.045833
0 0.283594 0.329167 0.042188 0.077778
0 0.305078 0.378472 0.022656 0.059722
0 0.316797 0.415972 0.024219 0.062500
0 0.331641 0.439583 0.016406 0.056944
0 0.344531 0.466667 0.015625 0.055556
0 0.657031 0.245139 0.140625 0.062500
0 0.639062 0.285417 0.131250 0.056944
0 0.607422 0.327083 0.092969 0.056944
0 0.591406 0.347917 0.090625 0.056944
0 0.576562 0.385417 0.084375 0.054167
0 0.558594 0.247222 0.048438 0.050000
0 0.547266 0.167361 0.055469 0.054167
0 0.536328 0.198611 0.052344 0.047222
0 0.573047 0.079167 0.083594 0.047222
