0 0.125781 0.625000 0.132812 0.082500
0 0.044141 0.630000 0.038281 0.042500
0 0.014453 0.622500 0.022656 0.035000
0 0.098828 0.449375 0.141406 0.061250
0 0.019531 0.464375 0.037500 0.063750
0 0.031641 0.315000 0.038281 0.060000
0 0.132812 0.272500 0.178125 0.090000
0 0.145703 0.235625 0.135156 0.073750
0 0.191016 0.216250 0.113281 0.085000
0 0.291016 0.177500 0.203906 0.082500
0 0.316016 0.081250 0.171094 0.070000
0 0.314063 0.470000 0.201563 0.112500
0 0.182422 0.493125 0.069531 0.076250
0 0.472266 0.296250 0.060156 0.062500
0 0.403125 0.310625 0.078125 0.056250
0 0.574219 0.351875 0.054688 0.053750
0 0.623437 0.338125 0.046875 0.058750
0 0.545703 0.224375 0.058594 0.066250
0 0.561719 0.103125 0.090625 0.071250
0 0.462500 0.020000 0.079687 0.035000
0 0.472656 0.100000 0.092188 0.035000
0 0.469922 0.032500 0.100781 0.035000
0 0.473047 0.055625 0.083594 0.038750
0 0.410938 0.074375 0.031250 0.038750
0 0.416016 0.131875 0.058594 0.046250
0 0.208984 0.110000 0.414844 0.220000
0 0.582031 0.485625 0.059375 0.056250
0 0.602734 0.522500 0.102344 0.145000
