0 0.578906 0.611574 0.049479 0.028704
0 0.630990 0.605093 0.047396 0.041667
0 0.742188 0.356481 0.056250 0.042593
0 0.704427 0.364815 0.016146 0.031481
0 0.690885 0.375000 0.013021 0.024074
0 0.736979 0.274074 0.061458 0.033333
0 0.703906 0.288889 0.011979 0.029630
0 0.691927 0.298148 0.009896 0.025926
0 0.681510 0.302778 0.008854 0.031481
0 0.736458 0.191204 0.058333 0.049074
0 0.700260 0.212500 0.014063 0.028704
0 0.689323 0.219907 0.009896 0.036111
0 0.679688 0.236111 0.012500 0.016667
0 0.801042 0.164815 0.060417 0.042593
0 0.805208 0.255093 0.057292 0.034259
0 0.808333 0.353241 0.054167 0.025000
0 0.925260 0.114352 0.073438 0.049074
0 0.907292 0.137963 0.066667 0.031481
0 0.920312 0.195833 0.055208 0.041667
0 0.905990 0.211111 0.070312 0.025926
0 0.919271 0.275000 0.050000 0.031481
0 0.885677 0.286111 0.016146 0.020370
0 0.882031 0.254630 0.047396 0.042593
0 0.850781 0.259722 0.013021 0.026852
0 0.889583 0.321759 0.072917 0.028704
0 0.852604 0.329630 0.010417 0.012963
0 0.928385 0.362963 0.063021 0.031481
0 0.888542 0.368519 0.017708 0.022222
0 0.857031 0.385648 0.026562 0.032407
0 0.724219 0.432407 0.026562 0.024074
0 0.696615 0.437037 0.014063 0.024074
0 0.682813 0.440741 0.010417 0.022222
0 0.671615 0.443981 0.008854 0.017593
0 0.659115 0.435648 0.011979 0.012037
0 0.659635 0.446759 0.014063 0.008333
0 0.673698 0.372685 0.013021 0.015741
0 0.662760 0.378704 0.005729 0.016667
0 0.654948 0.387037 0.007812 0.012963
0 0.655208 0.395833 0.008333 0.012037
0 0.663802 0.389352 0.006771 0.012037
0 0.672917 0.377315 0.015625 0.015741
0 0.670312 0.291667 0.014583 0.029630
0 0.660937 0.300926 0.007292 0.018519
0 0.653125 0.296759 0.011458 0.013889
0 0.653646 0.308796 0.006250 0.019444
0 0.646354 0.298148 0.009375 0.012963
0 0.636979 0.300463 0.008333 0.012037
0 0.630990 0.310648 0.006771 0.015741
0 0.636979 0.313426 0.008333 0.013889
0 0.755990 0.584259 0.072396 0.025926
0 0.805729 0.580093 0.052083 0.025000
0 0.745313 0.485185 0.065625 0.031481
0 0.707552 0.491204 0.013021 0.019444
0 0.694010 0.490741 0.009896 0.018519
0 0.685156 0.491667 0.007812 0.014815
0 0.673177 0.494907 0.008854 0.015741
0 0.665365 0.495370 0.006771 0.014815
0 0.657292 0.494907 0.005208 0.010185
0 0.707552 0.545370 0.014063 0.022222
0 0.722396 0.549074 0.016667 0.014815
0 0.696354 0.546759 0.010417 0.021296
0 0.685937 0.542130 0.008333 0.015741
0 0.673438 0.543981 0.007292 0.021296
0 0.666667 0.540741 0.008333 0.018519
0 0.659635 0.540741 0.006771 0.014815
0 0.653646 0.541667 0.005208 0.020370
0 0.645833 0.452778 0.014583 0.020370
0 0.212240 0.808333 0.214062 0.122222
0 0.034115 0.869907 0.064062 0.084259
0 0.027604 0.836111 0.055208 0.079630
0 0.028906 0.799074 0.052604 0.077778
0 0.028125 0.760185 0.056250 0.088889
0 0.031771 0.718981 0.059375 0.082407
0 0.033594 0.678241 0.055729 0.065741
0 0.030990 0.627778 0.057813 0.075926
0 0.029948 0.585648 0.055729 0.058333
0 0.026823 0.551852 0.049479 0.050000
0 0.028125 0.501389 0.048958 0.050926
0 0.029948 0.456019 0.050521 0.039815
0 0.029427 0.412963 0.056771 0.062963
0 0.028125 0.373148 0.054167 0.053704
0 0.031771 0.335185 0.061458 0.053704
0 0.026823 0.294444 0.048438 0.048148
0 0.025781 0.254630 0.044271 0.062963
0 0.028125 0.210648 0.046875 0.060185
0 0.024740 0.172222 0.040104 0.064815
0 0.028125 0.127315 0.056250 0.069444
0 0.092188 0.194444 0.100000 0.074074
0 0.093490 0.224074 0.086979 0.064815
0 0.087500 0.258796 0.079167 0.076852
0 0.089063 0.302315 0.075000 0.050926
0 0.091667 0.328704 0.080208 0.051852
0 0.090885 0.366204 0.079687 0.039815
0 0.092969 0.402778 0.088021 0.046296
0 0.086979 0.433333 0.084375 0.053704
0 0.091146 0.467130 0.079167 0.039815
0 0.095312 0.506019 0.072917 0.037963
0 0.092448 0.539352 0.081771 0.037963
0 0.091146 0.570833 0.073958 0.050926
0 0.093490 0.608796 0.083854 0.050926
0 0.094792 0.637500 0.081250 0.069444
0 0.094792 0.675000 0.082292 0.040741
0 0.096094 0.706481 0.081771 0.057407
0 0.092969 0.735648 0.075521 0.058333
0 0.095833 0.777778 0.079167 0.050000
0 0.188021 0.500463 0.108333 0.041667
0 0.242708 0.495370 0.021875 0.027778
0 0.265885 0.500926 0.029687 0.035185
0 0.283073 0.498611 0.020313 0.037963
0 0.297135 0.504630 0.017188 0.033333
0 0.563021 0.267130 0.054167 0.052778
0 0.559115 0.171296 0.048438 0.061111
0 0.502865 0.177778 0.051562 0.062963
0 0.507812 0.237963 0.061458 0.048148
0 0.563021 0.375000 0.051042 0.037037
0 0.513281 0.496759 0.060937 0.043519
0 0.207292 0.252778 0.122917 0.037037
0 0.183854 0.219907 0.146875 0.052778
0 0.164583 0.182870 0.140625 0.052778
0 0.217969 0.107407 0.099479 0.048148
0 0.275000 0.284259 0.020833 0.050000
0 0.445052 0.587500 0.036979 0.025000
0 0.154948 0.046296 0.165104 0.085185
