0 0.156641 0.143750 0.152344 0.195000
0 0.250391 0.080000 0.388281 0.157500
0 0.215234 0.205625 0.305469 0.223750
0 0.344141 0.261875 0.272656 0.161250
0 0.444922 0.286875 0.217969 0.103750
0 0.807813 0.201250 0.167187 0.117500
0 0.560156 0.081250 0.356250 0.150000
0 0.800391 0.415625 0.144531 0.098750
0 0.789062 0.785625 0.051562 0.106250
0 0.733984 0.861250 0.086719 0.210000
0 0.601562 0.925625 0.201563 0.141250
0 0.807813 0.754375 0.068750 0.091250
0 0.839453 0.706875 0.055469 0.051250
0 0.862109 0.675625 0.057031 0.051250
0 0.879687 0.421250 0.029687 0.045000
0 0.880859 0.511875 0.077344 0.033750
0 0.538281 0.509375 0.084375 0.066250
0 0.428906 0.509375 0.134375 0.093750
0 0.290625 0.483750 0.179688 0.110000
0 0.157812 0.479375 0.160938 0.096250
