0 0.909635 0.072222 0.167187 0.133333
0 0.785677 0.147222 0.080729 0.144444
0 0.719531 0.210185 0.065104 0.124074
0 0.730208 0.277778 0.230208 0.112963
0 0.605990 0.325926 0.024479 0.050000
0 0.586198 0.341204 0.021354 0.047222
0 0.602083 0.255556 0.084375 0.048148
0 0.588802 0.280556 0.091146 0.040741
0 0.567448 0.303704 0.063021 0.031481
0 0.576302 0.187500 0.086979 0.039815
0 0.574479 0.168519 0.068750 0.062963
0 0.562240 0.126389 0.027604 0.052778
0 0.627604 0.131944 0.115625 0.049074
0 0.654167 0.098148 0.136458 0.068519
0 0.665885 0.045833 0.126562 0.078704
0 0.700000 0.042593 0.128125 0.081481
0 0.225781 0.218519 0.129688 0.061111
0 0.227865 0.256481 0.131771 0.062963
0 0.215365 0.030556 0.140104 0.053704
0 0.127344 0.038889 0.073438 0.070370
0 0.231250 0.080093 0.138542 0.049074
0 0.247396 0.118056 0.125000 0.049074
0 0.593490 0.033796 0.086979 0.049074
0 0.558073 0.030556 0.093229 0.037037
0 0.572656 0.073148 0.061979 0.033333
0 0.555729 0.120833 0.080208 0.069444
