0 0.667188 0.489375 0.153125 0.078750
0 0.564844 0.493125 0.065625 0.061250
0 0.797266 0.458125 0.149219 0.076250
0 0.918750 0.430625 0.110937 0.091250
0 0.949609 0.523125 0.050781 0.073750
0 0.987891 0.567500 0.014844 0.057500
0 0.278125 0.616875 0.134375 0.133750
0 0.340234 0.483750 0.058594 0.022500
0 0.395313 0.478750 0.051562 0.032500
0 0.486328 0.530000 0.105469 0.042500
0 0.391016 0.415000 0.060156 0.040000
0 0.326953 0.421875 0.063281 0.041250
0 0.325391 0.350000 0.063281 0.035000
0 0.385156 0.343750 0.056250 0.042500
0 0.443359 0.326250 0.058594 0.025000
0 0.506250 0.310625 0.053125 0.033750
0 0.587109 0.298125 0.114844 0.051250
0 0.567969 0.371250 0.057813 0.040000
0 0.519531 0.382500 0.042188 0.030000
0 0.539453 0.443125 0.030469 0.023750
0 0.498047 0.233750 0.063281 0.055000
0 0.557813 0.211250 0.060937 0.042500
0 0.614844 0.205000 0.059375 0.050000
0 0.435937 0.253125 0.062500 0.071250
0 0.375391 0.259375 0.058594 0.071250
0 0.318750 0.268750 0.064062 0.065000
0 0.247266 0.280000 0.064844 0.065000
0 0.128125 0.291250 0.062500 0.050000
0 0.189453 0.283750 0.077344 0.050000
0 0.195703 0.383125 0.057031 0.048750
0 0.141797 0.393125 0.060156 0.038750
0 0.254688 0.367500 0.059375 0.032500
0 0.231250 0.183125 0.065625 0.051250
0 0.173437 0.191250 0.060937 0.057500
0 0.111719 0.208750 0.068750 0.062500
0 0.104688 0.120000 0.078125 0.067500
0 0.156250 0.104375 0.064062 0.063750
0 0.221094 0.092500 0.075000 0.052500
0 0.111719 0.030000 0.096875 0.057500
0 0.293750 0.073125 0.071875 0.041250
0 0.357812 0.060000 0.064062 0.037500
0 0.421484 0.056250 0.063281 0.045000
0 0.483984 0.035625 0.066406 0.041250
0 0.543359 0.030625 0.058594 0.046250
0 0.604297 0.020000 0.071094 0.027500
0 0.669922 0.031250 0.060156 0.045000
0 0.725000 0.030625 0.054688 0.048750
0 0.787109 0.023750 0.055469 0.035000
0 0.842578 0.015625 0.041406 0.018750
0 0.846875 0.086250 0.042188 0.035000
0 0.787500 0.095000 0.060937 0.055000
0 0.679688 0.123750 0.054688 0.055000
0 0.613672 0.110625 0.064844 0.041250
0 0.552344 0.128125 0.059375 0.053750
0 0.492188 0.135625 0.062500 0.033750
0 0.423047 0.149375 0.066406 0.058750
0 0.364063 0.161250 0.070312 0.045000
0 0.295703 0.167500 0.071094 0.037500
0 0.684375 0.200000 0.046875 0.037500
0 0.741016 0.180000 0.053906 0.030000
0 0.797656 0.178125 0.059375 0.033750
0 0.849219 0.163750 0.043750 0.035000
0 0.863281 0.241875 0.042188 0.048750
0 0.802734 0.257500 0.067969 0.045000
0 0.749219 0.268125 0.056250 0.038750
0 0.684375 0.278125 0.071875 0.048750
0 0.928125 0.217500 0.078125 0.050000
0 0.916016 0.160000 0.078906 0.042500
0 0.971094 0.146875 0.028125 0.058750
