0 0.472656 0.690972 0.112500 0.034722
0 0.464844 0.704167 0.040625 0.016667
0 0.587109 0.548611 0.019531 0.041667
0 0.635938 0.480556 0.037500 0.058333
0 0.673828 0.450694 0.057031 0.109722
0 0.721875 0.377083 0.075000 0.101389
0 0.773828 0.304167 0.121094 0.175000
0 0.907422 0.123611 0.122656 0.216667
0 0.672656 0.234722 0.135937 0.102778
0 0.637500 0.323611 0.104688 0.077778
0 0.742188 0.055556 0.162500 0.111111
0 0.557031 0.085417 0.053125 0.054167
0 0.563281 0.158333 0.031250 0.025000
0 0.066797 0.193750 0.125781 0.162500
0 0.117578 0.272222 0.149219 0.119444
0 0.157422 0.112500 0.083594 0.091667
0 0.102344 0.040278 0.081250 0.077778
0 0.207422 0.049306 0.080469 0.081944
0 0.237891 0.081944 0.097656 0.116667
0 0.287891 0.136806 0.105469 0.056944
0 0.320312 0.202083 0.100000 0.070833
0 0.287891 0.031944 0.074219 0.052778
0 0.278516 0.318056 0.094531 0.055556
0 0.267188 0.265278 0.075000 0.080556
0 0.207031 0.209722 0.084375 0.100000
0 0.227344 0.186111 0.026562 0.055556
0 0.158984 0.334028 0.158594 0.106944
0 0.255469 0.360417 0.045312 0.093056
0 0.285547 0.400694 0.032031 0.068056
0 0.305469 0.421528 0.042188 0.062500
0 0.322656 0.481944 0.065625 0.033333
0 0.366797 0.518750 0.033594 0.029167
0 0.387109 0.532639 0.016406 0.023611
0 0.351562 0.251389 0.064062 0.052778
0 0.568750 0.200694 0.031250 0.034722
0 0.357031 0.306250 0.071875 0.045833
