0 0.406250 0.163750 0.182812 0.077500
0 0.383984 0.218125 0.194531 0.121250
0 0.155078 0.203125 0.296094 0.146250
0 0.550391 0.226250 0.150781 0.082500
0 0.651172 0.230000 0.100781 0.065000
0 0.718750 0.225000 0.071875 0.055000
0 0.732812 0.482500 0.070312 0.075000
0 0.650391 0.522500 0.128906 0.130000
0 0.490234 0.573750 0.296094 0.162500
0 0.372266 0.691250 0.263281 0.195000
0 0.185156 0.805000 0.317188 0.272500
0 0.032031 0.900000 0.051562 0.135000
0 0.294922 0.480000 0.111719 0.077500
0 0.481641 0.419375 0.041406 0.041250
0 0.400391 0.443750 0.127344 0.062500
