0 0.886198 0.468981 0.226562 0.112037
0 0.740885 0.474537 0.076563 0.080556
0 0.683073 0.488426 0.041146 0.054630
0 0.649219 0.491667 0.032813 0.050000
0 0.621875 0.495833 0.031250 0.041667
0 0.596615 0.497685 0.022396 0.037963
0 0.580208 0.496759 0.015625 0.036111
0 0.566667 0.500463 0.012500 0.036111
0 0.558333 0.500000 0.009375 0.035185
0 0.546875 0.503241 0.017708 0.030556
0 0.532292 0.504167 0.013542 0.025000
0 0.537500 0.591204 0.008333 0.039815
0 0.546094 0.591204 0.007812 0.034259
0 0.555729 0.595370 0.009375 0.027778
0 0.567187 0.606481 0.012500 0.037037
0 0.578906 0.618519 0.021354 0.038889
0 0.603125 0.629167 0.026042 0.043519
0 0.625000 0.645370 0.028125 0.048148
0 0.656771 0.670370 0.038542 0.061111
0 0.695573 0.687963 0.043229 0.075926
0 0.744531 0.721759 0.066146 0.086111
0 0.826042 0.781944 0.095833 0.119444
0 0.098698 0.881019 0.119271 0.136111
0 0.160938 0.798611 0.105208 0.104630
0 0.223698 0.751852 0.050521 0.090741
0 0.259635 0.709722 0.027604 0.054630
0 0.304167 0.635185 0.062500 0.027778
0 0.350260 0.603704 0.019271 0.024074
0 0.131510 0.050000 0.215104 0.094444
0 0.192448 0.112037 0.144271 0.092593
0 0.212500 0.171296 0.151042 0.070370
0 0.236198 0.206481 0.127604 0.066667
0 0.271094 0.237037 0.093229 0.053704
0 0.291146 0.268981 0.071875 0.032407
0 0.317969 0.289352 0.032813 0.034259
0 0.338542 0.309259 0.012500 0.033333
0 0.361979 0.291204 0.051042 0.047222
0 0.331510 0.138889 0.059896 0.044444
0 0.330469 0.103704 0.051562 0.048148
0 0.316146 0.060185 0.073958 0.053704
0 0.882552 0.180556 0.233854 0.194444
0 0.826562 0.243519 0.246875 0.120370
0 0.735156 0.288889 0.152604 0.090741
0 0.642448 0.327778 0.036979 0.075926
0 0.611719 0.345370 0.024479 0.057407
0 0.585677 0.353241 0.030729 0.036111
0 0.582812 0.375463 0.026042 0.052778
0 0.563542 0.392593 0.012500 0.037037
0 0.554167 0.403241 0.011458 0.039815
0 0.544010 0.408796 0.010937 0.028704
0 0.534896 0.417130 0.010417 0.030556
0 0.527604 0.425926 0.008333 0.025926
0 0.521615 0.429630 0.004687 0.024074
0 0.514844 0.472685 0.013021 0.026852
0 0.523177 0.370833 0.026562 0.023148
0 0.516667 0.325000 0.022917 0.133333
0 0.560677 0.266667 0.063021 0.035185
0 0.565365 0.224074 0.038021 0.053704
0 0.572135 0.203241 0.015104 0.041667
0 0.575260 0.227315 0.020313 0.047222
0 0.590365 0.181481 0.021354 0.061111
0 0.591406 0.207870 0.027604 0.060185
0 0.655469 0.166667 0.113021 0.064815
0 0.611198 0.136574 0.025521 0.062037
0 0.673958 0.107407 0.116667 0.088889
0 0.732031 0.045833 0.159896 0.087963
0 0.925521 0.599537 0.037500 0.036111
0 0.961198 0.598611 0.045312 0.037963
0 0.516667 0.117130 0.051042 0.032407
0 0.535937 0.083333 0.021875 0.033333
0 0.557813 0.099537 0.047917 0.028704
0 0.547656 0.056019 0.029687 0.041667
0 0.569010 0.068519 0.053646 0.033333
0 0.553906 0.021296 0.017188 0.033333
0 0.583594 0.021759 0.045312 0.037963
