0 0.897656 0.426563 0.200000 0.148958
0 0.720313 0.495833 0.214062 0.158333
0 0.532422 0.532292 0.163281 0.145833
0 0.491406 0.413021 0.278125 0.103125
0 0.330078 0.436979 0.071094 0.088542
0 0.273047 0.460417 0.061719 0.075000
0 0.225000 0.464062 0.039062 0.040625
0 0.223047 0.491146 0.047656 0.059375
0 0.189844 0.492708 0.062500 0.033333
0 0.168359 0.511458 0.064844 0.033333
0 0.076563 0.556771 0.065625 0.048958
0 0.030078 0.572917 0.044531 0.070833
0 0.116016 0.402604 0.121094 0.051042
0 0.151953 0.359896 0.105469 0.065625
0 0.295703 0.239063 0.216406 0.086458
0 0.336328 0.165625 0.232031 0.122917
0 0.378906 0.110937 0.206250 0.138542
0 0.599219 0.202083 0.331250 0.195833
0 0.787109 0.133854 0.385156 0.236458
0 0.555859 0.949479 0.182031 0.098958
0 0.615234 0.713021 0.042969 0.036458
0 0.670703 0.710417 0.050781 0.041667
0 0.726172 0.725521 0.064844 0.048958
0 0.728125 0.617188 0.060937 0.044792
0 0.664062 0.619792 0.043750 0.043750
0 0.620313 0.618750 0.048438 0.037500
0 0.578906 0.613021 0.046875 0.036458
0 0.579688 0.716146 0.028125 0.051042
0 0.371875 0.575000 0.034375 0.029167
0 0.339062 0.579167 0.034375 0.029167
0 0.339453 0.613542 0.024219 0.025000
0 0.368359 0.604688 0.032031 0.019792
0 0.292187 0.582292 0.037500 0.022917
0 0.211328 0.077604 0.138281 0.080208
0 0.166406 0.161979 0.112500 0.065625
0 0.140625 0.236458 0.159375 0.077083
0 0.119141 0.280729 0.099219 0.059375
0 0.097266 0.307812 0.127344 0.059375
0 0.051172 0.236458 0.071094 0.050000
0 0.096094 0.140104 0.089063 0.048958
0 0.168359 0.025521 0.139844 0.048958
