0 0.142187 0.800625 0.282813 0.261250
0 0.312500 0.673125 0.284375 0.183750
0 0.496484 0.596875 0.103906 0.133750
0 0.582031 0.538750 0.096875 0.105000
0 0.654687 0.500625 0.065625 0.071250
0 0.706641 0.465625 0.044531 0.061250
0 0.737109 0.460000 0.052344 0.070000
0 0.770703 0.435000 0.038281 0.045000
0 0.795703 0.423750 0.027344 0.042500
0 0.815234 0.409375 0.017969 0.028750
0 0.828125 0.401875 0.023438 0.033750
0 0.912109 0.391250 0.053906 0.047500
0 0.252734 0.324375 0.391406 0.196250
0 0.487500 0.278125 0.114062 0.098750
0 0.577734 0.284375 0.080469 0.068750
0 0.639062 0.278750 0.090625 0.067500
0 0.698047 0.287500 0.057031 0.055000
0 0.735938 0.282500 0.034375 0.050000
0 0.764453 0.278125 0.041406 0.038750
0 0.796094 0.291875 0.023438 0.053750
0 0.811328 0.284375 0.017969 0.038750
0 0.821094 0.202500 0.087500 0.042500
0 0.849219 0.182500 0.010937 0.030000
0 0.841797 0.175000 0.016406 0.037500
0 0.819922 0.175000 0.021094 0.050000
0 0.807422 0.157500 0.024219 0.050000
0 0.789453 0.150625 0.027344 0.058750
0 0.757031 0.146250 0.035937 0.050000
0 0.757422 0.105000 0.033594 0.030000
0 0.692187 0.133750 0.117188 0.090000
0 0.687109 0.093125 0.047656 0.081250
0 0.550781 0.084375 0.253125 0.093750
0 0.465625 0.066875 0.282813 0.131250
0 0.388281 0.058750 0.270313 0.107500
0 0.128125 0.056250 0.250000 0.100000
0 0.816406 0.081875 0.104688 0.066250
0 0.800391 0.048125 0.094531 0.026250
0 0.823828 0.024375 0.028906 0.041250
0 0.770312 0.015000 0.073438 0.027500
