0 0.129688 0.790625 0.253125 0.256250
0 0.317969 0.659375 0.223438 0.173750
0 0.487109 0.579375 0.142969 0.143750
0 0.638281 0.483125 0.060937 0.068750
0 0.683203 0.465000 0.046094 0.062500
0 0.717578 0.443750 0.032031 0.042500
0 0.747656 0.430000 0.037500 0.042500
0 0.771875 0.411875 0.028125 0.028750
0 0.785937 0.401875 0.031250 0.031250
0 0.805078 0.392500 0.027344 0.030000
0 0.617578 0.288125 0.174219 0.073750
0 0.715234 0.276250 0.035156 0.042500
0 0.739453 0.281250 0.036719 0.050000
0 0.774219 0.279375 0.026562 0.043750
0 0.622656 0.182500 0.068750 0.087500
0 0.491406 0.196875 0.193750 0.148750
0 0.391797 0.168125 0.307031 0.161250
0 0.125000 0.101875 0.237500 0.196250
0 0.663672 0.094375 0.058594 0.066250
0 0.689063 0.116875 0.070312 0.061250
0 0.703906 0.133750 0.093750 0.072500
0 0.753125 0.151250 0.032813 0.050000
0 0.776172 0.154375 0.035156 0.033750
0 0.800000 0.163125 0.018750 0.033750
0 0.801562 0.282500 0.018750 0.037500
0 0.905078 0.360625 0.044531 0.038750
0 0.779687 0.021875 0.068750 0.031250
0 0.796875 0.056875 0.039062 0.036250
0 0.307812 0.324375 0.050000 0.036250
0 0.374219 0.317500 0.076563 0.040000
0 0.447266 0.310000 0.030469 0.025000
0 0.048047 0.342500 0.064844 0.047500
