0 0.709375 0.806944 0.104167 0.171296
0 0.059635 0.147222 0.113021 0.146296
0 0.137500 0.207870 0.090625 0.132407
0 0.146875 0.262500 0.178125 0.080556
0 0.251302 0.262037 0.047396 0.048148
0 0.248438 0.313426 0.041667 0.056481
0 0.278646 0.319444 0.048958 0.062963
0 0.310677 0.350000 0.027604 0.040741
0 0.335417 0.367130 0.036458 0.036111
0 0.330208 0.341667 0.033333 0.042593
0 0.290104 0.177315 0.103125 0.056481
0 0.239583 0.112037 0.162500 0.081481
0 0.189323 0.059722 0.172396 0.099074
0 0.307812 0.204630 0.092708 0.051852
0 0.386719 0.691667 0.096354 0.051852
0 0.546094 0.667130 0.083854 0.039815
0 0.916406 0.096296 0.166146 0.146296
0 0.882031 0.197222 0.214062 0.211111
0 0.631771 0.232870 0.109375 0.060185
0 0.746354 0.182407 0.126042 0.072222
0 0.730729 0.317130 0.135417 0.069444
0 0.654427 0.425926 0.148438 0.050000
0 0.632031 0.086111 0.116146 0.075926
0 0.603906 0.023611 0.099479 0.045370
0 0.922135 0.468519 0.054688 0.042593
0 0.915365 0.418056 0.054688 0.041667
0 0.870313 0.428704 0.041667 0.051852
0 0.871094 0.472222 0.038021 0.033333
