0 0.491016 0.652083 0.046094 0.026389
0 0.445312 0.659028 0.042188 0.029167
0 0.531641 0.648611 0.047656 0.027778
0 0.642188 0.622222 0.056250 0.025000
0 0.687500 0.618056 0.042188 0.027778
0 0.143750 0.759028 0.159375 0.073611
0 0.025000 0.133333 0.045312 0.091667
0 0.021875 0.163889 0.040625 0.088889
0 0.019531 0.200000 0.034375 0.069444
0 0.018359 0.241667 0.035156 0.066667
0 0.018359 0.269444 0.030469 0.075000
0 0.017969 0.304861 0.031250 0.076389
0 0.017969 0.336111 0.029687 0.069444
0 0.018359 0.378472 0.032031 0.065278
0 0.016016 0.411111 0.028906 0.052778
0 0.016797 0.450000 0.024219 0.047222
0 0.015625 0.489583 0.023438 0.040278
0 0.015234 0.515278 0.022656 0.030556
0 0.016406 0.545139 0.020313 0.034722
0 0.013672 0.587500 0.019531 0.041667
0 0.012500 0.621528 0.023438 0.037500
0 0.014453 0.652778 0.027344 0.047222
0 0.015234 0.690278 0.025781 0.047222
0 0.016797 0.727778 0.030469 0.038889
0 0.017188 0.763889 0.032813 0.044444
0 0.045312 0.738889 0.025000 0.030556
0 0.059375 0.718750 0.046875 0.026389
0 0.061328 0.689583 0.057031 0.031944
0 0.060156 0.656250 0.059375 0.034722
0 0.059766 0.628472 0.058594 0.023611
0 0.057813 0.597222 0.064062 0.038889
0 0.061328 0.566667 0.064844 0.038889
0 0.059766 0.532639 0.067969 0.034722
0 0.057422 0.505556 0.063281 0.033333
0 0.057422 0.475694 0.060156 0.048611
0 0.057813 0.445833 0.059375 0.044444
0 0.058984 0.415972 0.047656 0.059722
0 0.060547 0.390278 0.063281 0.052778
0 0.060156 0.359722 0.057813 0.052778
0 0.062109 0.331250 0.053906 0.056944
0 0.063672 0.305556 0.057031 0.061111
0 0.062891 0.272917 0.063281 0.068056
0 0.066406 0.249306 0.062500 0.062500
0 0.069531 0.210417 0.065625 0.062500
0 0.137891 0.136111 0.100781 0.088889
0 0.173437 0.193056 0.084375 0.080556
0 0.201953 0.238194 0.042969 0.048611
0 0.230469 0.276389 0.029687 0.063889
0 0.139453 0.241667 0.080469 0.108333
0 0.153125 0.284722 0.087500 0.069444
0 0.166406 0.313889 0.095312 0.066667
0 0.126953 0.511806 0.089844 0.045833
0 0.176172 0.515972 0.024219 0.040278
0 0.198047 0.525000 0.027344 0.033333
0 0.215234 0.538889 0.021094 0.041667
0 0.230859 0.545833 0.019531 0.030556
0 0.228906 0.679167 0.028125 0.036111
0 0.147656 0.037500 0.092188 0.066667
0 0.155859 0.077083 0.100781 0.065278
0 0.202734 0.133333 0.041406 0.050000
0 0.232031 0.067361 0.067187 0.093056
0 0.220312 0.179861 0.040625 0.065278
0 0.753516 0.375694 0.024219 0.029167
0 0.733203 0.386111 0.016406 0.019444
0 0.753516 0.320833 0.036719 0.030556
0 0.729688 0.329167 0.012500 0.022222
0 0.753516 0.256944 0.044531 0.036111
0 0.741016 0.278472 0.044531 0.031944
0 0.676953 0.281250 0.058594 0.026389
0 0.617969 0.299306 0.045312 0.031944
0 0.591797 0.311111 0.010156 0.030556
0 0.586328 0.318750 0.013281 0.026389
0 0.576953 0.332639 0.008594 0.026389
0 0.605078 0.256944 0.041406 0.025000
0 0.595703 0.267361 0.044531 0.020833
0 0.619531 0.366667 0.048438 0.050000
0 0.596094 0.377083 0.014063 0.023611
0 0.586328 0.388194 0.010156 0.026389
0 0.580469 0.394444 0.009375 0.025000
0 0.571094 0.386111 0.012500 0.025000
0 0.563281 0.390972 0.009375 0.023611
0 0.555859 0.400000 0.010156 0.027778
0 0.548047 0.400694 0.010156 0.023611
0 0.703906 0.318056 0.017188 0.025000
0 0.707812 0.368056 0.015625 0.019444
0 0.696484 0.375694 0.011719 0.018056
0 0.676562 0.359028 0.046875 0.023611
0 0.716406 0.416667 0.014063 0.016667
0 0.685547 0.428472 0.046094 0.026389
0 0.627344 0.431944 0.043750 0.033333
0 0.598437 0.441667 0.009375 0.025000
0 0.589453 0.448611 0.008594 0.022222
0 0.583203 0.452778 0.005469 0.016667
0 0.573438 0.456250 0.009375 0.015278
0 0.573047 0.465972 0.010156 0.015278
0 0.566016 0.463194 0.007031 0.012500
0 0.566406 0.470139 0.010937 0.015278
0 0.559375 0.475694 0.007812 0.006944
0 0.558594 0.466667 0.006250 0.011111
0 0.550391 0.465972 0.013281 0.015278
0 0.616016 0.499306 0.016406 0.026389
0 0.602344 0.502083 0.012500 0.020833
0 0.594531 0.506944 0.014063 0.025000
0 0.585156 0.515278 0.010937 0.019444
0 0.575391 0.517361 0.011719 0.015278
0 0.563281 0.517361 0.012500 0.015278
0 0.565625 0.522222 0.010937 0.016667
0 0.555469 0.525694 0.010937 0.012500
0 0.543359 0.536806 0.011719 0.023611
0 0.635938 0.546528 0.050000 0.026389
0 0.608594 0.550000 0.012500 0.019444
0 0.599219 0.552778 0.009375 0.013889
0 0.593359 0.557639 0.005469 0.015278
0 0.585547 0.563194 0.008594 0.015278
0 0.578125 0.562500 0.007812 0.013889
0 0.570703 0.565278 0.011719 0.019444
0 0.565234 0.563889 0.008594 0.019444
0 0.556641 0.567361 0.008594 0.012500
0 0.607031 0.602778 0.009375 0.013889
0 0.619141 0.600000 0.017969 0.016667
0 0.600391 0.603472 0.008594 0.015278
0 0.588672 0.606944 0.013281 0.019444
0 0.582422 0.604861 0.008594 0.012500
0 0.572266 0.606944 0.008594 0.013889
0 0.566016 0.602778 0.007031 0.013889
0 0.558203 0.608333 0.008594 0.011111
0 0.691406 0.488194 0.062500 0.068056
0 0.762500 0.442361 0.037500 0.023611
0 0.719922 0.521528 0.019531 0.026389
0 0.702734 0.528472 0.013281 0.023611
0 0.474609 0.447917 0.047656 0.034722
0 0.478516 0.353472 0.049219 0.034722
0 0.536328 0.401389 0.011719 0.011111
0 0.538281 0.409028 0.014063 0.015278
