0 0.397656 0.650000 0.196875 0.157500
0 0.233984 0.754375 0.257031 0.231250
0 0.042188 0.901875 0.076563 0.171250
0 0.092578 0.351250 0.121094 0.082500
0 0.207813 0.339375 0.139063 0.096250
0 0.337891 0.336250 0.121094 0.070000
0 0.450391 0.325625 0.094531 0.061250
0 0.522656 0.573750 0.112500 0.112500
0 0.596875 0.528750 0.081250 0.080000
0 0.651563 0.490625 0.051562 0.086250
0 0.688672 0.471875 0.038281 0.071250
0 0.718750 0.448125 0.034375 0.056250
0 0.742188 0.428750 0.028125 0.045000
0 0.780859 0.403750 0.017969 0.032500
0 0.798047 0.390000 0.019531 0.032500
0 0.801953 0.366875 0.041406 0.023750
0 0.764062 0.413125 0.026562 0.033750
0 0.669922 0.211875 0.149219 0.061250
0 0.754297 0.210625 0.030469 0.043750
0 0.773438 0.208750 0.021875 0.032500
0 0.408984 0.125625 0.099219 0.101250
0 0.324609 0.096250 0.100781 0.090000
0 0.182031 0.098750 0.196875 0.117500
0 0.304688 0.236875 0.071875 0.056250
0 0.363281 0.239375 0.046875 0.051250
0 0.694531 0.031250 0.142187 0.057500
0 0.767188 0.065625 0.078125 0.051250
0 0.778125 0.113125 0.053125 0.028750
0 0.810156 0.119375 0.015625 0.033750
