0 0.335547 0.831250 0.119531 0.090278
0 0.174219 0.827778 0.132812 0.086111
0 0.057031 0.822917 0.107813 0.095833
0 0.055859 0.639583 0.097656 0.098611
0 0.169922 0.640972 0.142969 0.079167
0 0.319922 0.645833 0.142969 0.075000
0 0.453125 0.644444 0.125000 0.077778
0 0.572266 0.637500 0.113281 0.069444
0 0.550000 0.795139 0.121875 0.081944
0 0.455078 0.817361 0.113281 0.093056
0 0.667188 0.762500 0.090625 0.066667
0 0.741016 0.742361 0.049219 0.068056
0 0.791406 0.725694 0.050000 0.054167
0 0.731250 0.502778 0.053125 0.055556
0 0.669141 0.497222 0.074219 0.072222
0 0.566016 0.479167 0.110156 0.083333
0 0.453516 0.468056 0.125781 0.094444
0 0.326562 0.465278 0.129688 0.088889
0 0.178125 0.452083 0.146875 0.090278
0 0.060547 0.429167 0.110156 0.091667
0 0.084766 0.263889 0.119531 0.175000
0 0.018359 0.234028 0.030469 0.115278
0 0.026953 0.063889 0.047656 0.111111
0 0.157031 0.056250 0.220312 0.112500
0 0.194922 0.268056 0.128906 0.163889
0 0.326562 0.273611 0.139063 0.155556
0 0.435547 0.293056 0.141406 0.169444
0 0.548438 0.311806 0.125000 0.168056
0 0.541016 0.163194 0.116406 0.165278
0 0.432422 0.119444 0.146094 0.150000
0 0.334766 0.077083 0.146094 0.137500
0 0.620703 0.105556 0.110156 0.113889
0 0.531641 0.036806 0.114844 0.068056
0 0.674219 0.035417 0.089063 0.056944
0 0.732812 0.072222 0.062500 0.083333
0 0.768359 0.109028 0.069531 0.070833
0 0.807813 0.149306 0.059375 0.048611
0 0.825781 0.107639 0.046875 0.048611
0 0.793750 0.067361 0.062500 0.062500
0 0.792188 0.022917 0.065625 0.040278
0 0.673438 0.140972 0.098437 0.101389
0 0.737500 0.180556 0.079687 0.094444
0 0.643750 0.201389 0.079687 0.083333
0 0.737109 0.274306 0.102344 0.118056
0 0.654297 0.345139 0.072656 0.068056
0 0.717969 0.357639 0.054688 0.073611
0 0.770703 0.386111 0.049219 0.055556
0 0.816797 0.397917 0.042969 0.062500
0 0.776563 0.507639 0.056250 0.048611
0 0.824219 0.506250 0.032813 0.045833
0 0.854297 0.510417 0.027344 0.037500
0 0.881250 0.513194 0.026562 0.043056
0 0.875781 0.425000 0.031250 0.044444
0 0.849219 0.412500 0.029687 0.030556
0 0.865234 0.332639 0.028906 0.043056
0 0.839844 0.318056 0.025000 0.044444
0 0.810156 0.298611 0.037500 0.052778
0 0.792578 0.192361 0.047656 0.054167
0 0.826172 0.220833 0.032031 0.058333
0 0.852734 0.245833 0.027344 0.044444
0 0.870313 0.215278 0.025000 0.033333
0 0.845703 0.086806 0.028906 0.054167
0 0.865234 0.114583 0.025781 0.043056
0 0.891016 0.354167 0.016406 0.027778
