0 0.870703 0.113542 0.147656 0.127083
0 0.940625 0.076042 0.109375 0.125000
0 0.789844 0.150000 0.139063 0.087500
0 0.508594 0.138542 0.282813 0.152083
0 0.259766 0.097917 0.335156 0.154167
0 0.216406 0.045833 0.285938 0.072917
0 0.315625 0.274479 0.321875 0.217708
0 0.206250 0.325521 0.237500 0.184375
0 0.161328 0.351042 0.241406 0.166667
0 0.136719 0.371875 0.271875 0.106250
0 0.307812 0.525000 0.301563 0.106250
0 0.127344 0.531250 0.065625 0.106250
0 0.079297 0.543750 0.036719 0.062500
0 0.030078 0.548958 0.049219 0.072917
0 0.130078 0.895312 0.067969 0.055208
0 0.273828 0.943750 0.227344 0.087500
0 0.875000 0.596354 0.076563 0.055208
0 0.958203 0.598437 0.083594 0.055208
0 0.955078 0.440104 0.083594 0.057292
0 0.952344 0.254688 0.095312 0.076042
0 0.864844 0.286458 0.096875 0.087500
0 0.783203 0.313021 0.114844 0.076042
0 0.764453 0.471354 0.103906 0.073958
0 0.872266 0.456250 0.119531 0.089583
0 0.693750 0.597396 0.067187 0.048958
0 0.619141 0.603646 0.099219 0.036458
0 0.571875 0.367708 0.062500 0.064583
0 0.516016 0.352604 0.058594 0.026042
0 0.522266 0.381250 0.071094 0.031250
0 0.724219 0.043750 0.142187 0.087500
0 0.100000 0.232292 0.189062 0.131250
