0 0.865625 0.337037 0.253125 0.109259
0 0.895833 0.447685 0.139583 0.097222
0 0.982031 0.435185 0.030729 0.087037
0 0.918229 0.777315 0.158333 0.156481
0 0.908073 0.849074 0.138021 0.162963
0 0.989323 0.893519 0.019271 0.088889
0 0.772656 0.699537 0.182812 0.091667
0 0.688281 0.682407 0.081771 0.088889
0 0.652083 0.649074 0.065625 0.075926
0 0.613281 0.626852 0.045312 0.053704
0 0.589323 0.618056 0.025521 0.037963
0 0.570573 0.610185 0.021354 0.035185
0 0.554688 0.609722 0.019792 0.034259
0 0.541927 0.593981 0.017188 0.021296
0 0.211198 0.806481 0.098437 0.116667
0 0.097396 0.525926 0.181250 0.083333
0 0.222396 0.512500 0.041667 0.049074
0 0.252344 0.516204 0.032813 0.045370
0 0.170833 0.249074 0.195833 0.075926
0 0.145313 0.204630 0.191667 0.077778
0 0.110937 0.123148 0.217708 0.111111
0 0.226302 0.104167 0.115104 0.065741
0 0.246354 0.149074 0.093750 0.068519
0 0.240625 0.181019 0.092708 0.091667
0 0.291667 0.250000 0.031250 0.074074
0 0.263021 0.310648 0.050000 0.058333
0 0.296875 0.340278 0.041667 0.067593
0 0.247917 0.408333 0.080208 0.068519
0 0.733854 0.095833 0.187500 0.100926
0 0.678646 0.165278 0.144792 0.043519
0 0.542448 0.085648 0.083854 0.039815
0 0.543750 0.218519 0.071875 0.031481
0 0.580208 0.149537 0.039583 0.021296
0 0.543750 0.340741 0.073958 0.035185
0 0.583594 0.343519 0.027604 0.020370
0 0.621615 0.401852 0.024479 0.035185
0 0.703125 0.391667 0.132292 0.057407
0 0.600781 0.424537 0.027604 0.036111
0 0.262240 0.058333 0.092188 0.087037
0 0.404167 0.560648 0.025000 0.010185
0 0.457292 0.556944 0.025000 0.017593
0 0.294010 0.426852 0.027604 0.046296
0 0.313802 0.446296 0.019271 0.037037
0 0.329688 0.458796 0.017708 0.034259
0 0.326042 0.342130 0.022917 0.045370
0 0.275000 0.735185 0.026042 0.066667
0 0.300260 0.695833 0.016146 0.043519
