0 0.856250 0.310937 0.039062 0.028125
0 0.916016 0.302604 0.080469 0.048958
0 0.942969 0.361979 0.045312 0.036458
0 0.898047 0.371875 0.041406 0.033333
0 0.863281 0.383854 0.068750 0.040625
0 0.858984 0.447917 0.044531 0.027083
0 0.905859 0.446875 0.047656 0.035417
0 0.953125 0.440104 0.057813 0.032292
0 0.905859 0.523958 0.053906 0.025000
0 0.861328 0.528125 0.046094 0.025000
0 0.861719 0.604688 0.050000 0.019792
0 0.938281 0.601562 0.093750 0.032292
0 0.807813 0.508854 0.079687 0.028125
0 0.795312 0.518229 0.056250 0.013542
0 0.796094 0.528125 0.057813 0.010417
0 0.741016 0.514583 0.047656 0.016667
0 0.739844 0.526042 0.046875 0.010417
0 0.741016 0.537500 0.047656 0.012500
0 0.737891 0.545833 0.042969 0.006250
0 0.740625 0.558333 0.037500 0.018750
0 0.744922 0.571875 0.025781 0.010417
0 0.803906 0.592187 0.021875 0.009375
0 0.801953 0.601042 0.017969 0.008333
0 0.801172 0.613542 0.019531 0.016667
0 0.524609 0.693229 0.039844 0.021875
0 0.498828 0.687500 0.022656 0.016667
0 0.586719 0.698958 0.034375 0.031250
0 0.848828 0.093750 0.288281 0.181250
