0 0.237891 0.777500 0.460156 0.290000
0 0.061328 0.837500 0.119531 0.227500
0 0.240234 0.232500 0.464844 0.382500
0 0.076953 0.119375 0.146094 0.231250
0 0.447656 0.328750 0.370312 0.260000
0 0.644922 0.354375 0.139844 0.128750
0 0.818750 0.437500 0.028125 0.067500
0 0.730859 0.391875 0.078906 0.091250
0 0.776172 0.418750 0.052344 0.077500
0 0.835547 0.446250 0.025781 0.072500
0 0.856250 0.450000 0.034375 0.057500
0 0.879687 0.463125 0.029687 0.053750
0 0.795312 0.601875 0.056250 0.088750
0 0.737500 0.624375 0.065625 0.086250
0 0.660547 0.641875 0.117969 0.126250
0 0.504297 0.690000 0.222656 0.192500
0 0.616797 0.912500 0.225781 0.155000
0 0.694531 0.832500 0.128125 0.100000
0 0.755469 0.783750 0.118750 0.097500
0 0.823828 0.755000 0.060156 0.080000
0 0.978906 0.638125 0.040625 0.038750
0 0.857812 0.373125 0.106250 0.031250
0 0.882031 0.350625 0.014063 0.033750
0 0.872656 0.340000 0.020313 0.050000
0 0.819922 0.317500 0.094531 0.057500
0 0.841406 0.271250 0.034375 0.087500
0 0.760547 0.260000 0.171094 0.077500
0 0.703516 0.165625 0.205469 0.098750
0 0.608594 0.085625 0.284375 0.161250
0 0.756641 0.069375 0.152344 0.091250
0 0.801172 0.168125 0.111719 0.088750
0 0.821484 0.210000 0.105469 0.067500
0 0.861328 0.253125 0.078906 0.061250
