0 0.746615 0.446296 0.063021 0.116667
0 0.889062 0.424537 0.215625 0.115741
0 0.707552 0.445833 0.044271 0.075000
0 0.669010 0.458796 0.032813 0.054630
0 0.639583 0.465278 0.026042 0.049074
0 0.704427 0.233796 0.166146 0.065741
0 0.667969 0.277315 0.145313 0.069444
0 0.739323 0.109259 0.151562 0.105556
0 0.654427 0.084722 0.113021 0.071296
0 0.690104 0.031944 0.160417 0.060185
0 0.586458 0.195370 0.027083 0.050000
0 0.582552 0.104167 0.029687 0.054630
0 0.582031 0.125463 0.020313 0.049074
0 0.584635 0.085185 0.024479 0.033333
0 0.093490 0.074537 0.180729 0.099074
0 0.097396 0.275000 0.188542 0.125926
0 0.217708 0.305093 0.055208 0.086111
0 0.262240 0.339352 0.035937 0.062037
0 0.210938 0.148148 0.070833 0.107407
0 0.247135 0.201389 0.068229 0.082407
0 0.282292 0.213889 0.089583 0.055556
0 0.337240 0.251852 0.018229 0.044444
0 0.282813 0.339352 0.064583 0.052778
0 0.320573 0.357870 0.027604 0.050926
0 0.334115 0.369444 0.039062 0.042593
0 0.358073 0.392130 0.032813 0.045370
0 0.382812 0.408796 0.020833 0.034259
0 0.472656 0.586111 0.034896 0.020370
0 0.322135 0.035648 0.077604 0.052778
0 0.226302 0.035185 0.106771 0.068519
0 0.310677 0.152315 0.090104 0.080556
0 0.359375 0.134259 0.058333 0.040741
0 0.372396 0.275000 0.052083 0.044444
0 0.612240 0.476389 0.022396 0.028704
0 0.595833 0.478704 0.019792 0.029630
0 0.479948 0.574074 0.107813 0.029630
