0 0.879687 0.136574 0.233333 0.128704
0 0.836198 0.212500 0.244271 0.102778
0 0.700781 0.262963 0.034896 0.085185
0 0.666146 0.300926 0.034375 0.059259
0 0.707552 0.138889 0.117188 0.064815
0 0.740625 0.089352 0.146875 0.125000
0 0.755469 0.027315 0.113021 0.037963
0 0.226823 0.049537 0.103646 0.095370
0 0.127604 0.078704 0.098958 0.153704
0 0.054688 0.026852 0.051042 0.050000
0 0.210156 0.180093 0.068229 0.102778
0 0.258854 0.237037 0.047917 0.087037
0 0.288021 0.276852 0.051042 0.075926
0 0.320573 0.316667 0.036979 0.057407
0 0.274219 0.167130 0.113021 0.052778
0 0.252865 0.112963 0.125521 0.070370
0 0.298698 0.049537 0.068229 0.091667
