0 0.463672 0.719375 0.139844 0.161250
0 0.569922 0.641250 0.097656 0.107500
0 0.646875 0.590625 0.065625 0.088750
0 0.689063 0.538750 0.042188 0.052500
0 0.724219 0.518125 0.045312 0.053750
0 0.761719 0.496250 0.051562 0.055000
0 0.785937 0.470000 0.037500 0.052500
0 0.265234 0.871875 0.294531 0.228750
0 0.092578 0.933125 0.174219 0.113750
0 0.340625 0.099375 0.335938 0.173750
0 0.487500 0.130625 0.220312 0.166250
0 0.593750 0.151875 0.134375 0.148750
0 0.676172 0.155625 0.075781 0.093750
0 0.719531 0.170000 0.046875 0.072500
0 0.754687 0.176875 0.048438 0.056250
0 0.784766 0.182500 0.022656 0.057500
0 0.805469 0.198125 0.020313 0.041250
0 0.826172 0.196250 0.017969 0.047500
0 0.850781 0.216250 0.031250 0.032500
0 0.771484 0.045000 0.102344 0.057500
0 0.798047 0.018750 0.033594 0.030000
0 0.827344 0.028125 0.028125 0.041250
0 0.937891 0.353750 0.038281 0.030000
0 0.914453 0.349375 0.028906 0.031250
0 0.976172 0.340000 0.041406 0.037500
0 0.836328 0.070000 0.086719 0.070000
