0 0.736719 0.742361 0.054688 0.056944
0 0.700391 0.739583 0.044531 0.051389
0 0.651953 0.733333 0.064844 0.041667
0 0.615625 0.718750 0.032813 0.040278
0 0.591797 0.713889 0.027344 0.050000
0 0.565234 0.706250 0.025781 0.029167
0 0.548047 0.697917 0.011719 0.034722
0 0.534766 0.690972 0.016406 0.029167
0 0.514062 0.690278 0.020313 0.036111
0 0.496875 0.681250 0.015625 0.031944
0 0.519922 0.514583 0.021094 0.029167
0 0.534766 0.502083 0.022656 0.043056
0 0.551172 0.485417 0.030469 0.051389
0 0.571875 0.461806 0.035937 0.062500
0 0.595313 0.429861 0.031250 0.062500
0 0.658984 0.400000 0.097656 0.077778
0 0.726953 0.349306 0.163281 0.076389
0 0.769531 0.284028 0.137500 0.090278
0 0.868359 0.208333 0.216406 0.180556
0 0.025391 0.790972 0.047656 0.134722
0 0.085938 0.761806 0.131250 0.112500
0 0.131641 0.688889 0.150781 0.088889
0 0.174219 0.752778 0.065625 0.080556
0 0.210156 0.727083 0.050000 0.070833
0 0.244141 0.702083 0.035156 0.051389
0 0.263281 0.693750 0.026562 0.051389
0 0.280859 0.693056 0.016406 0.038889
0 0.143359 0.377083 0.174219 0.115278
0 0.184766 0.406250 0.175781 0.095833
0 0.144141 0.454861 0.083594 0.056944
0 0.192578 0.480556 0.032031 0.041667
0 0.098437 0.193750 0.181250 0.243056
0 0.056250 0.068056 0.107813 0.122222
0 0.197266 0.060417 0.135156 0.104167
0 0.228125 0.164583 0.104688 0.120833
0 0.300391 0.340278 0.063281 0.041667
0 0.328125 0.287500 0.025000 0.044444
0 0.297266 0.436111 0.063281 0.033333
0 0.309375 0.380556 0.051562 0.030556
0 0.291406 0.547222 0.067187 0.047222
0 0.310937 0.629861 0.062500 0.156944
0 0.301563 0.681944 0.015625 0.027778
0 0.315625 0.676389 0.018750 0.027778
0 0.755859 0.056250 0.161719 0.098611
0 0.732422 0.122222 0.191406 0.113889
0 0.673828 0.193056 0.147656 0.108333
0 0.652734 0.252778 0.155469 0.075000
0 0.618359 0.290972 0.139844 0.070833
0 0.553125 0.271528 0.043750 0.056944
0 0.563672 0.197917 0.069531 0.054167
0 0.535156 0.233333 0.050000 0.050000
0 0.578906 0.142361 0.081250 0.087500
0 0.596094 0.086111 0.073438 0.077778
0 0.613281 0.027778 0.084375 0.038889
0 0.502734 0.022222 0.030469 0.036111
0 0.514062 0.043056 0.039062 0.044444
0 0.561328 0.019444 0.052344 0.033333
0 0.545312 0.068750 0.068750 0.073611
0 0.542188 0.134028 0.079687 0.081944
0 0.531641 0.166667 0.057031 0.050000
0 0.516016 0.212500 0.013281 0.052778
0 0.499219 0.195139 0.014063 0.051389
0 0.484766 0.223611 0.017969 0.041667
0 0.498047 0.256250 0.022656 0.040278
0 0.517969 0.297917 0.053125 0.029167
0 0.497266 0.327778 0.024219 0.022222
0 0.510938 0.361806 0.034375 0.031944
0 0.493750 0.384028 0.018750 0.026389
0 0.483984 0.305556 0.019531 0.027778
0 0.574219 0.356250 0.078125 0.043056
0 0.567578 0.382639 0.103906 0.051389
0 0.540234 0.413194 0.061719 0.023611
0 0.508984 0.413889 0.017969 0.038889
0 0.494922 0.427778 0.010156 0.036111
0 0.507422 0.438889 0.052344 0.022222
0 0.478906 0.402083 0.010937 0.018056
0 0.518750 0.465278 0.040625 0.027778
0 0.499219 0.479167 0.018750 0.013889
0 0.494922 0.536806 0.016406 0.029167
0 0.483984 0.685417 0.014844 0.020833
0 0.470313 0.675694 0.014063 0.012500
0 0.461328 0.670833 0.011719 0.025000
