0 0.460547 0.661111 0.025781 0.011111
0 0.460156 0.668056 0.026562 0.008333
0 0.460547 0.675694 0.025781 0.009722
0 0.460938 0.683333 0.026562 0.011111
0 0.460938 0.690972 0.028125 0.006944
0 0.462500 0.697222 0.026562 0.011111
0 0.463281 0.704167 0.025000 0.011111
0 0.464844 0.713194 0.026562 0.009722
0 0.464062 0.718750 0.023438 0.012500
0 0.465625 0.727083 0.026562 0.006944
0 0.462500 0.732639 0.026562 0.012500
0 0.464844 0.740278 0.021875 0.008333
0 0.463672 0.747917 0.025781 0.009722
0 0.463672 0.754861 0.025781 0.009722
0 0.463281 0.763194 0.026562 0.009722
0 0.463281 0.770833 0.026562 0.011111
0 0.465234 0.782639 0.027344 0.009722
0 0.464062 0.790972 0.028125 0.009722
0 0.464062 0.800000 0.025000 0.008333
