0 0.258203 0.278472 0.038281 0.084722
0 0.214062 0.202778 0.060937 0.122222
0 0.150781 0.081250 0.070312 0.140278
0 0.080078 0.033333 0.069531 0.061111
0 0.260156 0.121528 0.050000 0.106944
0 0.316406 0.377778 0.025000 0.058333
0 0.285547 0.328472 0.036719 0.065278
0 0.305859 0.331944 0.075781 0.216667
0 0.286328 0.204167 0.050781 0.075000
0 0.711719 0.149306 0.093750 0.093056
0 0.677734 0.225000 0.083594 0.086111
0 0.658984 0.284028 0.092969 0.084722
0 0.662109 0.110417 0.121094 0.079167
0 0.671094 0.033333 0.115625 0.058333
0 0.642969 0.169444 0.107813 0.075000
0 0.440625 0.667361 0.032813 0.015278
0 0.489844 0.663889 0.035937 0.013889
