0 0.507422 0.589375 0.102344 0.151250
0 0.353516 0.659375 0.232031 0.208750
0 0.164453 0.788125 0.324219 0.263750
0 0.035937 0.891875 0.060937 0.156250
0 0.057813 0.051875 0.114062 0.091250
0 0.169531 0.080000 0.148438 0.115000
0 0.291406 0.103750 0.117188 0.105000
0 0.633594 0.197500 0.160938 0.072500
0 0.717187 0.191875 0.046875 0.038750
0 0.751172 0.198750 0.041406 0.052500
0 0.776563 0.219375 0.042188 0.041250
0 0.754297 0.286250 0.102344 0.055000
0 0.701953 0.289375 0.021094 0.036250
0 0.685937 0.292500 0.015625 0.035000
0 0.632812 0.296250 0.089063 0.027500
0 0.600000 0.263750 0.070312 0.050000
0 0.497266 0.244375 0.077344 0.063750
0 0.317188 0.339375 0.106250 0.086250
0 0.210547 0.329375 0.110156 0.101250
0 0.070312 0.355625 0.131250 0.146250
0 0.575781 0.530625 0.093750 0.101250
0 0.637500 0.496250 0.062500 0.082500
0 0.682813 0.463750 0.048438 0.062500
0 0.715234 0.448125 0.042969 0.058750
0 0.730859 0.430000 0.042969 0.047500
0 0.759375 0.417500 0.020313 0.045000
0 0.777344 0.404375 0.021875 0.048750
0 0.792578 0.367500 0.036719 0.030000
0 0.734766 0.038750 0.097656 0.057500
0 0.762500 0.097500 0.059375 0.035000
0 0.792969 0.105625 0.028125 0.036250
0 0.808594 0.284375 0.018750 0.053750
