0 0.932813 0.361250 0.051562 0.030000
0 0.880469 0.364375 0.065625 0.036250
0 0.124609 0.916250 0.238281 0.165000
0 0.301172 0.813125 0.214844 0.183750
0 0.449219 0.715625 0.129688 0.151250
0 0.546094 0.623750 0.060937 0.080000
0 0.592969 0.596875 0.082812 0.086250
0 0.650000 0.550000 0.075000 0.072500
0 0.696875 0.510000 0.053125 0.060000
0 0.184766 0.113750 0.355469 0.220000
0 0.113672 0.082500 0.210156 0.162500
0 0.370312 0.142500 0.234375 0.225000
0 0.522266 0.137500 0.121094 0.095000
0 0.553125 0.172500 0.154688 0.110000
0 0.639844 0.175625 0.067187 0.083750
0 0.679297 0.185625 0.038281 0.061250
0 0.712500 0.194375 0.050000 0.048750
0 0.737500 0.208750 0.043750 0.060000
0 0.775781 0.215625 0.040625 0.043750
0 0.776953 0.453125 0.024219 0.031250
0 0.812500 0.419375 0.031250 0.036250
0 0.670312 0.033750 0.146875 0.065000
0 0.749219 0.021250 0.037500 0.037500
0 0.746875 0.048125 0.081250 0.076250
0 0.778125 0.066875 0.068750 0.056250
