0 0.952344 0.085648 0.065104 0.056481
0 0.989583 0.054630 0.019792 0.042593
0 0.902865 0.027778 0.077604 0.048148
0 0.886458 0.056944 0.122917 0.060185
0 0.839063 0.085185 0.112500 0.068519
0 0.801302 0.172685 0.047396 0.037963
0 0.858594 0.163889 0.073438 0.061111
0 0.887760 0.127778 0.071354 0.048148
0 0.944792 0.210648 0.062500 0.056481
0 0.988542 0.191667 0.021875 0.055556
0 0.882812 0.237037 0.051042 0.059259
0 0.839323 0.252315 0.045312 0.056481
0 0.804427 0.275463 0.052604 0.039815
0 0.766146 0.345370 0.051042 0.031481
0 0.755729 0.360648 0.030208 0.019444
0 0.757552 0.381481 0.026562 0.022222
0 0.723958 0.357407 0.046875 0.024074
0 0.721615 0.373148 0.042188 0.007407
0 0.730208 0.385648 0.025000 0.017593
0 0.757292 0.456481 0.029167 0.011111
0 0.758594 0.471296 0.031771 0.018519
0 0.757812 0.486111 0.033333 0.011111
0 0.757812 0.501389 0.026042 0.017593
0 0.755729 0.516204 0.030208 0.015741
0 0.756250 0.529630 0.031250 0.011111
0 0.802604 0.467593 0.041667 0.031481
0 0.843490 0.456481 0.043229 0.035185
0 0.888021 0.458333 0.054167 0.031481
0 0.951562 0.450926 0.063542 0.031481
0 0.992448 0.450000 0.014063 0.033333
0 0.987500 0.326389 0.022917 0.045370
0 0.954167 0.338889 0.061458 0.029630
0 0.891927 0.342593 0.055729 0.038889
0 0.842969 0.355556 0.039062 0.031481
0 0.806771 0.361111 0.037500 0.031481
0 0.955990 0.542130 0.060937 0.043519
0 0.992969 0.547222 0.013021 0.040741
0 0.967448 0.631944 0.056771 0.039815
0 0.336198 0.674074 0.065104 0.051852
0 0.128906 0.562500 0.108854 0.025000
0 0.658594 0.825463 0.070312 0.093519
0 0.728906 0.873611 0.116146 0.125000
0 0.867188 0.900000 0.250000 0.183333
0 0.477083 0.518981 0.030208 0.015741
0 0.477083 0.530093 0.030208 0.006481
0 0.477083 0.537037 0.030208 0.007407
0 0.476042 0.544444 0.028125 0.007407
0 0.478125 0.551852 0.023958 0.007407
0 0.477344 0.558333 0.022396 0.005556
0 0.522135 0.555556 0.024479 0.016667
