0 0.951042 0.277778 0.095833 0.138889
0 0.861198 0.335648 0.093229 0.091667
0 0.784896 0.356944 0.059375 0.080556
0 0.739844 0.382407 0.042188 0.064815
0 0.702604 0.400463 0.039583 0.045370
0 0.668229 0.412037 0.029167 0.040741
0 0.650000 0.418981 0.020833 0.045370
0 0.635677 0.429630 0.024479 0.048148
0 0.622135 0.371759 0.031771 0.037963
0 0.661198 0.303704 0.085938 0.038889
0 0.691667 0.284722 0.127083 0.049074
0 0.713281 0.255556 0.126562 0.050000
0 0.759375 0.195370 0.175000 0.077778
0 0.788281 0.144907 0.161979 0.071296
0 0.844010 0.084722 0.188021 0.115741
0 0.857812 0.028704 0.084375 0.050000
0 0.705729 0.091204 0.144792 0.052778
0 0.709115 0.051852 0.121354 0.077778
0 0.679427 0.144907 0.068229 0.073148
0 0.637240 0.043519 0.044271 0.038889
0 0.646875 0.012500 0.050000 0.019444
0 0.612240 0.104167 0.026562 0.043519
0 0.620313 0.238426 0.035417 0.036111
0 0.614323 0.300000 0.020313 0.040741
0 0.605208 0.617593 0.015625 0.027778
0 0.620052 0.628241 0.021354 0.034259
0 0.640885 0.634722 0.020313 0.039815
0 0.659115 0.645833 0.028646 0.049074
0 0.677344 0.670370 0.021354 0.035185
0 0.727604 0.693519 0.064583 0.059259
0 0.754167 0.714352 0.056250 0.054630
0 0.860938 0.764352 0.204167 0.099074
0 0.919792 0.823611 0.151042 0.123148
0 0.967969 0.881481 0.063021 0.092593
0 0.172917 0.812037 0.245833 0.151852
0 0.245573 0.879167 0.097396 0.145370
0 0.136458 0.937037 0.246875 0.107407
0 0.281510 0.797222 0.081771 0.127778
0 0.323698 0.728704 0.051562 0.077778
0 0.344271 0.691204 0.045833 0.052778
0 0.146875 0.523148 0.109375 0.031481
0 0.214323 0.514352 0.027604 0.023148
0 0.242448 0.513889 0.026562 0.022222
0 0.122135 0.236111 0.226562 0.279630
0 0.056771 0.118519 0.110417 0.192593
0 0.213542 0.355093 0.213542 0.125000
0 0.276302 0.387963 0.139063 0.070370
0 0.252604 0.041667 0.177083 0.075926
0 0.639583 0.160648 0.076042 0.034259
0 0.627083 0.198148 0.082292 0.040741
0 0.611719 0.224537 0.048438 0.043519
0 0.605208 0.262037 0.035417 0.027778
0 0.591667 0.283333 0.025000 0.027778
0 0.599740 0.310185 0.024479 0.025926
0 0.603906 0.445370 0.044271 0.035185
0 0.597135 0.377315 0.019271 0.043519
0 0.613542 0.062500 0.055208 0.050926
