0 0.800521 0.649074 0.137500 0.114815
0 0.866667 0.692593 0.133333 0.155556
0 0.962500 0.742593 0.059375 0.124074
0 0.958333 0.370833 0.073958 0.125000
0 0.867448 0.404630 0.136979 0.150000
0 0.778125 0.431944 0.086458 0.089815
0 0.709635 0.439815 0.044271 0.074074
0 0.670312 0.452778 0.034375 0.070370
0 0.643490 0.454167 0.032813 0.045370
0 0.617708 0.549537 0.038542 0.019444
0 0.620313 0.571296 0.043750 0.024074
0 0.601302 0.596759 0.059896 0.021296
0 0.596615 0.618519 0.050521 0.022222
0 0.536719 0.611111 0.053646 0.046296
0 0.623437 0.512500 0.034375 0.026852
0 0.617188 0.500926 0.033333 0.020370
0 0.619010 0.479167 0.029687 0.023148
0 0.619792 0.456944 0.031250 0.021296
0 0.613802 0.440741 0.033854 0.027778
0 0.618229 0.335648 0.025000 0.030556
0 0.618490 0.319907 0.030729 0.028704
0 0.619271 0.296296 0.030208 0.033333
0 0.618229 0.281481 0.030208 0.035185
0 0.627604 0.251389 0.044792 0.032407
0 0.632292 0.231944 0.046875 0.034259
0 0.673698 0.285185 0.095312 0.074074
0 0.663281 0.245370 0.032813 0.057407
0 0.712240 0.198148 0.072396 0.094444
0 0.708854 0.118981 0.164583 0.089815
0 0.695052 0.047222 0.115104 0.088889
0 0.771615 0.144907 0.081771 0.128704
0 0.853646 0.065741 0.140625 0.111111
0 0.831771 0.868056 0.091667 0.119444
0 0.901823 0.951852 0.145313 0.087037
