0 0.132422 0.131250 0.146094 0.106944
0 0.227344 0.212500 0.045312 0.086111
0 0.121875 0.283333 0.156250 0.105556
0 0.210938 0.348611 0.073438 0.086111
0 0.258203 0.395139 0.060156 0.068056
0 0.296875 0.411806 0.039062 0.054167
0 0.322656 0.439583 0.028125 0.043056
0 0.347266 0.462500 0.032031 0.055556
0 0.308203 0.361806 0.091406 0.048611
0 0.316406 0.314583 0.042188 0.076389
0 0.264453 0.261806 0.067969 0.118056
0 0.245703 0.131250 0.091406 0.098611
0 0.215625 0.045139 0.132812 0.087500
0 0.287500 0.023611 0.043750 0.041667
0 0.321484 0.045833 0.047656 0.058333
0 0.308594 0.081250 0.068750 0.068056
0 0.323047 0.184028 0.097656 0.065278
0 0.330469 0.235417 0.123438 0.056944
0 0.377344 0.290278 0.068750 0.047222
0 0.640234 0.112500 0.094531 0.119444
0 0.699609 0.140972 0.103906 0.154167
0 0.825391 0.283333 0.139844 0.191667
0 0.730078 0.400694 0.066406 0.131944
0 0.755859 0.452083 0.171094 0.098611
0 0.657031 0.486111 0.032813 0.077778
0 0.632422 0.510417 0.024219 0.048611
0 0.603516 0.550694 0.013281 0.034722
0 0.592578 0.563194 0.007031 0.045833
0 0.482422 0.706944 0.039844 0.025000
0 0.483203 0.693750 0.103906 0.023611
0 0.394922 0.529861 0.019531 0.026389
0 0.562109 0.033333 0.028906 0.050000
0 0.653906 0.295833 0.100000 0.094444
0 0.625391 0.356944 0.080469 0.061111
0 0.563672 0.127083 0.049219 0.054167
0 0.567187 0.214583 0.021875 0.026389
