0 0.519531 0.436979 0.062500 0.061458
0 0.473047 0.446354 0.049219 0.053125
0 0.427344 0.458333 0.054688 0.041667
0 0.434375 0.496875 0.120313 0.035417
0 0.451562 0.622917 0.146875 0.037500
0 0.365625 0.615104 0.032813 0.032292
0 0.340625 0.614062 0.023438 0.038542
0 0.324609 0.637500 0.032031 0.022917
0 0.319531 0.756250 0.018750 0.035417
0 0.305859 0.745313 0.033594 0.023958
0 0.339453 0.755729 0.022656 0.036458
0 0.362500 0.762500 0.023438 0.054167
0 0.446484 0.785417 0.136719 0.062500
0 0.517188 0.690104 0.060937 0.048958
0 0.657422 0.697396 0.214844 0.061458
0 0.445703 0.208333 0.141406 0.077083
0 0.439844 0.223438 0.164062 0.057292
0 0.396094 0.256250 0.140625 0.058333
0 0.294922 0.328125 0.039844 0.041667
0 0.358984 0.293750 0.114844 0.043750
0 0.370703 0.401042 0.042969 0.031250
0 0.423047 0.388542 0.086719 0.037500
0 0.366797 0.421875 0.072656 0.047917
0 0.325000 0.406250 0.034375 0.020833
0 0.340234 0.506250 0.025781 0.031250
0 0.364063 0.502083 0.028125 0.022917
0 0.317969 0.519271 0.018750 0.032292
0 0.315625 0.421354 0.053125 0.044792
0 0.282422 0.425521 0.022656 0.028125
0 0.302344 0.521354 0.021875 0.030208
0 0.283594 0.525000 0.020313 0.027083
