0 0.948958 0.340278 0.095833 0.171296
0 0.849219 0.383333 0.131771 0.138889
0 0.751302 0.418519 0.076563 0.100000
0 0.694271 0.437037 0.044792 0.077778
0 0.657031 0.449074 0.042188 0.070370
0 0.630208 0.515741 0.032292 0.018519
0 0.629167 0.499537 0.027083 0.021296
0 0.631510 0.474074 0.035937 0.025926
0 0.626042 0.454630 0.039583 0.044444
0 0.629167 0.432870 0.033333 0.019444
0 0.627604 0.406481 0.031250 0.029630
0 0.628646 0.384259 0.029167 0.033333
0 0.635417 0.347685 0.026042 0.030556
0 0.628646 0.331944 0.014583 0.023148
0 0.636198 0.312963 0.011979 0.024074
0 0.619010 0.295370 0.036979 0.033333
0 0.627604 0.266204 0.017708 0.028704
0 0.721094 0.245833 0.152604 0.091667
0 0.744531 0.184259 0.158854 0.116667
0 0.772135 0.097222 0.149479 0.137037
0 0.886719 0.719907 0.185938 0.165741
0 0.953125 0.788426 0.090625 0.169444
0 0.893229 0.963889 0.108333 0.064815
0 0.495573 0.563426 0.026562 0.013889
0 0.493229 0.553704 0.027083 0.007407
0 0.493750 0.544444 0.026042 0.011111
0 0.637760 0.580556 0.034896 0.029630
