0 0.897656 0.851250 0.114062 0.115000
0 0.793359 0.841875 0.092969 0.061250
0 0.708984 0.825000 0.117969 0.095000
0 0.549219 0.630625 0.109375 0.058750
0 0.566406 0.529375 0.095312 0.061250
0 0.491016 0.537500 0.064844 0.047500
0 0.437500 0.543750 0.060937 0.042500
0 0.369531 0.416875 0.064062 0.038750
0 0.426953 0.405625 0.049219 0.061250
0 0.482422 0.393750 0.061719 0.037500
0 0.561719 0.385000 0.096875 0.055000
0 0.516406 0.250625 0.109375 0.056250
0 0.396875 0.278125 0.068750 0.058750
0 0.278516 0.293750 0.199219 0.090000
0 0.128516 0.218750 0.246094 0.110000
0 0.155078 0.558125 0.230469 0.113750
0 0.063672 0.567500 0.122656 0.077500
0 0.399219 0.167500 0.104688 0.050000
0 0.512891 0.123125 0.111719 0.073750
0 0.398438 0.025000 0.123438 0.042500
0 0.229297 0.036875 0.092969 0.056250
0 0.171875 0.056875 0.046875 0.038750
0 0.317969 0.053125 0.096875 0.023750
0 0.314844 0.078750 0.096875 0.032500
0 0.307031 0.101875 0.121875 0.046250
0 0.310547 0.161250 0.141406 0.055000
0 0.068750 0.416250 0.065625 0.045000
0 0.221484 0.380625 0.049219 0.031250
0 0.263672 0.368125 0.036719 0.053750
0 0.322656 0.351875 0.075000 0.021250
