0 0.903906 0.141667 0.189062 0.255556
0 0.609375 0.213889 0.081250 0.086111
0 0.580859 0.275694 0.057031 0.068056
0 0.539844 0.136111 0.025000 0.055556
0 0.203516 0.098611 0.092969 0.097222
0 0.162500 0.252778 0.085938 0.155556
0 0.075000 0.129861 0.103125 0.206944
0 0.201563 0.382639 0.115625 0.065278
0 0.270703 0.439583 0.047656 0.051389
0 0.293750 0.452083 0.034375 0.040278
0 0.386328 0.722917 0.067969 0.045833
0 0.634375 0.565972 0.131250 0.043056
0 0.633594 0.605556 0.103125 0.052778
0 0.625000 0.639583 0.131250 0.045833
0 0.582031 0.665972 0.018750 0.040278
0 0.630859 0.663889 0.082031 0.044444
0 0.641797 0.688194 0.122656 0.034722
0 0.625000 0.718750 0.092188 0.037500
0 0.644141 0.750000 0.103906 0.038889
0 0.570312 0.719444 0.029687 0.055556
0 0.401953 0.695139 0.192969 0.059722
