0 0.920312 0.791667 0.154688 0.137500
0 0.726562 0.781250 0.198437 0.127083
0 0.910937 0.441667 0.167187 0.110417
0 0.721484 0.465625 0.192969 0.110417
0 0.711328 0.121875 0.175781 0.131250
0 0.887109 0.090104 0.161719 0.094792
0 0.539453 0.495833 0.117969 0.072917
0 0.543359 0.197917 0.119531 0.127083
0 0.472656 0.265104 0.167187 0.094792
0 0.433203 0.523958 0.089844 0.062500
0 0.350000 0.538021 0.073438 0.057292
0 0.359375 0.303646 0.059375 0.071875
0 0.392188 0.110937 0.112500 0.115625
0 0.467578 0.080729 0.144531 0.073958
