0 0.739844 0.465104 0.254688 0.111458
0 0.930469 0.433854 0.135937 0.111458
0 0.947266 0.815625 0.102344 0.152083
0 0.763281 0.777604 0.265625 0.123958
0 0.558203 0.749479 0.138281 0.090625
0 0.602734 0.964583 0.205469 0.066667
0 0.546484 0.492188 0.116406 0.094792
0 0.640234 0.188021 0.305469 0.167708
0 0.771484 0.125000 0.300781 0.245833
0 0.884375 0.067187 0.229687 0.123958
0 0.430078 0.244792 0.091406 0.085417
0 0.419531 0.509896 0.093750 0.063542
0 0.421094 0.724479 0.090625 0.076042
0 0.457422 0.935417 0.178906 0.108333
0 0.346484 0.890625 0.080469 0.068750
0 0.341797 0.708854 0.072656 0.069792
0 0.337891 0.530729 0.064844 0.059375
0 0.394531 0.311979 0.162500 0.090625
0 0.358594 0.093750 0.092188 0.118750
0 0.415234 0.027604 0.053906 0.038542
0 0.308203 0.148438 0.100781 0.078125
0 0.285547 0.340104 0.050781 0.055208
0 0.280859 0.542188 0.055469 0.042708
0 0.279297 0.697396 0.052344 0.048958
0 0.299219 0.855208 0.042188 0.039583
