0 0.662891 0.120833 0.452344 0.239583
0 0.546875 0.181771 0.429688 0.171875
0 0.417187 0.240625 0.304688 0.120833
0 0.316406 0.343229 0.248438 0.107292
0 0.258984 0.361979 0.216406 0.092708
0 0.160156 0.397396 0.064062 0.071875
0 0.127734 0.410938 0.024219 0.053125
0 0.104297 0.425000 0.022656 0.052083
0 0.078906 0.442708 0.032813 0.058333
0 0.057422 0.468229 0.016406 0.046875
0 0.037891 0.479687 0.022656 0.046875
0 0.140234 0.305729 0.149219 0.071875
0 0.171875 0.275000 0.178125 0.083333
0 0.179297 0.237500 0.167969 0.064583
0 0.267188 0.211979 0.275000 0.103125
0 0.243359 0.143750 0.163281 0.112500
0 0.302344 0.073438 0.185938 0.107292
0 0.145703 0.148438 0.133594 0.067708
0 0.039062 0.317708 0.015625 0.052083
0 0.058984 0.305729 0.041406 0.051042
