0 0.730859 0.356250 0.452344 0.216667
0 0.426172 0.438542 0.264844 0.077083
0 0.158203 0.479687 0.041406 0.036458
0 0.178516 0.475000 0.039844 0.037500
0 0.232422 0.472917 0.096094 0.045833
0 0.157812 0.356250 0.270313 0.079167
0 0.133594 0.331771 0.171875 0.063542
0 0.182422 0.306250 0.232031 0.068750
0 0.208984 0.261458 0.232031 0.083333
0 0.237500 0.233333 0.226562 0.114583
0 0.303906 0.173958 0.275000 0.091667
0 0.378125 0.127604 0.315625 0.121875
0 0.454688 0.041667 0.339062 0.066667
0 0.074609 0.179688 0.111719 0.053125
0 0.103516 0.153646 0.127344 0.080208
0 0.110156 0.122396 0.112500 0.061458
0 0.126562 0.067187 0.109375 0.073958
0 0.154688 0.027604 0.109375 0.051042
0 0.130078 0.752604 0.152344 0.057292
0 0.050391 0.734375 0.032031 0.029167
0 0.026953 0.729688 0.022656 0.036458
0 0.013672 0.725521 0.022656 0.032292
0 0.246875 0.815625 0.056250 0.062500
0 0.310156 0.839063 0.089063 0.063542
0 0.430859 0.875521 0.150781 0.101042
0 0.630859 0.914583 0.278906 0.168750
0 0.809766 0.952083 0.194531 0.079167
0 0.958984 0.518229 0.061719 0.034375
0 0.299219 0.589063 0.164062 0.040625
0 0.333203 0.501042 0.061719 0.045833
0 0.404297 0.475000 0.036719 0.045833
