0 0.854688 0.327083 0.171875 0.134722
0 0.760547 0.227778 0.141406 0.102778
0 0.698438 0.329167 0.135937 0.069444
0 0.804688 0.656250 0.170313 0.093056
0 0.716016 0.665972 0.089844 0.062500
0 0.662891 0.659722 0.036719 0.033333
0 0.839844 0.754861 0.109375 0.095833
0 0.938672 0.763889 0.116406 0.086111
0 0.896094 0.170833 0.075000 0.080556
0 0.957031 0.093750 0.078125 0.098611
0 0.894922 0.042361 0.188281 0.068056
0 0.112109 0.345833 0.117969 0.169444
0 0.136719 0.434028 0.176563 0.123611
0 0.191797 0.479861 0.160156 0.087500
0 0.225000 0.512500 0.143750 0.063889
0 0.305469 0.530556 0.023438 0.033333
0 0.044922 0.222917 0.086719 0.168056
0 0.072266 0.035417 0.102344 0.068056
0 0.124219 0.787500 0.098437 0.122222
0 0.041016 0.729167 0.074219 0.113889
0 0.042578 0.813194 0.080469 0.131944
0 0.186719 0.758333 0.096875 0.086111
0 0.239453 0.733333 0.071094 0.072222
0 0.279687 0.715972 0.037500 0.059722
0 0.305469 0.702778 0.032813 0.038889
