0 0.344922 0.359722 0.230469 0.163889
0 0.460938 0.397222 0.189062 0.158333
0 0.546094 0.422222 0.142187 0.102778
0 0.614062 0.442361 0.098437 0.081944
0 0.659766 0.468750 0.086719 0.095833
0 0.691406 0.311111 0.103125 0.069444
0 0.671484 0.154861 0.088281 0.095833
0 0.576562 0.206944 0.164062 0.111111
0 0.723828 0.478472 0.052344 0.037500
0 0.756250 0.494444 0.025000 0.041667
0 0.694141 0.646528 0.080469 0.045833
0 0.719141 0.681250 0.025781 0.045833
0 0.686719 0.693056 0.051562 0.072222
0 0.620703 0.711806 0.113281 0.104167
0 0.526563 0.752778 0.098437 0.100000
0 0.350391 0.777778 0.261719 0.113889
0 0.204297 0.884028 0.175781 0.098611
0 0.082031 0.849306 0.159375 0.095833
0 0.125391 0.228472 0.077344 0.073611
0 0.148828 0.084028 0.055469 0.065278
0 0.228125 0.177083 0.101562 0.143056
0 0.215234 0.541667 0.153906 0.097222
0 0.343359 0.561806 0.102344 0.056944
0 0.425781 0.563194 0.062500 0.059722
0 0.489063 0.565278 0.064062 0.052778
0 0.548828 0.572917 0.055469 0.068056
0 0.017969 0.227778 0.029687 0.055556
0 0.051953 0.235417 0.028906 0.048611
0 0.077734 0.240278 0.025781 0.044444
0 0.045312 0.277083 0.026562 0.045833
0 0.017188 0.268750 0.031250 0.040278
0 0.014063 0.319444 0.025000 0.038889
0 0.040625 0.325694 0.029687 0.026389
0 0.067969 0.328472 0.025000 0.031944
0 0.108594 0.298611 0.029687 0.050000
0 0.063672 0.384028 0.024219 0.034722
0 0.039062 0.382639 0.025000 0.037500
0 0.015234 0.378472 0.022656 0.029167
0 0.035156 0.440278 0.029687 0.041667
0 0.010547 0.432639 0.021094 0.029167
0 0.066016 0.439583 0.033594 0.031944
0 0.060156 0.502778 0.029687 0.033333
0 0.010937 0.487500 0.017188 0.027778
0 0.027734 0.556250 0.028906 0.029167
0 0.057813 0.559722 0.029687 0.022222
0 0.445312 0.087500 0.184375 0.144444
0 0.323828 0.054167 0.228906 0.100000
0 0.952344 0.190278 0.067187 0.083333
0 0.960938 0.038889 0.051562 0.066667
0 0.776953 0.656944 0.028906 0.038889
