0 0.332813 0.548750 0.026562 0.035000
0 0.282031 0.598750 0.125000 0.070000
0 0.125781 0.638125 0.203125 0.091250
0 0.063281 0.434375 0.123438 0.076250
0 0.050000 0.118125 0.093750 0.066250
0 0.169531 0.155000 0.134375 0.060000
0 0.114844 0.182500 0.114062 0.052500
0 0.178516 0.346875 0.166406 0.066250
0 0.339062 0.215000 0.095312 0.062500
0 0.278516 0.226250 0.053906 0.037500
0 0.353516 0.345625 0.107031 0.048750
0 0.423438 0.487500 0.059375 0.035000
0 0.375000 0.494375 0.039062 0.028750
0 0.333984 0.501875 0.046094 0.028750
0 0.365625 0.138125 0.184375 0.153750
0 0.277344 0.108125 0.084375 0.061250
0 0.533984 0.098750 0.050781 0.065000
0 0.578125 0.086250 0.064062 0.062500
0 0.685937 0.052500 0.031250 0.050000
0 0.745703 0.061250 0.039844 0.035000
0 0.684375 0.142500 0.045312 0.035000
0 0.685156 0.221875 0.042188 0.016250
0 0.541016 0.026250 0.113281 0.047500
0 0.020313 0.583125 0.029687 0.051250
