0 0.889844 0.234896 0.212500 0.284375
0 0.619531 0.346354 0.264062 0.244792
0 0.428906 0.414583 0.142187 0.150000
0 0.312500 0.464583 0.103125 0.095833
0 0.240625 0.491146 0.060937 0.088542
0 0.191016 0.496354 0.047656 0.082292
0 0.148438 0.511979 0.042188 0.071875
0 0.184375 0.613542 0.164062 0.029167
0 0.177344 0.642188 0.146875 0.034375
0 0.185547 0.580208 0.144531 0.025000
0 0.130078 0.518229 0.028906 0.028125
0 0.119531 0.481771 0.043750 0.036458
0 0.123438 0.448958 0.031250 0.041667
0 0.134766 0.426563 0.022656 0.038542
0 0.131641 0.401042 0.036719 0.027083
0 0.133984 0.384375 0.028906 0.035417
0 0.133984 0.352083 0.024219 0.025000
0 0.248828 0.308333 0.213281 0.079167
0 0.332422 0.271875 0.321094 0.108333
0 0.428906 0.222917 0.432812 0.189583
0 0.514453 0.143229 0.463281 0.171875
0 0.590234 0.064062 0.461719 0.128125
0 0.304297 0.050000 0.232031 0.100000
0 0.242188 0.101562 0.209375 0.096875
0 0.409766 0.733333 0.283594 0.129167
0 0.431250 0.769271 0.154688 0.153125
0 0.644531 0.834375 0.325000 0.210417
0 0.890234 0.866667 0.207031 0.204167
0 0.426953 0.960417 0.217969 0.064583
