0 0.495312 0.554167 0.023958 0.010185
0 0.496094 0.530556 0.024479 0.007407
0 0.495312 0.538889 0.026042 0.007407
0 0.495312 0.546759 0.026042 0.008333
0 0.494792 0.561574 0.027083 0.010185
0 0.495312 0.569907 0.028125 0.008333
0 0.495312 0.577778 0.029167 0.012963
0 0.495833 0.583796 0.029167 0.012037
0 0.496615 0.591667 0.026562 0.011111
0 0.497135 0.598148 0.026562 0.009259
0 0.495833 0.604630 0.030208 0.011111
0 0.496615 0.613426 0.028646 0.008333
0 0.497396 0.623611 0.030208 0.013889
0 0.497917 0.628241 0.030208 0.010185
0 0.496354 0.635648 0.032292 0.012037
0 0.498437 0.641204 0.030208 0.010185
0 0.498958 0.648148 0.026042 0.011111
0 0.500260 0.656019 0.027604 0.008333
0 0.499219 0.662500 0.027604 0.006481
0 0.499219 0.668519 0.026562 0.011111
0 0.498698 0.676389 0.028646 0.012037
0 0.497917 0.684259 0.026042 0.007407
0 0.461719 0.673148 0.019271 0.012963
0 0.461719 0.681944 0.021354 0.012037
0 0.460417 0.688426 0.020833 0.013889
0 0.479687 0.687500 0.018750 0.012037
0 0.525000 0.559259 0.012500 0.009259
0 0.523177 0.567130 0.016146 0.010185
0 0.522656 0.574537 0.013021 0.008333
0 0.528646 0.581944 0.022917 0.008333
0 0.528906 0.588889 0.022396 0.009259
0 0.529167 0.595833 0.022917 0.010185
0 0.529167 0.603241 0.020833 0.010185
0 0.530208 0.610648 0.022917 0.010185
0 0.529167 0.617130 0.021875 0.010185
0 0.529948 0.625000 0.021354 0.009259
0 0.529687 0.632870 0.022917 0.010185
0 0.525260 0.640278 0.011979 0.008333
0 0.526302 0.646759 0.013021 0.010185
0 0.526302 0.654167 0.013021 0.010185
0 0.526302 0.661111 0.011979 0.007407
0 0.526563 0.668056 0.011458 0.008333
0 0.526042 0.675000 0.011458 0.007407
0 0.525781 0.682407 0.010937 0.007407
