0 0.787109 0.789583 0.153906 0.143056
0 0.949219 0.795139 0.098437 0.265278
0 0.907813 0.330556 0.031250 0.063889
0 0.704297 0.290278 0.221094 0.127778
0 0.811719 0.098611 0.326562 0.180556
0 0.676953 0.751389 0.064844 0.113889
0 0.642188 0.736111 0.081250 0.075000
0 0.595313 0.725694 0.023438 0.073611
0 0.642578 0.431944 0.169531 0.097222
0 0.614453 0.097917 0.124219 0.118056
0 0.217578 0.238194 0.108594 0.076389
0 0.140625 0.110417 0.167187 0.098611
0 0.094531 0.054861 0.143750 0.106944
0 0.232813 0.052083 0.098437 0.101389
0 0.257812 0.124306 0.085938 0.073611
0 0.262891 0.147222 0.064844 0.050000
0 0.275781 0.186111 0.068750 0.055556
0 0.297656 0.224306 0.057813 0.040278
0 0.325391 0.297917 0.017969 0.048611
0 0.339062 0.321528 0.017188 0.040278
0 0.348828 0.349306 0.011719 0.034722
0 0.360938 0.375000 0.009375 0.027778
0 0.360547 0.275694 0.010156 0.040278
0 0.354687 0.245833 0.012500 0.052778
0 0.342578 0.227083 0.016406 0.040278
0 0.322656 0.193056 0.032813 0.041667
0 0.339062 0.178472 0.043750 0.031944
0 0.334375 0.143750 0.035937 0.051389
0 0.393750 0.719444 0.042188 0.033333
0 0.365234 0.700694 0.010156 0.020833
0 0.355078 0.701389 0.010156 0.019444
0 0.343750 0.706250 0.012500 0.029167
0 0.331250 0.705556 0.012500 0.030556
0 0.316406 0.709028 0.015625 0.034722
0 0.298828 0.709722 0.019531 0.033333
0 0.277344 0.716667 0.025000 0.050000
0 0.249609 0.717361 0.033594 0.051389
0 0.210938 0.727778 0.037500 0.050000
0 0.164453 0.727083 0.055469 0.048611
0 0.091406 0.745139 0.098437 0.068056
0 0.026562 0.738889 0.050000 0.086111
0 0.031641 0.465972 0.060156 0.104167
0 0.096875 0.504861 0.075000 0.093056
0 0.162891 0.542361 0.055469 0.076389
0 0.207813 0.557639 0.034375 0.045833
0 0.242578 0.571528 0.039844 0.051389
0 0.273828 0.589583 0.027344 0.051389
0 0.296094 0.595139 0.020313 0.054167
0 0.312891 0.601389 0.019531 0.036111
0 0.327344 0.613194 0.014063 0.029167
0 0.338281 0.617361 0.017188 0.029167
0 0.362109 0.625000 0.010156 0.019444
0 0.361719 0.554861 0.012500 0.031944
0 0.354297 0.545139 0.010156 0.037500
0 0.341797 0.535417 0.016406 0.043056
0 0.330078 0.520833 0.016406 0.041667
0 0.316797 0.504167 0.019531 0.044444
0 0.298047 0.493056 0.017969 0.052778
0 0.275391 0.475000 0.030469 0.047222
0 0.273438 0.443056 0.023438 0.036111
0 0.244531 0.440972 0.032813 0.068056
0 0.211719 0.403472 0.037500 0.059722
0 0.128906 0.361806 0.125000 0.076389
0 0.103906 0.281250 0.062500 0.081944
0 0.041406 0.209028 0.075000 0.131944
0 0.266016 0.306250 0.044531 0.048611
0 0.265234 0.332639 0.039844 0.051389
0 0.298047 0.338194 0.017969 0.040278
0 0.294141 0.359722 0.019531 0.044444
0 0.312891 0.368750 0.017969 0.037500
0 0.313281 0.395139 0.020313 0.043056
0 0.328906 0.415972 0.015625 0.043056
0 0.342187 0.434028 0.012500 0.034722
0 0.343750 0.465278 0.042188 0.027778
0 0.353125 0.448611 0.009375 0.019444
