0 0.499219 0.684722 0.015625 0.016667
0 0.486719 0.681250 0.017188 0.015278
0 0.422266 0.677083 0.017969 0.018056
0 0.371484 0.693056 0.044531 0.022222
0 0.554688 0.666667 0.056250 0.027778
0 0.525781 0.664583 0.012500 0.020833
0 0.516406 0.662500 0.012500 0.019444
0 0.507031 0.663194 0.010937 0.020833
0 0.614844 0.670833 0.032813 0.041667
0 0.649219 0.670139 0.043750 0.034722
0 0.697656 0.676389 0.053125 0.050000
0 0.774219 0.664583 0.084375 0.098611
0 0.861719 0.652778 0.107813 0.072222
0 0.956250 0.652778 0.082812 0.088889
0 0.930859 0.132639 0.127344 0.231944
0 0.820703 0.288194 0.194531 0.120833
0 0.707031 0.402778 0.167187 0.086111
0 0.682031 0.090278 0.103125 0.113889
0 0.667578 0.157639 0.117969 0.098611
0 0.640625 0.215972 0.123438 0.065278
0 0.619141 0.263889 0.127344 0.050000
0 0.592187 0.307639 0.101562 0.037500
0 0.579297 0.339583 0.105469 0.040278
0 0.573828 0.368750 0.113281 0.023611
0 0.563672 0.393056 0.110156 0.036111
0 0.557813 0.355556 0.131250 0.138889
0 0.521875 0.270833 0.050000 0.038889
0 0.525000 0.227778 0.029687 0.041667
0 0.544141 0.187500 0.041406 0.041667
0 0.563281 0.143056 0.064062 0.058333
0 0.598437 0.104167 0.093750 0.083333
0 0.548047 0.046528 0.061719 0.062500
0 0.522266 0.100000 0.024219 0.038889
0 0.511719 0.137500 0.025000 0.047222
0 0.047656 0.306944 0.079687 0.197222
0 0.116016 0.389583 0.086719 0.154167
0 0.180078 0.458333 0.058594 0.105556
0 0.230078 0.502083 0.046094 0.070833
0 0.262109 0.529861 0.025781 0.048611
0 0.282031 0.543056 0.026562 0.050000
0 0.302734 0.559028 0.021094 0.043056
0 0.318750 0.579861 0.015625 0.026389
0 0.320703 0.468750 0.014844 0.043056
0 0.308203 0.447222 0.017969 0.047222
0 0.294922 0.419444 0.022656 0.055556
0 0.270703 0.367361 0.044531 0.109722
0 0.212109 0.299306 0.107031 0.090278
0 0.157812 0.202778 0.153125 0.116667
0 0.122266 0.086111 0.150781 0.158333
0 0.267578 0.165972 0.067969 0.081944
0 0.287891 0.035417 0.075781 0.059722
0 0.300000 0.114583 0.054688 0.112500
0 0.331250 0.226389 0.031250 0.041667
0 0.296875 0.265278 0.029687 0.038889
0 0.292578 0.284028 0.030469 0.040278
0 0.310547 0.302778 0.011719 0.030556
0 0.317969 0.338889 0.014063 0.041667
0 0.097656 0.797222 0.131250 0.138889
0 0.039062 0.795139 0.064062 0.123611
0 0.181641 0.742361 0.072656 0.079167
0 0.232813 0.713889 0.046875 0.075000
0 0.262891 0.706250 0.030469 0.054167
0 0.286328 0.703472 0.027344 0.043056
0 0.305078 0.690972 0.014844 0.031944
0 0.314453 0.688889 0.014844 0.033333
0 0.327344 0.684028 0.018750 0.037500
0 0.340625 0.677778 0.014063 0.036111
