0 0.648958 0.701852 0.169792 0.070370
0 0.762240 0.702315 0.138021 0.058333
0 0.874479 0.697222 0.105208 0.061111
0 0.698438 0.266667 0.045833 0.037037
0 0.744531 0.265741 0.041146 0.016667
0 0.823438 0.374074 0.146875 0.044444
0 0.761979 0.152778 0.178125 0.150000
0 0.638021 0.163889 0.089583 0.072222
0 0.496094 0.328704 0.066146 0.027778
0 0.311198 0.587500 0.435937 0.354630
0 0.178385 0.697685 0.067187 0.041667
0 0.068490 0.789815 0.131771 0.116667
0 0.098437 0.864352 0.109375 0.136111
0 0.037240 0.947222 0.067187 0.088889
0 0.360677 0.396296 0.022396 0.016667
0 0.321875 0.381944 0.052083 0.025000
0 0.287760 0.383796 0.028646 0.017593
0 0.333594 0.344907 0.025521 0.021296
0 0.359896 0.327778 0.022917 0.012963
0 0.356771 0.365278 0.025000 0.019444
0 0.310156 0.343056 0.021354 0.017593
0 0.285677 0.344444 0.026562 0.018519
0 0.260677 0.346296 0.024479 0.022222
0 0.259896 0.304630 0.022917 0.016667
0 0.286979 0.303241 0.028125 0.026852
0 0.310156 0.310185 0.024479 0.024074
0 0.355469 0.295833 0.025521 0.021296
0 0.377604 0.300000 0.020833 0.022222
0 0.380208 0.267593 0.023958 0.031481
0 0.354948 0.266667 0.026562 0.035185
0 0.332031 0.273148 0.021354 0.024074
0 0.308333 0.271296 0.021875 0.027778
0 0.288542 0.272222 0.016667 0.025926
0 0.289323 0.422685 0.029687 0.028704
0 0.309896 0.420833 0.028125 0.019444
0 0.331510 0.415741 0.024479 0.024074
0 0.360417 0.431481 0.026042 0.024074
0 0.359115 0.462037 0.021354 0.018519
0 0.338802 0.458333 0.021354 0.022222
0 0.314063 0.458333 0.021875 0.022222
0 0.289323 0.462500 0.026562 0.030556
0 0.261198 0.466204 0.027604 0.021296
0 0.258594 0.422685 0.028646 0.013889
0 0.233073 0.425000 0.024479 0.022222
0 0.235677 0.463889 0.028646 0.014815
0 0.236979 0.500463 0.026042 0.017593
0 0.262760 0.500463 0.029687 0.015741
0 0.285938 0.498611 0.021875 0.017593
0 0.310677 0.495370 0.029687 0.016667
0 0.335938 0.487963 0.031250 0.025926
0 0.344010 0.576852 0.041146 0.022222
0 0.302083 0.566667 0.041667 0.012963
0 0.263021 0.528241 0.022917 0.013889
0 0.264062 0.558796 0.018750 0.013889
0 0.212240 0.463889 0.023438 0.014815
0 0.206250 0.422222 0.029167 0.016667
0 0.212500 0.382870 0.028125 0.017593
0 0.234115 0.387037 0.027604 0.024074
0 0.263281 0.383796 0.030729 0.015741
0 0.229948 0.343981 0.027604 0.017593
0 0.206250 0.344907 0.022917 0.025000
0 0.208073 0.306481 0.016146 0.018519
0 0.233073 0.267130 0.024479 0.025000
0 0.255208 0.262963 0.031250 0.024074
0 0.207813 0.267130 0.028125 0.019444
0 0.181250 0.262963 0.019792 0.020370
0 0.229948 0.307407 0.022396 0.022222
