0 0.099219 0.441667 0.121354 0.096296
0 0.021615 0.424537 0.033854 0.119444
0 0.143229 0.081019 0.232292 0.121296
0 0.263281 0.214352 0.102604 0.102778
0 0.288802 0.278704 0.105729 0.059259
0 0.246354 0.457407 0.046875 0.057407
0 0.280469 0.467130 0.031771 0.047222
0 0.304948 0.469444 0.025521 0.050000
0 0.325781 0.474537 0.017188 0.041667
0 0.345313 0.476852 0.021875 0.046296
0 0.362760 0.484259 0.015104 0.031481
0 0.375521 0.484259 0.010417 0.031481
0 0.293490 0.082407 0.101562 0.068519
0 0.286979 0.039815 0.104167 0.038889
0 0.285938 0.018519 0.132292 0.035185
0 0.406510 0.595370 0.033854 0.033333
0 0.924740 0.076389 0.131771 0.137963
0 0.819792 0.160648 0.082292 0.119444
0 0.814063 0.220370 0.183333 0.100000
0 0.761979 0.303241 0.161458 0.071296
0 0.667188 0.325926 0.039583 0.061111
0 0.640625 0.348611 0.020833 0.058333
0 0.638281 0.249074 0.035937 0.057407
0 0.662500 0.208796 0.028125 0.069444
0 0.705729 0.161574 0.062500 0.071296
0 0.678125 0.087500 0.115625 0.069444
0 0.695833 0.037963 0.104167 0.062963
0 0.619010 0.054167 0.068229 0.075000
0 0.604427 0.180093 0.079687 0.054630
0 0.579948 0.219907 0.075521 0.043519
0 0.593750 0.307870 0.091667 0.037963
0 0.562240 0.032407 0.041146 0.053704
0 0.317188 0.152315 0.087500 0.045370
0 0.300781 0.119907 0.101562 0.030556
0 0.368750 0.101852 0.041667 0.046296
0 0.320833 0.317593 0.090625 0.027778
