0 0.742188 0.227083 0.479687 0.252083
0 0.899219 0.390625 0.185938 0.212500
0 0.878125 0.877604 0.112500 0.098958
0 0.969531 0.883333 0.056250 0.110417
0 0.555469 0.923958 0.476562 0.145833
0 0.341016 0.880208 0.228906 0.137500
0 0.232031 0.839583 0.170313 0.097917
0 0.153906 0.813021 0.125000 0.090625
0 0.086328 0.788021 0.052344 0.071875
0 0.047266 0.772396 0.047656 0.055208
0 0.020313 0.755208 0.037500 0.043750
0 0.198047 0.462500 0.192969 0.102083
0 0.289844 0.426563 0.268750 0.109375
0 0.421875 0.380208 0.404687 0.145833
0 0.322656 0.053646 0.321875 0.094792
0 0.067187 0.042708 0.123438 0.079167
0 0.053516 0.182812 0.092969 0.063542
0 0.151172 0.142187 0.149219 0.069792
0 0.045703 0.355208 0.089844 0.066667
0 0.369141 0.505208 0.053906 0.043750
0 0.424219 0.494792 0.081250 0.056250
0 0.387109 0.584375 0.158594 0.045833
0 0.514453 0.559375 0.052344 0.052083
0 0.632422 0.538542 0.063281 0.045833
0 0.183203 0.596875 0.053906 0.031250
0 0.135156 0.595313 0.053125 0.046875
