0 0.884375 0.145833 0.207292 0.136111
0 0.926042 0.061574 0.141667 0.104630
0 0.786979 0.215278 0.135417 0.093519
0 0.771354 0.269444 0.166667 0.075926
0 0.677344 0.300463 0.036979 0.062037
0 0.650781 0.326389 0.033854 0.050926
0 0.628646 0.345370 0.017708 0.059259
0 0.614323 0.363426 0.021354 0.045370
0 0.599219 0.319907 0.018229 0.047222
0 0.590885 0.329167 0.011979 0.036111
0 0.582552 0.340741 0.010937 0.035185
0 0.575260 0.354167 0.007812 0.026852
0 0.576823 0.441667 0.015104 0.037037
0 0.607552 0.427315 0.023438 0.030556
0 0.589323 0.440278 0.019271 0.032407
0 0.697396 0.097222 0.084375 0.098148
0 0.753385 0.037037 0.136979 0.068519
0 0.651823 0.039815 0.076563 0.075926
0 0.645573 0.073148 0.080729 0.066667
0 0.603125 0.099537 0.044792 0.050926
0 0.587500 0.144907 0.031250 0.043519
0 0.636458 0.189352 0.043750 0.063889
0 0.611719 0.218056 0.024479 0.052778
0 0.239583 0.219907 0.091667 0.106481
0 0.295833 0.259259 0.036458 0.087037
0 0.313542 0.297222 0.041667 0.061111
0 0.338021 0.331481 0.020833 0.044444
0 0.355729 0.355556 0.014583 0.029630
0 0.315885 0.232407 0.067187 0.055556
0 0.349740 0.171759 0.026562 0.047222
0 0.261458 0.113426 0.173958 0.113889
0 0.196615 0.047222 0.244271 0.085185
0 0.415885 0.596296 0.022396 0.020370
0 0.399740 0.628241 0.011979 0.034259
0 0.385937 0.647685 0.016667 0.032407
0 0.347917 0.260185 0.018750 0.038889
0 0.363021 0.285185 0.016667 0.031481
