0 0.623958 0.705556 0.110417 0.087037
0 0.715365 0.716667 0.095312 0.122222
0 0.512240 0.683796 0.106771 0.060185
0 0.276042 0.598611 0.031250 0.026852
0 0.317969 0.595833 0.033854 0.021296
0 0.352604 0.595370 0.035417 0.022222
0 0.386458 0.586111 0.028125 0.014815
0 0.435677 0.626852 0.061979 0.033333
0 0.386979 0.543056 0.035417 0.026852
0 0.351823 0.546759 0.034896 0.019444
0 0.313802 0.552778 0.041146 0.031481
0 0.276562 0.508333 0.031250 0.025926
0 0.241146 0.509722 0.038542 0.028704
0 0.259896 0.506019 0.156250 0.036111
0 0.355208 0.502315 0.034375 0.030556
0 0.389583 0.500926 0.034375 0.027778
0 0.424740 0.495833 0.035937 0.037963
0 0.454427 0.487500 0.023438 0.021296
0 0.497135 0.434722 0.032813 0.032407
0 0.457813 0.433333 0.038542 0.029630
0 0.423177 0.437500 0.030729 0.037963
0 0.388281 0.440278 0.039062 0.032407
0 0.350781 0.443519 0.035937 0.038889
0 0.315625 0.443056 0.035417 0.039815
0 0.277083 0.443056 0.041667 0.043519
0 0.238021 0.446759 0.036458 0.036111
0 0.202604 0.445370 0.034375 0.033333
0 0.194271 0.382407 0.039583 0.025926
0 0.231771 0.381019 0.039583 0.034259
0 0.268490 0.381019 0.033854 0.028704
0 0.314063 0.380556 0.032292 0.022222
0 0.347396 0.376852 0.034375 0.029630
0 0.383073 0.375926 0.036979 0.027778
0 0.427083 0.372685 0.038542 0.023148
0 0.463802 0.372222 0.039062 0.022222
0 0.501563 0.372222 0.036458 0.027778
0 0.537500 0.381944 0.042708 0.019444
0 0.540885 0.433333 0.036979 0.024074
0 0.573698 0.429630 0.039062 0.027778
0 0.612240 0.433333 0.040104 0.020370
0 0.608594 0.378241 0.039062 0.023148
0 0.655729 0.369907 0.033333 0.017593
0 0.655729 0.423148 0.036458 0.033333
0 0.690885 0.428241 0.031771 0.025000
0 0.613542 0.483333 0.028125 0.025926
0 0.584635 0.486111 0.029687 0.020370
0 0.541927 0.487500 0.034896 0.026852
0 0.533073 0.325463 0.039062 0.026852
0 0.568750 0.322685 0.040625 0.021296
0 0.605990 0.323148 0.031771 0.022222
0 0.605469 0.267130 0.026562 0.023148
0 0.573958 0.267593 0.036458 0.022222
0 0.538281 0.275926 0.034896 0.038889
0 0.534635 0.217130 0.036979 0.023148
0 0.571094 0.218519 0.035937 0.025926
0 0.607812 0.216204 0.034375 0.030556
0 0.606510 0.117130 0.045312 0.065741
0 0.569010 0.119444 0.038021 0.072222
0 0.529427 0.131019 0.035937 0.045370
0 0.531771 0.169907 0.043750 0.045370
0 0.566667 0.171296 0.033333 0.053704
0 0.612240 0.162500 0.042188 0.063889
0 0.654427 0.152778 0.056771 0.072222
0 0.493490 0.140741 0.039062 0.053704
0 0.457552 0.140741 0.032813 0.053704
0 0.421875 0.136111 0.040625 0.044444
0 0.422917 0.192130 0.036458 0.032407
0 0.458073 0.192130 0.033854 0.032407
0 0.496094 0.189352 0.042188 0.026852
0 0.492708 0.246759 0.040625 0.030556
0 0.456771 0.250926 0.031250 0.024074
0 0.424219 0.250926 0.033854 0.024074
0 0.424479 0.311111 0.033333 0.025926
0 0.459896 0.309722 0.034375 0.028704
0 0.495052 0.311111 0.035937 0.031481
0 0.382552 0.319907 0.038021 0.036111
0 0.349479 0.322222 0.028125 0.029630
0 0.316146 0.323611 0.039583 0.032407
0 0.262760 0.326389 0.039062 0.037963
0 0.226042 0.324074 0.034375 0.033333
0 0.198698 0.334259 0.044271 0.044444
0 0.201302 0.265278 0.043229 0.039815
0 0.238542 0.265741 0.031250 0.048148
0 0.272917 0.263426 0.037500 0.043519
0 0.311458 0.264815 0.036458 0.046296
0 0.349740 0.261574 0.040104 0.039815
0 0.383854 0.257870 0.028125 0.049074
0 0.378646 0.201852 0.038542 0.046296
0 0.346615 0.205556 0.041146 0.050000
0 0.305729 0.206019 0.040625 0.050926
0 0.266406 0.207407 0.043229 0.053704
0 0.232292 0.205556 0.025000 0.050000
0 0.202865 0.214352 0.043229 0.054630
0 0.232813 0.145370 0.051042 0.072222
0 0.271354 0.147222 0.046875 0.077778
0 0.304427 0.143519 0.047396 0.051852
0 0.341927 0.137963 0.047396 0.062963
0 0.381771 0.126852 0.044792 0.040741
