0 0.583594 0.650625 0.228125 0.141250
0 0.429688 0.783750 0.190625 0.150000
0 0.179688 0.896250 0.353125 0.185000
0 0.317188 0.305625 0.370312 0.173750
0 0.554297 0.282500 0.116406 0.090000
0 0.640234 0.277500 0.091406 0.070000
0 0.650391 0.135625 0.172656 0.081250
0 0.725781 0.573750 0.073438 0.085000
0 0.760938 0.533750 0.054688 0.065000
0 0.788672 0.511875 0.053906 0.058750
0 0.817969 0.479375 0.034375 0.058750
0 0.848828 0.465625 0.035156 0.066250
0 0.748437 0.161875 0.068750 0.076250
0 0.728125 0.061250 0.162500 0.097500
0 0.695703 0.040000 0.152344 0.075000
0 0.819531 0.035625 0.062500 0.061250
0 0.795312 0.011875 0.065625 0.021250
0 0.831250 0.056875 0.090625 0.048750
0 0.792969 0.185000 0.096875 0.072500
0 0.848047 0.190625 0.028906 0.048750
0 0.864062 0.193750 0.028125 0.055000
0 0.883594 0.204375 0.026562 0.033750
0 0.871875 0.451875 0.029687 0.051250
0 0.891797 0.425625 0.021094 0.031250
0 0.907031 0.415000 0.028125 0.032500
