0 0.518229 0.564352 0.035417 0.026852
0 0.423438 0.595833 0.040625 0.023148
0 0.752344 0.854630 0.083854 0.194444
0 0.889323 0.916667 0.205729 0.161111
0 0.877604 0.143056 0.235417 0.271296
0 0.823698 0.264815 0.238021 0.135185
0 0.781771 0.326852 0.259375 0.096296
0 0.633594 0.375463 0.049479 0.065741
0 0.697656 0.757407 0.064062 0.103704
0 0.656250 0.706019 0.034375 0.084259
0 0.641667 0.669444 0.048958 0.055556
0 0.567969 0.590278 0.026562 0.036111
0 0.026562 0.838889 0.044792 0.111111
0 0.102865 0.786111 0.084896 0.112963
0 0.169792 0.739352 0.065625 0.087963
0 0.217969 0.710648 0.060937 0.071296
0 0.263021 0.673611 0.034375 0.060185
0 0.294010 0.651852 0.028646 0.046296
0 0.314323 0.643519 0.028646 0.055556
0 0.338281 0.622222 0.024479 0.040741
0 0.353906 0.615741 0.016146 0.029630
0 0.366927 0.602315 0.014063 0.021296
0 0.373177 0.596759 0.015104 0.032407
0 0.378646 0.589815 0.014583 0.022222
0 0.389583 0.587963 0.013542 0.016667
0 0.397917 0.581019 0.008333 0.021296
0 0.397135 0.506481 0.008854 0.022222
0 0.388542 0.508796 0.008333 0.021296
0 0.381510 0.512963 0.005729 0.029630
0 0.375000 0.509722 0.008333 0.028704
0 0.364063 0.510185 0.010417 0.020370
0 0.353125 0.508333 0.012500 0.025926
0 0.336979 0.513426 0.019792 0.036111
0 0.315365 0.512037 0.023438 0.038889
0 0.292708 0.512963 0.021875 0.040741
0 0.266406 0.510648 0.031771 0.045370
0 0.222135 0.513426 0.049479 0.041667
0 0.170313 0.511574 0.059375 0.069444
0 0.091406 0.522222 0.099479 0.090741
0 0.023958 0.358796 0.040625 0.063889
0 0.094792 0.264352 0.092708 0.132407
0 0.171875 0.294907 0.060417 0.093519
0 0.220052 0.325463 0.043229 0.086111
0 0.236458 0.366204 0.086458 0.067593
0 0.292708 0.379167 0.031250 0.047222
0 0.313021 0.388426 0.022917 0.025000
0 0.330990 0.377778 0.019271 0.022222
0 0.333333 0.402315 0.017708 0.036111
0 0.351562 0.409259 0.014583 0.037037
0 0.363542 0.415278 0.011458 0.028704
0 0.373698 0.421296 0.010937 0.031481
0 0.382552 0.429630 0.011979 0.024074
0 0.378125 0.352315 0.037500 0.023148
0 0.388802 0.336111 0.007812 0.025926
0 0.380729 0.326389 0.010417 0.028704
0 0.370573 0.318981 0.009896 0.025000
0 0.333594 0.302315 0.066146 0.034259
0 0.346875 0.280093 0.012500 0.034259
0 0.319271 0.262500 0.047917 0.050926
0 0.332031 0.240278 0.023438 0.045370
0 0.348177 0.270370 0.014063 0.037037
0 0.360156 0.278704 0.020313 0.033333
0 0.266927 0.182407 0.127604 0.062963
0 0.202344 0.116204 0.178646 0.106481
0 0.151562 0.042593 0.200000 0.085185
0 0.301042 0.058796 0.083333 0.050926
0 0.325000 0.094444 0.058333 0.051852
0 0.337240 0.130093 0.048438 0.036111
0 0.357812 0.195370 0.029167 0.033333
0 0.370312 0.222685 0.025000 0.034259
0 0.384896 0.232870 0.009375 0.030556
0 0.381510 0.257407 0.045312 0.029630
0 0.374219 0.157870 0.048438 0.039815
0 0.381510 0.126389 0.024479 0.032407
0 0.662760 0.075463 0.114062 0.100926
0 0.657031 0.139815 0.130729 0.075926
0 0.634115 0.189815 0.099479 0.059259
0 0.607031 0.220370 0.066146 0.048148
0 0.598177 0.247685 0.061979 0.036111
0 0.589844 0.275463 0.059896 0.036111
0 0.747135 0.477315 0.016146 0.023148
0 0.761979 0.476852 0.013542 0.022222
0 0.808854 0.473611 0.016667 0.025000
0 0.854167 0.465278 0.036458 0.036111
