0 0.442578 0.229167 0.300781 0.150000
0 0.566797 0.153125 0.378906 0.212500
0 0.268359 0.069271 0.158594 0.092708
0 0.219922 0.140104 0.164844 0.094792
0 0.328125 0.290625 0.204687 0.114583
0 0.305078 0.327083 0.261719 0.100000
0 0.239453 0.362500 0.197656 0.054167
0 0.137500 0.286979 0.073438 0.061458
0 0.108203 0.316667 0.024219 0.043750
0 0.083984 0.338542 0.019531 0.050000
0 0.065625 0.361979 0.018750 0.048958
0 0.167578 0.474479 0.121094 0.057292
0 0.098047 0.477604 0.032031 0.046875
0 0.082812 0.486458 0.020313 0.045833
0 0.061719 0.501563 0.020313 0.040625
0 0.083203 0.787500 0.030469 0.039583
0 0.114062 0.792188 0.042188 0.048958
0 0.171484 0.077604 0.174219 0.109375
