0 0.244531 0.146250 0.460938 0.285000
0 0.484375 0.300625 0.346875 0.201250
0 0.571875 0.365000 0.273438 0.110000
0 0.633594 0.389375 0.204687 0.081250
0 0.753125 0.411875 0.039062 0.081250
0 0.733594 0.278750 0.095312 0.077500
0 0.785156 0.302500 0.025000 0.057500
0 0.810156 0.331250 0.020313 0.060000
0 0.716797 0.480625 0.158594 0.038750
0 0.799609 0.503125 0.022656 0.051250
0 0.809375 0.491875 0.007812 0.068750
0 0.835156 0.498750 0.039062 0.035000
0 0.315625 0.915625 0.385937 0.161250
0 0.422656 0.874375 0.310937 0.161250
0 0.594922 0.809375 0.135156 0.118750
0 0.685156 0.756875 0.076563 0.086250
0 0.719141 0.733750 0.067969 0.070000
0 0.752344 0.706250 0.067187 0.057500
0 0.779687 0.698125 0.046875 0.053750
0 0.796875 0.680000 0.039062 0.052500
0 0.811328 0.668750 0.044531 0.052500
0 0.687891 0.080000 0.169531 0.100000
0 0.773828 0.157500 0.091406 0.067500
0 0.833984 0.095000 0.057031 0.035000
0 0.809375 0.031250 0.075000 0.052500
