0 0.539062 0.269792 0.364063 0.293750
0 0.865625 0.132812 0.251563 0.265625
0 0.887109 0.930208 0.224219 0.129167
0 0.641016 0.869792 0.575781 0.250000
0 0.430078 0.813542 0.432031 0.210417
0 0.252734 0.766667 0.263281 0.141667
0 0.314063 0.390625 0.189062 0.170833
0 0.178906 0.450521 0.110937 0.142708
0 0.098437 0.486979 0.051562 0.094792
0 0.059375 0.516667 0.051562 0.072917
0 0.024219 0.518750 0.043750 0.056250
0 0.099609 0.292187 0.157031 0.080208
0 0.155859 0.237500 0.269531 0.127083
0 0.253125 0.186458 0.415625 0.200000
0 0.310156 0.072396 0.331250 0.142708
0 0.017969 0.453646 0.028125 0.038542
