0 0.250391 0.811806 0.047656 0.062500
0 0.219141 0.807639 0.041406 0.062500
0 0.059766 0.870833 0.108594 0.136111
0 0.340234 0.766667 0.046094 0.038889
0 0.365625 0.745833 0.031250 0.025000
0 0.718359 0.764583 0.110156 0.065278
0 0.658984 0.754861 0.039844 0.048611
0 0.633984 0.743750 0.027344 0.037500
0 0.622656 0.727778 0.020313 0.038889
0 0.616406 0.722917 0.021875 0.040278
0 0.598047 0.723611 0.011719 0.033333
0 0.586719 0.720139 0.012500 0.031944
0 0.622266 0.640972 0.035156 0.029167
0 0.599219 0.645833 0.009375 0.033333
0 0.591016 0.649306 0.010156 0.031944
0 0.581250 0.653472 0.010937 0.034722
0 0.628516 0.526389 0.021094 0.050000
0 0.598047 0.563194 0.021094 0.034722
0 0.642188 0.505556 0.026562 0.044444
0 0.668750 0.484028 0.029687 0.070833
0 0.707031 0.419444 0.057813 0.086111
0 0.766797 0.356944 0.064844 0.158333
0 0.858203 0.269444 0.097656 0.177778
0 0.825781 0.045833 0.128125 0.086111
0 0.791016 0.143750 0.147656 0.184722
0 0.743359 0.238194 0.127344 0.126389
0 0.689063 0.327778 0.081250 0.080556
0 0.687109 0.379167 0.128906 0.072222
0 0.657031 0.419444 0.089063 0.058333
0 0.608984 0.434028 0.024219 0.062500
0 0.602734 0.388889 0.046094 0.213889
0 0.639844 0.297917 0.068750 0.095833
0 0.650000 0.173611 0.043750 0.100000
0 0.669531 0.073611 0.048438 0.119444
0 0.724609 0.026389 0.063281 0.047222
0 0.666797 0.059028 0.085156 0.079167
0 0.663281 0.136111 0.114062 0.088889
0 0.642969 0.204167 0.101562 0.072222
0 0.589453 0.210417 0.021094 0.062500
0 0.611328 0.253472 0.078906 0.048611
0 0.622656 0.097917 0.078125 0.079167
0 0.629297 0.031944 0.061719 0.058333
0 0.594141 0.027083 0.032031 0.051389
0 0.185547 0.359028 0.185156 0.056944
0 0.157031 0.300000 0.220312 0.088889
0 0.127344 0.200000 0.184375 0.127778
0 0.094922 0.084028 0.111719 0.159722
0 0.198828 0.068056 0.146094 0.127778
0 0.275000 0.050000 0.054688 0.088889
0 0.148438 0.459028 0.071875 0.118056
0 0.057031 0.391667 0.103125 0.166667
0 0.202344 0.497917 0.071875 0.076389
0 0.260547 0.524306 0.058594 0.079167
