0 0.904297 0.394271 0.186719 0.238542
0 0.705859 0.418229 0.239844 0.167708
0 0.452344 0.450521 0.221875 0.209375
0 0.286328 0.500000 0.119531 0.135417
0 0.180859 0.516146 0.082031 0.073958
0 0.114062 0.532292 0.078125 0.093750
0 0.071484 0.545312 0.036719 0.057292
0 0.032422 0.550000 0.058594 0.062500
0 0.117578 0.388542 0.235156 0.077083
0 0.126172 0.361458 0.222656 0.087500
0 0.153906 0.323958 0.214062 0.095833
0 0.116797 0.264583 0.052344 0.104167
0 0.350000 0.234896 0.410938 0.180208
0 0.200391 0.138542 0.094531 0.106250
0 0.466797 0.160938 0.464844 0.290625
0 0.607812 0.095833 0.562500 0.191667
0 0.105078 0.084375 0.197656 0.158333
0 0.030469 0.754167 0.032813 0.064583
0 0.058594 0.780208 0.043750 0.097917
0 0.111328 0.804688 0.083594 0.105208
0 0.175000 0.851562 0.118750 0.132292
0 0.326172 0.895312 0.250781 0.184375
0 0.480078 0.942187 0.258594 0.105208
