0 0.869922 0.808750 0.100781 0.125000
0 0.958594 0.840625 0.082812 0.098750
0 0.788281 0.783125 0.067187 0.051250
0 0.725781 0.762500 0.070312 0.055000
0 0.626172 0.730625 0.036719 0.038750
0 0.588281 0.719375 0.034375 0.061250
0 0.564063 0.716875 0.032813 0.043750
0 0.530859 0.706250 0.044531 0.057500
0 0.689844 0.446875 0.159375 0.068750
0 0.600391 0.466250 0.030469 0.047500
0 0.589453 0.484375 0.061719 0.051250
0 0.545703 0.493125 0.021094 0.046250
0 0.846875 0.389375 0.229687 0.096250
0 0.809375 0.080625 0.228125 0.118750
0 0.752344 0.156250 0.215625 0.092500
0 0.691016 0.245000 0.164844 0.070000
0 0.660937 0.279375 0.160938 0.066250
0 0.644141 0.320625 0.185156 0.061250
0 0.544531 0.339375 0.025000 0.046250
0 0.522656 0.365625 0.020313 0.053750
0 0.648438 0.117500 0.176563 0.095000
0 0.660937 0.051250 0.151562 0.090000
0 0.614844 0.175625 0.187500 0.073750
0 0.549609 0.080625 0.099219 0.051250
0 0.113281 0.302500 0.217188 0.142500
0 0.132422 0.378125 0.232031 0.108750
0 0.125391 0.878750 0.236719 0.150000
0 0.223828 0.810000 0.097656 0.107500
0 0.216406 0.706875 0.151562 0.038750
0 0.972266 0.108750 0.047656 0.125000
0 0.908984 0.188125 0.174219 0.151250
0 0.508203 0.028125 0.107031 0.046250
