0 0.799219 0.455208 0.387500 0.197917
0 0.564453 0.319792 0.339844 0.214583
0 0.480078 0.397396 0.396094 0.151042
0 0.392188 0.434375 0.367188 0.125000
0 0.247656 0.471354 0.293750 0.057292
0 0.078906 0.501042 0.050000 0.064583
0 0.052344 0.466667 0.043750 0.066667
0 0.027344 0.484375 0.025000 0.047917
0 0.154688 0.571354 0.279687 0.069792
0 0.011719 0.568229 0.017188 0.048958
0 0.050781 0.754687 0.043750 0.042708
0 0.026172 0.743229 0.032031 0.044792
0 0.139063 0.778125 0.151562 0.060417
0 0.140625 0.790625 0.112500 0.066667
0 0.178125 0.813021 0.101562 0.088542
0 0.268750 0.852083 0.120313 0.097917
0 0.333594 0.911458 0.126562 0.131250
0 0.544141 0.932292 0.291406 0.116667
0 0.339062 0.070312 0.267188 0.134375
0 0.282031 0.117708 0.268750 0.150000
0 0.212109 0.174479 0.222656 0.086458
0 0.137109 0.221354 0.180469 0.063542
0 0.033594 0.259896 0.029687 0.055208
0 0.014063 0.279167 0.023438 0.052083
0 0.075000 0.341146 0.084375 0.065625
0 0.089453 0.098437 0.091406 0.107292
0 0.074219 0.136458 0.101562 0.089583
0 0.039453 0.055208 0.060156 0.091667
