0 0.892188 0.099074 0.213542 0.194444
0 0.788542 0.228241 0.288542 0.180556
0 0.704948 0.025926 0.056771 0.042593
0 0.671615 0.056481 0.028646 0.038889
0 0.624740 0.182407 0.077604 0.077778
0 0.620313 0.205556 0.106250 0.038889
0 0.622396 0.316204 0.065625 0.058333
0 0.578125 0.349074 0.028125 0.050000
0 0.566667 0.362037 0.014583 0.050000
0 0.549740 0.314352 0.026562 0.058333
0 0.535417 0.333796 0.014583 0.036111
0 0.575521 0.200926 0.075000 0.066667
0 0.607812 0.106019 0.112500 0.065741
0 0.591406 0.088426 0.113021 0.075000
0 0.202083 0.243981 0.155208 0.062037
0 0.161979 0.170370 0.177083 0.111111
0 0.105208 0.062037 0.208333 0.112963
0 0.089323 0.469444 0.130729 0.079630
0 0.175000 0.473611 0.043750 0.060185
0 0.221875 0.477778 0.037500 0.059259
0 0.250000 0.476389 0.045833 0.073148
0 0.248958 0.087500 0.081250 0.069444
0 0.236458 0.036111 0.087500 0.057407
