0 0.869531 0.248611 0.126562 0.158333
0 0.969531 0.156250 0.046875 0.143056
0 0.906250 0.624306 0.181250 0.106944
0 0.912500 0.711111 0.173437 0.094444
0 0.716016 0.698611 0.171094 0.086111
0 0.616406 0.698611 0.057813 0.044444
0 0.578516 0.684722 0.047656 0.047222
0 0.545703 0.681250 0.032031 0.048611
0 0.521094 0.682639 0.023438 0.037500
0 0.507422 0.675694 0.022656 0.043056
0 0.492969 0.673611 0.015625 0.027778
0 0.482422 0.677778 0.011719 0.033333
0 0.471875 0.665278 0.012500 0.011111
0 0.695312 0.484722 0.112500 0.080556
0 0.655469 0.375000 0.181250 0.083333
0 0.775391 0.225000 0.211719 0.183333
0 0.882422 0.452778 0.027344 0.036111
0 0.911328 0.439583 0.038281 0.056944
0 0.961328 0.428472 0.058594 0.045833
0 0.624609 0.427083 0.147656 0.043056
0 0.592969 0.452083 0.126562 0.040278
0 0.578125 0.481250 0.031250 0.026389
0 0.563672 0.494444 0.019531 0.041667
0 0.547266 0.504861 0.017969 0.040278
0 0.522656 0.527778 0.023438 0.022222
0 0.481250 0.547917 0.067187 0.034722
0 0.479687 0.434722 0.067187 0.036111
0 0.476953 0.452778 0.075781 0.022222
0 0.475781 0.315972 0.068750 0.037500
0 0.476953 0.352778 0.071094 0.038889
0 0.478906 0.208333 0.071875 0.036111
0 0.111328 0.470139 0.058594 0.081944
0 0.047656 0.418750 0.079687 0.145833
0 0.150391 0.510417 0.042969 0.084722
0 0.131641 0.797917 0.100781 0.081944
0 0.064062 0.072917 0.103125 0.134722
0 0.094141 0.162500 0.117969 0.113889
0 0.168359 0.254167 0.036719 0.069444
0 0.196094 0.218750 0.045312 0.079167
0 0.183984 0.148611 0.094531 0.077778
0 0.155469 0.051389 0.100000 0.100000
0 0.247266 0.186806 0.019531 0.040278
0 0.250781 0.127778 0.020313 0.055556
0 0.222656 0.118056 0.037500 0.066667
0 0.211719 0.042361 0.051562 0.065278
0 0.278906 0.040278 0.029687 0.052778
0 0.296094 0.195139 0.029687 0.059722
0 0.289453 0.155556 0.017969 0.047222
0 0.256641 0.363889 0.044531 0.041667
0 0.246875 0.320833 0.018750 0.072222
0 0.226172 0.282639 0.022656 0.079167
0 0.228516 0.212500 0.030469 0.083333
0 0.286719 0.295139 0.035937 0.043056
0 0.285938 0.371528 0.029687 0.034722
0 0.264453 0.415278 0.011719 0.041667
0 0.253516 0.378472 0.025781 0.051389
0 0.277734 0.438194 0.019531 0.045833
0 0.241016 0.404167 0.030469 0.052778
0 0.224609 0.381250 0.021094 0.065278
0 0.198828 0.334028 0.039844 0.095833
0 0.183594 0.431944 0.060937 0.083333
0 0.220312 0.468056 0.029687 0.072222
0 0.241797 0.504167 0.024219 0.041667
0 0.260547 0.522222 0.010156 0.025000
0 0.272266 0.533333 0.017969 0.036111
0 0.283594 0.547917 0.014063 0.026389
0 0.298828 0.703472 0.013281 0.023611
0 0.285547 0.707639 0.013281 0.031944
0 0.274609 0.716667 0.013281 0.022222
0 0.261328 0.723611 0.013281 0.030556
0 0.250391 0.726389 0.011719 0.033333
0 0.047656 0.846528 0.068750 0.070833
0 0.196094 0.769444 0.034375 0.047222
0 0.216797 0.753472 0.024219 0.043056
0 0.237109 0.740278 0.019531 0.025000
0 0.366406 0.671528 0.018750 0.012500
0 0.406250 0.670139 0.021875 0.009722
0 0.472656 0.674306 0.012500 0.018056
0 0.623437 0.085417 0.137500 0.093056
0 0.603906 0.183333 0.146875 0.086111
0 0.557422 0.244444 0.066406 0.069444
