0 0.611719 0.740972 0.050000 0.048611
0 0.664062 0.758333 0.057813 0.069444
0 0.288281 0.711111 0.048438 0.038889
0 0.252734 0.713889 0.038281 0.027778
0 0.223828 0.763194 0.046094 0.054167
0 0.199219 0.771528 0.026562 0.048611
0 0.164453 0.800000 0.072656 0.077778
0 0.097656 0.831250 0.057813 0.068056
0 0.083594 0.320833 0.135937 0.125000
0 0.064453 0.045139 0.086719 0.076389
0 0.193750 0.228472 0.120313 0.076389
0 0.165625 0.435417 0.176563 0.104167
0 0.664453 0.430556 0.235156 0.077778
0 0.659375 0.374306 0.175000 0.106944
0 0.691406 0.325000 0.175000 0.116667
0 0.757422 0.256944 0.222656 0.177778
0 0.773828 0.029167 0.141406 0.052778
0 0.710547 0.045833 0.175781 0.088889
0 0.689063 0.116667 0.187500 0.102778
0 0.629687 0.203472 0.143750 0.104167
0 0.611328 0.255556 0.160156 0.066667
