0 0.733203 0.204167 0.102344 0.052083
0 0.630078 0.206250 0.091406 0.085417
0 0.537109 0.198437 0.089844 0.065625
0 0.442188 0.207813 0.084375 0.055208
0 0.356250 0.209896 0.100000 0.059375
0 0.272656 0.222396 0.109375 0.076042
0 0.173047 0.225000 0.113281 0.077083
0 0.095703 0.234375 0.119531 0.091667
0 0.041016 0.226042 0.077344 0.070833
0 0.050000 0.128646 0.095312 0.082292
0 0.110547 0.118750 0.117969 0.083333
0 0.185938 0.118750 0.098437 0.077083
0 0.267578 0.123438 0.107031 0.076042
0 0.363281 0.116146 0.117188 0.078125
0 0.451562 0.109375 0.098437 0.085417
0 0.545312 0.099479 0.093750 0.073958
0 0.633984 0.100521 0.086719 0.084375
0 0.726953 0.085938 0.100781 0.061458
0 0.834766 0.041667 0.094531 0.066667
0 0.930469 0.033854 0.092188 0.059375
0 0.935937 0.125521 0.104688 0.076042
0 0.836328 0.146354 0.116406 0.088542
0 0.842969 0.227604 0.100000 0.057292
0 0.931641 0.226562 0.102344 0.048958
0 0.839453 0.342187 0.094531 0.053125
0 0.731641 0.322917 0.096094 0.077083
0 0.633984 0.329167 0.086719 0.079167
0 0.542969 0.322917 0.107813 0.062500
0 0.436719 0.326562 0.098437 0.061458
0 0.344141 0.330208 0.094531 0.056250
0 0.257031 0.336458 0.085938 0.058333
0 0.166797 0.333854 0.107031 0.086458
0 0.084766 0.340625 0.100781 0.085417
0 0.035547 0.354687 0.066406 0.105208
0 0.025391 0.434896 0.044531 0.044792
0 0.120313 0.435417 0.162500 0.054167
0 0.261719 0.439063 0.087500 0.040625
0 0.348047 0.434896 0.085156 0.048958
0 0.441016 0.433854 0.100781 0.046875
0 0.536719 0.438021 0.092188 0.038542
0 0.631641 0.436979 0.097656 0.059375
0 0.731641 0.428125 0.103906 0.058333
0 0.836719 0.440104 0.106250 0.042708
0 0.935156 0.442188 0.095312 0.046875
0 0.939063 0.553125 0.104688 0.045833
0 0.843359 0.552604 0.117969 0.053125
0 0.729688 0.560417 0.107813 0.052083
0 0.626953 0.555208 0.094531 0.041667
0 0.533984 0.552604 0.089844 0.044792
0 0.434766 0.554688 0.099219 0.032292
0 0.339844 0.556771 0.093750 0.036458
0 0.251563 0.544271 0.100000 0.046875
0 0.156641 0.552083 0.103906 0.052083
0 0.069531 0.553125 0.082812 0.058333
0 0.014453 0.550000 0.017969 0.047917
0 0.250000 0.630729 0.104688 0.040625
0 0.343359 0.635938 0.100781 0.030208
0 0.431641 0.639062 0.094531 0.034375
0 0.735156 0.642708 0.096875 0.047917
0 0.251563 0.730208 0.082812 0.033333
0 0.594531 0.884896 0.320312 0.119792
0 0.352344 0.897396 0.196875 0.080208
0 0.862109 0.876563 0.261719 0.157292
