0 0.917969 0.725000 0.163021 0.185185
0 0.847135 0.903704 0.122396 0.120370
0 0.892708 0.967593 0.114583 0.048148
0 0.822656 0.671296 0.135937 0.164815
0 0.610156 0.555093 0.046354 0.028704
0 0.611979 0.576852 0.045833 0.029630
0 0.609115 0.613426 0.025521 0.023148
0 0.568229 0.607870 0.019792 0.030556
0 0.566927 0.623611 0.027604 0.036111
0 0.523958 0.621296 0.057292 0.038889
0 0.459896 0.593519 0.039583 0.029630
0 0.416927 0.592130 0.042188 0.028704
0 0.891927 0.375926 0.166146 0.151852
0 0.788021 0.413889 0.104167 0.107407
0 0.711719 0.443981 0.059896 0.075000
0 0.663802 0.450000 0.041146 0.072222
0 0.631510 0.454167 0.021354 0.056481
0 0.604427 0.459722 0.030729 0.032407
0 0.605469 0.434259 0.039062 0.037037
0 0.606771 0.312500 0.041667 0.039815
0 0.603385 0.290278 0.032813 0.037963
0 0.607031 0.274537 0.025521 0.037963
0 0.625260 0.247685 0.063021 0.036111
0 0.616146 0.222222 0.065625 0.035185
0 0.634896 0.266204 0.048958 0.062037
0 0.659896 0.221759 0.033333 0.069444
0 0.704427 0.170833 0.056771 0.128704
0 0.784896 0.095370 0.097917 0.135185
0 0.873698 0.040278 0.105729 0.075000
0 0.699479 0.035185 0.098958 0.064815
0 0.682292 0.085185 0.137500 0.085185
