0 0.373828 0.272396 0.110156 0.038542
0 0.360156 0.322396 0.075000 0.032292
0 0.312500 0.330729 0.025000 0.026042
0 0.318359 0.384375 0.047656 0.018750
0 0.346484 0.428125 0.035156 0.035417
0 0.312891 0.434375 0.030469 0.022917
0 0.309375 0.486979 0.023438 0.026042
0 0.337891 0.485417 0.033594 0.031250
0 0.319531 0.202604 0.085938 0.048958
0 0.346875 0.164583 0.053125 0.050000
0 0.404297 0.157812 0.111719 0.059375
0 0.499219 0.138542 0.081250 0.047917
0 0.275000 0.227083 0.076563 0.037500
0 0.235156 0.240625 0.042188 0.039583
0 0.206641 0.225521 0.025781 0.032292
0 0.184375 0.240625 0.023438 0.039583
0 0.169531 0.253646 0.018750 0.026042
0 0.150781 0.265104 0.018750 0.026042
0 0.137109 0.160417 0.141406 0.087500
0 0.137109 0.220833 0.100781 0.062500
