0 0.863672 0.602604 0.157031 0.063542
0 0.757031 0.605208 0.064062 0.058333
0 0.703125 0.604167 0.053125 0.050000
0 0.641406 0.614583 0.075000 0.066667
0 0.760156 0.713542 0.084375 0.035417
0 0.828906 0.480208 0.078125 0.039583
0 0.763281 0.490625 0.060937 0.060417
0 0.702344 0.498437 0.062500 0.059375
0 0.644922 0.510938 0.052344 0.055208
0 0.605859 0.517708 0.044531 0.054167
0 0.560547 0.519271 0.046094 0.051042
0 0.603516 0.382292 0.047656 0.043750
0 0.608203 0.398438 0.042969 0.034375
0 0.560547 0.396875 0.049219 0.037500
0 0.555859 0.418750 0.039844 0.031250
0 0.659766 0.386979 0.072656 0.063542
0 0.748828 0.369792 0.174219 0.072917
0 0.862109 0.339583 0.146094 0.062500
0 0.856641 0.183333 0.172656 0.095833
0 0.798438 0.207292 0.150000 0.087500
0 0.751953 0.234896 0.158594 0.067708
0 0.690625 0.259896 0.150000 0.071875
0 0.607422 0.236979 0.063281 0.078125
0 0.591406 0.259375 0.103125 0.060417
0 0.509375 0.266667 0.065625 0.050000
0 0.464844 0.274479 0.037500 0.046875
0 0.295312 0.273958 0.409375 0.070833
0 0.171484 0.232292 0.216406 0.150000
0 0.253906 0.058854 0.189062 0.101042
0 0.211719 0.143229 0.150000 0.078125
0 0.213672 0.176563 0.172656 0.084375
0 0.094531 0.149479 0.034375 0.053125
0 0.076953 0.189583 0.033594 0.058333
0 0.440234 0.054688 0.219531 0.094792
0 0.179688 0.387500 0.054688 0.072917
0 0.139844 0.400521 0.065625 0.071875
0 0.104297 0.439583 0.050781 0.066667
0 0.092188 0.333333 0.042188 0.050000
0 0.259375 0.566146 0.204687 0.048958
0 0.138281 0.566146 0.031250 0.055208
0 0.114453 0.564063 0.036719 0.057292
0 0.096484 0.520312 0.047656 0.042708
0 0.154297 0.793750 0.024219 0.050000
0 0.184766 0.813542 0.049219 0.060417
0 0.219531 0.834375 0.050000 0.052083
0 0.306250 0.913542 0.126562 0.106250
0 0.525000 0.954688 0.345313 0.090625
0 0.843359 0.969271 0.303906 0.055208
0 0.957422 0.921354 0.075781 0.076042
0 0.942578 0.283333 0.089844 0.212500
0 0.948438 0.541146 0.087500 0.036458
0 0.965234 0.033854 0.061719 0.067708
0 0.880859 0.046875 0.211719 0.093750
0 0.821484 0.072917 0.216406 0.100000
0 0.767188 0.106771 0.192188 0.094792
0 0.697656 0.145833 0.179688 0.095833
