0 0.666016 0.093229 0.578906 0.094792
0 0.671094 0.194271 0.568750 0.123958
0 0.714453 0.311979 0.547656 0.155208
0 0.700391 0.430729 0.555469 0.161458
0 0.708594 0.581250 0.542188 0.143750
0 0.708984 0.713021 0.549219 0.159375
0 0.693359 0.841146 0.589844 0.121875
0 0.701953 0.947396 0.591406 0.096875
0 0.170313 0.893750 0.321875 0.193750
0 0.173828 0.790625 0.339844 0.222917
0 0.175781 0.698958 0.346875 0.187500
0 0.175000 0.590104 0.334375 0.138542
0 0.158594 0.461458 0.306250 0.179167
0 0.171875 0.353646 0.325000 0.171875
0 0.162500 0.222917 0.317188 0.189583
0 0.168359 0.111979 0.328906 0.203125
