0 0.584375 0.763194 0.170313 0.098611
0 0.486328 0.750000 0.060156 0.052778
0 0.443359 0.735417 0.057031 0.034722
0 0.412500 0.711111 0.025000 0.036111
0 0.344531 0.696528 0.051562 0.029167
0 0.239453 0.702083 0.057031 0.029167
0 0.096094 0.303472 0.090625 0.098611
0 0.040625 0.304861 0.079687 0.095833
0 0.058594 0.142361 0.065625 0.109722
0 0.118750 0.132639 0.085938 0.123611
0 0.152344 0.045139 0.073438 0.081944
0 0.093359 0.054861 0.078906 0.109722
0 0.040625 0.058333 0.078125 0.100000
0 0.910937 0.856944 0.175000 0.116667
0 0.801562 0.822222 0.109375 0.119444
