0 0.823177 0.393056 0.265104 0.121296
0 0.954688 0.111574 0.078125 0.102778
0 0.773438 0.206481 0.248958 0.114815
0 0.674219 0.287500 0.130729 0.063889
0 0.758073 0.735648 0.171354 0.087963
0 0.691927 0.691204 0.121354 0.073148
0 0.630469 0.654167 0.024479 0.037963
0 0.761719 0.909259 0.120313 0.155556
0 0.057813 0.837037 0.103125 0.131481
0 0.101823 0.769444 0.165104 0.109259
0 0.172135 0.743519 0.114062 0.114815
0 0.245833 0.692593 0.052083 0.085185
0 0.247396 0.516204 0.045833 0.067593
0 0.204427 0.515278 0.051562 0.063889
0 0.141667 0.506019 0.076042 0.075000
0 0.047396 0.513426 0.089583 0.086111
0 0.031771 0.137037 0.057292 0.083333
