0 0.830078 0.113194 0.261719 0.218056
0 0.763281 0.281250 0.290625 0.193056
0 0.690625 0.363889 0.221875 0.122222
0 0.596484 0.426389 0.092969 0.083333
0 0.584375 0.466667 0.110937 0.075000
0 0.524609 0.493056 0.011719 0.030556
0 0.572656 0.601389 0.034375 0.058333
0 0.607422 0.585417 0.057031 0.081944
0 0.680859 0.557639 0.096094 0.109722
0 0.828516 0.483333 0.210156 0.208333
0 0.964453 0.438889 0.060156 0.213889
0 0.877734 0.909028 0.236719 0.170833
0 0.773047 0.839583 0.271094 0.201389
0 0.681641 0.800000 0.161719 0.119444
0 0.610938 0.756250 0.053125 0.051389
0 0.652734 0.113889 0.192969 0.141667
0 0.642969 0.034722 0.098437 0.055556
0 0.619141 0.224306 0.135156 0.145833
0 0.574219 0.279861 0.101562 0.090278
0 0.548828 0.322917 0.085156 0.073611
0 0.532031 0.377083 0.070312 0.054167
0 0.520703 0.232639 0.060156 0.070833
0 0.535547 0.197917 0.069531 0.073611
0 0.547656 0.136806 0.071875 0.104167
0 0.562109 0.041667 0.074219 0.077778
0 0.418359 0.650694 0.019531 0.006944
0 0.418750 0.656944 0.018750 0.005556
0 0.418359 0.665278 0.019531 0.011111
