0 0.534375 0.602778 0.027083 0.024074
0 0.488281 0.618056 0.083854 0.045370
0 0.394531 0.526389 0.026562 0.028704
0 0.426823 0.745370 0.116146 0.068519
0 0.710417 0.675463 0.043750 0.062037
0 0.762240 0.695833 0.072396 0.082407
0 0.815885 0.757870 0.119271 0.095370
0 0.919792 0.735648 0.113542 0.158333
0 0.977083 0.779630 0.038542 0.114815
0 0.990625 0.270833 0.016667 0.041667
0 0.961979 0.284722 0.033333 0.049074
0 0.935417 0.293056 0.032292 0.034259
0 0.903125 0.306944 0.035417 0.037963
0 0.854167 0.367593 0.038542 0.020370
0 0.857812 0.381019 0.029167 0.015741
0 0.857552 0.398148 0.031771 0.027778
0 0.911458 0.380093 0.043750 0.036111
0 0.934375 0.370833 0.027083 0.034259
0 0.962760 0.368981 0.029687 0.036111
0 0.964844 0.457870 0.028646 0.028704
0 0.938021 0.459259 0.036458 0.027778
0 0.907292 0.463426 0.025000 0.025000
0 0.939323 0.080556 0.105729 0.072222
0 0.934896 0.043519 0.052083 0.064815
0 0.962760 0.022222 0.031771 0.035185
0 0.960156 0.106019 0.041146 0.047222
0 0.985156 0.080556 0.026562 0.050000
0 0.933594 0.125000 0.044271 0.044444
0 0.055729 0.500926 0.111458 0.157407
0 0.153646 0.493519 0.122917 0.159259
0 0.248958 0.506481 0.080208 0.109259
0 0.323698 0.516204 0.053646 0.095370
0 0.116667 0.064815 0.222917 0.120370
0 0.153646 0.154167 0.286458 0.213889
0 0.202344 0.218056 0.260937 0.141667
0 0.318229 0.784259 0.039583 0.109259
0 0.259896 0.868519 0.100000 0.150000
0 0.189583 0.941204 0.105208 0.104630
0 0.650781 0.503704 0.028646 0.007407
0 0.651042 0.512500 0.028125 0.010185
0 0.653906 0.521759 0.022396 0.008333
0 0.653646 0.528241 0.022917 0.004630
0 0.653385 0.533333 0.023438 0.005556
0 0.655208 0.540741 0.025000 0.011111
