0 0.873177 0.413889 0.169271 0.098148
0 0.742708 0.441204 0.073958 0.050926
0 0.684635 0.462037 0.061979 0.044444
0 0.642969 0.460185 0.021354 0.038889
0 0.626042 0.464815 0.018750 0.038889
0 0.607292 0.472685 0.017708 0.030556
0 0.594531 0.476389 0.018229 0.037963
0 0.581771 0.477315 0.012500 0.028704
0 0.568750 0.479167 0.013542 0.026852
0 0.671615 0.268519 0.126562 0.070370
0 0.721615 0.202315 0.165104 0.071296
0 0.755990 0.167593 0.180729 0.103704
0 0.761198 0.120833 0.131771 0.147222
0 0.901563 0.056481 0.131250 0.109259
0 0.630469 0.153241 0.105729 0.062037
0 0.623437 0.193056 0.118750 0.060185
0 0.562760 0.145370 0.029687 0.025926
0 0.566927 0.163426 0.033854 0.034259
0 0.566667 0.179167 0.036458 0.032407
0 0.564844 0.204167 0.040104 0.039815
0 0.562500 0.231944 0.028125 0.043519
0 0.561719 0.263426 0.021354 0.041667
0 0.548958 0.286574 0.021875 0.047222
0 0.628125 0.315741 0.095833 0.035185
0 0.612500 0.342130 0.090625 0.047222
0 0.567187 0.045370 0.054167 0.038889
0 0.261979 0.371759 0.136458 0.063889
0 0.336458 0.386574 0.025000 0.041667
0 0.353125 0.397685 0.015625 0.039815
0 0.361458 0.385185 0.013542 0.031481
0 0.370573 0.395833 0.013021 0.030556
0 0.383073 0.407870 0.010937 0.021296
0 0.361719 0.319444 0.045312 0.035185
0 0.360677 0.302315 0.026562 0.026852
0 0.349219 0.312963 0.020313 0.042593
0 0.336458 0.296759 0.023958 0.043519
0 0.262500 0.263889 0.122917 0.053704
0 0.289062 0.191204 0.147917 0.056481
0 0.279427 0.151852 0.146354 0.066667
0 0.237240 0.113426 0.183854 0.054630
0 0.280469 0.069907 0.144271 0.065741
0 0.269271 0.021759 0.147917 0.037963
0 0.357812 0.154630 0.070833 0.064815
0 0.467448 0.566667 0.024479 0.014815
0 0.363542 0.040741 0.026042 0.051852
0 0.358854 0.065278 0.039583 0.058333
