0 0.964323 0.441204 0.065104 0.126852
0 0.879167 0.467593 0.138542 0.129630
0 0.896354 0.745833 0.134375 0.141667
0 0.881771 0.812963 0.125000 0.116667
0 0.970052 0.865278 0.053646 0.097222
0 0.744010 0.683796 0.122396 0.084259
0 0.671094 0.672222 0.040104 0.066667
0 0.634375 0.643519 0.036458 0.075926
0 0.608594 0.630093 0.032813 0.062037
0 0.684115 0.389352 0.093229 0.065741
0 0.833073 0.335185 0.218229 0.087037
0 0.237240 0.803704 0.056771 0.062963
0 0.270573 0.770833 0.025521 0.060185
0 0.107031 0.965741 0.107813 0.061111
0 0.121094 0.167130 0.236979 0.145370
0 0.154427 0.411111 0.273438 0.351852
0 0.730729 0.087963 0.191667 0.094444
0 0.549740 0.102778 0.079687 0.053704
0 0.681771 0.169444 0.132292 0.061111
