0 0.738672 0.822917 0.102344 0.093056
0 0.862109 0.863889 0.146094 0.141667
0 0.620313 0.776389 0.109375 0.075000
0 0.765625 0.212500 0.245312 0.202778
0 0.601172 0.167361 0.074219 0.129167
0 0.552734 0.245139 0.038281 0.090278
0 0.521484 0.307639 0.033594 0.076389
0 0.496875 0.358333 0.021875 0.069444
0 0.480859 0.393750 0.013281 0.054167
0 0.469141 0.422222 0.013281 0.047222
0 0.488672 0.286806 0.064844 0.048611
0 0.497656 0.256250 0.065625 0.048611
0 0.496094 0.206250 0.043750 0.079167
0 0.526563 0.189583 0.046875 0.062500
0 0.548438 0.129167 0.043750 0.100000
0 0.579688 0.051389 0.048438 0.088889
0 0.536719 0.036111 0.040625 0.069444
0 0.514453 0.106250 0.038281 0.054167
0 0.947266 0.240278 0.094531 0.166667
0 0.100781 0.193750 0.043750 0.115278
0 0.037500 0.217361 0.060937 0.148611
0 0.082812 0.013194 0.034375 0.023611
0 0.139453 0.081250 0.066406 0.098611
0 0.130859 0.018750 0.041406 0.034722
0 0.177734 0.218750 0.066406 0.070833
0 0.205078 0.270139 0.042969 0.056944
0 0.220312 0.310417 0.037500 0.045833
0 0.241016 0.288889 0.022656 0.044444
0 0.248828 0.320139 0.014844 0.031944
0 0.256641 0.352083 0.008594 0.029167
0 0.258594 0.424306 0.009375 0.040278
0 0.251172 0.400000 0.017969 0.041667
0 0.212500 0.413889 0.020313 0.050000
0 0.194922 0.379861 0.025781 0.059722
0 0.170703 0.330556 0.028906 0.075000
0 0.134375 0.277778 0.050000 0.094444
0 0.230859 0.439583 0.022656 0.054167
0 0.247266 0.476389 0.016406 0.036111
0 0.258984 0.495833 0.013281 0.033333
0 0.183203 0.021528 0.044531 0.037500
0 0.194141 0.118056 0.064844 0.055556
0 0.213281 0.182639 0.051562 0.070833
0 0.473828 0.325000 0.088281 0.047222
0 0.480469 0.133333 0.053125 0.050000
