0 0.710938 0.702778 0.189062 0.086111
0 0.611719 0.704167 0.018750 0.044444
0 0.596875 0.700694 0.014063 0.045833
0 0.586719 0.693056 0.012500 0.030556
0 0.578125 0.727778 0.021875 0.041667
0 0.564453 0.720833 0.010156 0.027778
0 0.373437 0.741667 0.065625 0.036111
0 0.331641 0.747917 0.032031 0.051389
0 0.019141 0.759028 0.035156 0.070833
0 0.071094 0.738889 0.092188 0.069444
0 0.148438 0.742361 0.065625 0.056944
0 0.199609 0.733333 0.075781 0.044444
0 0.247266 0.731944 0.046094 0.044444
0 0.279687 0.724306 0.039062 0.037500
0 0.309375 0.714583 0.032813 0.034722
0 0.307422 0.590972 0.030469 0.040278
0 0.278125 0.581944 0.034375 0.052778
0 0.244531 0.561806 0.039062 0.051389
0 0.207813 0.545833 0.053125 0.072222
0 0.150391 0.524306 0.067969 0.087500
0 0.080859 0.474306 0.086719 0.120833
0 0.378125 0.405556 0.751563 0.163889
0 0.705078 0.372917 0.016406 0.048611
0 0.683984 0.399306 0.025781 0.062500
0 0.642188 0.243750 0.171875 0.081944
0 0.652734 0.172222 0.153906 0.108333
0 0.686719 0.063194 0.209375 0.118056
0 0.087891 0.222222 0.074219 0.133333
0 0.029297 0.104861 0.057031 0.073611
0 0.026953 0.166667 0.049219 0.105556
0 0.151172 0.313194 0.067969 0.112500
0 0.208594 0.370139 0.053125 0.079167
0 0.247656 0.409722 0.043750 0.066667
0 0.279687 0.445139 0.026562 0.051389
0 0.266797 0.463194 0.119531 0.054167
0 0.262500 0.327083 0.143750 0.056944
0 0.225391 0.279861 0.155469 0.070833
0 0.203516 0.224306 0.142969 0.065278
0 0.170703 0.161806 0.157031 0.087500
0 0.118750 0.086111 0.160938 0.088889
0 0.183984 0.054861 0.046094 0.079167
0 0.100391 0.025000 0.108594 0.041667
0 0.293750 0.054167 0.078125 0.063889
0 0.278516 0.017361 0.080469 0.029167
0 0.235937 0.072917 0.081250 0.098611
0 0.261719 0.131250 0.082812 0.062500
0 0.280469 0.181944 0.092188 0.066667
