0 0.777344 0.216146 0.345313 0.257292
0 0.898047 0.102083 0.202344 0.179167
0 0.560547 0.271875 0.191406 0.191667
0 0.432422 0.306250 0.097656 0.135417
0 0.353516 0.333854 0.089844 0.115625
0 0.285938 0.348958 0.096875 0.089583
0 0.148828 0.394792 0.296094 0.125000
0 0.137500 0.068750 0.262500 0.135417
0 0.442188 0.044792 0.254688 0.087500
0 0.068750 0.487500 0.129688 0.079167
0 0.027734 0.850000 0.053906 0.102083
0 0.067187 0.897396 0.085938 0.153125
0 0.214453 0.944271 0.224219 0.107292
0 0.149609 0.567187 0.036719 0.042708
0 0.187109 0.564583 0.038281 0.047917
0 0.228516 0.556771 0.053906 0.046875
0 0.286328 0.549479 0.061719 0.061458
0 0.377344 0.545312 0.120313 0.053125
0 0.540234 0.519792 0.164844 0.087500
0 0.719922 0.509896 0.194531 0.107292
0 0.903516 0.486458 0.186719 0.127083
