0 0.922656 0.797396 0.146875 0.073958
0 0.811719 0.902604 0.165625 0.094792
0 0.659766 0.936979 0.353906 0.117708
0 0.414453 0.926562 0.296094 0.138542
0 0.236328 0.890104 0.128906 0.107292
0 0.173437 0.846875 0.060937 0.077083
0 0.118359 0.807813 0.044531 0.044792
0 0.196484 0.568229 0.180469 0.053125
0 0.096875 0.572917 0.045312 0.058333
0 0.065625 0.577083 0.045312 0.047917
0 0.048047 0.517708 0.038281 0.050000
0 0.021094 0.527604 0.029687 0.044792
0 0.181250 0.391667 0.151562 0.068750
0 0.158594 0.333333 0.151562 0.245833
0 0.187500 0.282813 0.203125 0.059375
0 0.341797 0.298958 0.155469 0.079167
0 0.053516 0.338542 0.025781 0.047917
0 0.029297 0.361458 0.039844 0.037500
0 0.203906 0.075521 0.228125 0.105208
0 0.180859 0.147917 0.207031 0.083333
0 0.385937 0.056250 0.178125 0.100000
0 0.788672 0.611979 0.142969 0.057292
0 0.682813 0.609896 0.056250 0.042708
0 0.614062 0.610938 0.078125 0.032292
0 0.548828 0.606771 0.041406 0.023958
0 0.530859 0.518750 0.058594 0.027083
0 0.487109 0.513542 0.033594 0.020833
0 0.487109 0.529687 0.027344 0.030208
0 0.563672 0.513542 0.046094 0.029167
0 0.616797 0.513021 0.071094 0.023958
0 0.681641 0.495312 0.057031 0.032292
0 0.744922 0.493229 0.067969 0.030208
0 0.789453 0.359375 0.150781 0.056250
0 0.719141 0.371875 0.128906 0.050000
0 0.632812 0.384375 0.053125 0.054167
0 0.584766 0.402604 0.050781 0.038542
0 0.544141 0.390625 0.046094 0.037500
0 0.543359 0.410417 0.041406 0.033333
0 0.505469 0.424479 0.035937 0.026042
0 0.476172 0.434375 0.017969 0.020833
0 0.478906 0.416667 0.017188 0.022917
0 0.504687 0.406771 0.037500 0.019792
0 0.573047 0.263542 0.092969 0.079167
0 0.533594 0.276562 0.076563 0.048958
0 0.485156 0.267708 0.029687 0.020833
0 0.479297 0.285938 0.030469 0.023958
0 0.446484 0.279687 0.039844 0.038542
0 0.413672 0.280729 0.036719 0.023958
0 0.411328 0.296354 0.022656 0.030208
0 0.661719 0.260937 0.110937 0.078125
0 0.723437 0.233333 0.131250 0.068750
0 0.776953 0.206250 0.153906 0.081250
0 0.913672 0.227083 0.113281 0.050000
0 0.902344 0.389583 0.139063 0.047917
0 0.909766 0.559375 0.110156 0.037500
0 0.976953 0.441667 0.044531 0.041667
0 0.936719 0.450521 0.060937 0.036458
0 0.980078 0.203125 0.033594 0.050000
0 0.983984 0.093750 0.025781 0.047917
0 0.940625 0.105729 0.054688 0.042708
0 0.914062 0.066667 0.106250 0.072917
0 0.770703 0.069792 0.132031 0.093750
0 0.728906 0.094271 0.140625 0.101042
0 0.682031 0.125521 0.125000 0.086458
0 0.635156 0.159896 0.134375 0.067708
0 0.670703 0.032292 0.138281 0.054167
