0 0.678125 0.615741 0.092708 0.046296
0 0.423177 0.671296 0.049479 0.046296
0 0.452083 0.639815 0.030208 0.033333
0 0.372917 0.478704 0.040625 0.037037
0 0.324740 0.452778 0.054688 0.066667
0 0.204948 0.439815 0.163021 0.098148
0 0.084115 0.424074 0.159896 0.114815
0 0.206250 0.057407 0.222917 0.105556
0 0.321094 0.039352 0.077604 0.071296
0 0.330469 0.090278 0.089063 0.063889
0 0.347396 0.127778 0.100000 0.068519
0 0.391146 0.329630 0.018750 0.037037
0 0.367448 0.301852 0.028646 0.064815
0 0.339062 0.273148 0.045833 0.085185
0 0.294531 0.306019 0.038021 0.056481
0 0.807552 0.138889 0.209896 0.112963
0 0.848698 0.036574 0.186979 0.062037
