0 0.872266 0.223611 0.208594 0.222222
0 0.783203 0.075000 0.128906 0.150000
0 0.669141 0.043056 0.122656 0.072222
0 0.638281 0.118750 0.106250 0.081944
0 0.604297 0.195833 0.096094 0.105556
0 0.750000 0.383333 0.204687 0.141667
0 0.649219 0.467361 0.150000 0.070833
0 0.560547 0.494444 0.032031 0.055556
0 0.542578 0.507639 0.016406 0.054167
0 0.526563 0.526389 0.020313 0.044444
0 0.509766 0.550000 0.016406 0.033333
0 0.492578 0.562500 0.010156 0.025000
0 0.482422 0.569444 0.011719 0.027778
0 0.541016 0.385417 0.094531 0.056944
0 0.558203 0.306250 0.069531 0.084722
0 0.528516 0.231250 0.072656 0.062500
0 0.523828 0.290972 0.075781 0.059722
0 0.472266 0.267361 0.019531 0.012500
0 0.475391 0.280556 0.019531 0.016667
0 0.471484 0.295833 0.013281 0.016667
0 0.477734 0.359028 0.025781 0.040278
0 0.182031 0.400000 0.096875 0.061111
0 0.211328 0.431250 0.074219 0.048611
0 0.254297 0.450000 0.025781 0.047222
0 0.268359 0.453472 0.019531 0.034722
0 0.282422 0.473611 0.016406 0.044444
0 0.298047 0.492361 0.013281 0.029167
0 0.308203 0.513194 0.021094 0.029167
0 0.273047 0.406944 0.060156 0.041667
0 0.282031 0.384722 0.017188 0.041667
0 0.260156 0.370833 0.025000 0.058333
0 0.241406 0.334028 0.026562 0.062500
0 0.180859 0.287500 0.102344 0.066667
0 0.185156 0.035417 0.134375 0.062500
0 0.199609 0.095833 0.122656 0.075000
0 0.262891 0.150000 0.028906 0.052778
0 0.198828 0.152778 0.072656 0.061111
0 0.280078 0.172917 0.033594 0.048611
0 0.293750 0.161806 0.029687 0.045833
0 0.251172 0.050000 0.061719 0.088889
0 0.289844 0.252083 0.040625 0.048611
0 0.263672 0.252083 0.021094 0.054167
0 0.247656 0.206944 0.020313 0.075000
0 0.530078 0.069444 0.077344 0.072222
0 0.538281 0.117361 0.123438 0.056944
0 0.467187 0.122222 0.018750 0.038889
0 0.387500 0.678472 0.028125 0.012500
