0 0.184375 0.233854 0.071875 0.055208
0 0.188672 0.270313 0.074219 0.030208
0 0.192969 0.309375 0.065625 0.047917
0 0.185938 0.343750 0.051562 0.020833
0 0.167187 0.385417 0.089063 0.060417
0 0.156641 0.466146 0.078906 0.063542
0 0.163281 0.427604 0.076563 0.053125
0 0.155469 0.501042 0.084375 0.035417
0 0.161719 0.536979 0.071875 0.036458
0 0.167578 0.571875 0.082031 0.033333
0 0.171094 0.613542 0.075000 0.050000
0 0.275391 0.650521 0.258594 0.038542
0 0.271094 0.689583 0.250000 0.039583
0 0.253516 0.727083 0.299219 0.062500
0 0.260156 0.488021 0.162500 0.190625
0 0.486719 0.453125 0.414062 0.247917
0 0.661328 0.311979 0.457031 0.403125
0 0.916016 0.238021 0.157031 0.440625
0 0.463281 0.087500 0.523438 0.172917
