0 0.072135 0.275000 0.143229 0.181481
0 0.180729 0.335648 0.084375 0.112037
0 0.234635 0.363889 0.049479 0.081481
0 0.280208 0.394444 0.045833 0.057407
0 0.259896 0.253241 0.112500 0.069444
0 0.328385 0.289815 0.026562 0.053704
0 0.346094 0.316667 0.023438 0.024074
0 0.378385 0.293981 0.059896 0.049074
0 0.363802 0.192593 0.082812 0.033333
0 0.325000 0.153704 0.071875 0.031481
0 0.280729 0.111111 0.117708 0.046296
0 0.246354 0.052315 0.138542 0.063889
0 0.369531 0.082870 0.065104 0.060185
0 0.758073 0.111111 0.154688 0.100000
0 0.785156 0.045370 0.141146 0.075926
0 0.936979 0.079167 0.121875 0.156481
0 0.935677 0.462963 0.114062 0.138889
0 0.947917 0.850926 0.100000 0.172222
0 0.860156 0.774074 0.122396 0.138889
0 0.781510 0.731019 0.085938 0.113889
0 0.738281 0.691667 0.075521 0.075926
0 0.690104 0.647685 0.041667 0.075000
0 0.673177 0.642130 0.057813 0.062037
0 0.660677 0.626852 0.057813 0.062963
0 0.621094 0.622222 0.020313 0.050000
0 0.607031 0.608796 0.023438 0.037963
0 0.590625 0.601389 0.023958 0.036111
0 0.636198 0.489815 0.068229 0.050000
0 0.614062 0.416204 0.032292 0.049074
0 0.621615 0.330093 0.042188 0.043519
0 0.603125 0.343519 0.013542 0.027778
0 0.590365 0.351852 0.017188 0.044444
0 0.662760 0.428241 0.048438 0.037963
0 0.630208 0.437037 0.020833 0.040741
0 0.715104 0.394444 0.052083 0.081481
0 0.751823 0.372685 0.054688 0.104630
0 0.848698 0.360648 0.151562 0.106481
0 0.079948 0.925463 0.152604 0.143519
0 0.171094 0.816204 0.106771 0.115741
0 0.228125 0.761111 0.086458 0.077778
0 0.265104 0.725463 0.092708 0.104630
0 0.304167 0.680093 0.051042 0.047222
0 0.247656 0.488889 0.157812 0.081481
0 0.333333 0.478241 0.022917 0.052778
0 0.373698 0.487963 0.019271 0.042593
0 0.354167 0.487963 0.015625 0.040741
0 0.327865 0.664815 0.028646 0.048148
0 0.335677 0.649074 0.045312 0.053704
0 0.349740 0.612037 0.061979 0.038889
0 0.380729 0.603241 0.022917 0.032407
0 0.393490 0.593056 0.020313 0.037963
0 0.617188 0.056944 0.044792 0.054630
0 0.620313 0.094444 0.066667 0.051852
0 0.603906 0.128704 0.048438 0.048148
0 0.622656 0.149537 0.048438 0.058333
0 0.609375 0.178704 0.044792 0.038889
0 0.695573 0.169444 0.080729 0.077778
0 0.676302 0.218519 0.092188 0.050000
0 0.620052 0.240278 0.036979 0.050926
0 0.600260 0.260648 0.021354 0.041667
0 0.615104 0.287963 0.085417 0.037037
