0 0.044531 0.763194 0.084375 0.084722
0 0.117578 0.743056 0.077344 0.088889
0 0.182812 0.741667 0.051562 0.063889
0 0.242188 0.733333 0.042188 0.055556
0 0.279687 0.727083 0.039062 0.043056
0 0.308594 0.719444 0.023438 0.041667
0 0.331250 0.720139 0.021875 0.040278
0 0.335547 0.748611 0.053906 0.036111
0 0.390625 0.740278 0.062500 0.033333
0 0.698047 0.704167 0.158594 0.063889
0 0.617578 0.705556 0.025781 0.038889
0 0.600781 0.701389 0.014063 0.036111
0 0.591016 0.695833 0.010156 0.022222
0 0.583203 0.727083 0.025781 0.031944
0 0.567187 0.715972 0.014063 0.023611
0 0.916797 0.782639 0.160156 0.134722
0 0.698047 0.052778 0.183594 0.094444
0 0.668750 0.150000 0.151562 0.097222
0 0.635938 0.227778 0.109375 0.075000
0 0.632812 0.272222 0.121875 0.077778
0 0.044531 0.463889 0.078125 0.116667
0 0.121484 0.508333 0.077344 0.088889
0 0.183984 0.533333 0.061719 0.069444
0 0.238281 0.559028 0.043750 0.056944
0 0.271484 0.579167 0.033594 0.047222
0 0.301172 0.588889 0.025781 0.044444
0 0.326562 0.595139 0.026562 0.040278
0 0.278125 0.484028 0.128125 0.051389
0 0.264062 0.461111 0.109375 0.038889
0 0.278516 0.425000 0.035156 0.058333
0 0.201172 0.395833 0.132031 0.075000
0 0.146094 0.339583 0.151562 0.087500
0 0.087500 0.272917 0.164062 0.115278
0 0.058594 0.193750 0.101562 0.134722
0 0.061328 0.151389 0.083594 0.111111
0 0.140625 0.037500 0.103125 0.066667
0 0.122266 0.070139 0.110156 0.137500
0 0.212500 0.099306 0.043750 0.093056
0 0.198828 0.138889 0.055469 0.105556
0 0.245312 0.191667 0.046875 0.111111
0 0.237891 0.256250 0.127344 0.084722
0 0.258984 0.308333 0.125781 0.077778
0 0.292187 0.347222 0.101562 0.047222
0 0.292578 0.215972 0.097656 0.062500
0 0.275781 0.163194 0.110937 0.068056
0 0.264453 0.104167 0.113281 0.077778
0 0.255078 0.041667 0.094531 0.077778
0 0.312891 0.086111 0.063281 0.072222
0 0.310547 0.034028 0.064844 0.062500
