0 0.898047 0.129861 0.178906 0.245833
0 0.782422 0.286806 0.113281 0.195833
0 0.704688 0.260417 0.129688 0.148611
0 0.659375 0.410417 0.156250 0.112500
0 0.808984 0.689583 0.142969 0.084722
0 0.793359 0.766667 0.136719 0.116667
0 0.921875 0.787500 0.151562 0.138889
0 0.680078 0.722222 0.103906 0.069444
0 0.620313 0.715278 0.029687 0.055556
0 0.601172 0.704861 0.022656 0.056944
0 0.585938 0.704167 0.018750 0.047222
0 0.574609 0.703472 0.010156 0.034722
0 0.566797 0.700000 0.007031 0.022222
0 0.558984 0.697917 0.011719 0.023611
0 0.553516 0.694444 0.005469 0.022222
0 0.546875 0.693056 0.006250 0.013889
0 0.581250 0.492361 0.035937 0.045833
0 0.655469 0.515278 0.057813 0.030556
0 0.619531 0.528472 0.009375 0.020833
0 0.074609 0.497222 0.124219 0.116667
0 0.083594 0.196528 0.131250 0.140278
0 0.170313 0.276389 0.057813 0.105556
0 0.218359 0.325000 0.046094 0.075000
0 0.230469 0.302778 0.095312 0.075000
0 0.218359 0.229167 0.113281 0.069444
0 0.191797 0.136111 0.125781 0.100000
0 0.256641 0.134722 0.047656 0.069444
0 0.268359 0.193750 0.064844 0.062500
0 0.288281 0.238194 0.060937 0.059722
0 0.299219 0.183333 0.040625 0.055556
0 0.322266 0.209722 0.030469 0.052778
0 0.326562 0.250694 0.043750 0.054167
0 0.324219 0.310417 0.046875 0.048611
0 0.308594 0.317361 0.021875 0.054167
0 0.286719 0.271528 0.029687 0.070833
0 0.284375 0.344444 0.031250 0.072222
0 0.304688 0.379167 0.026562 0.052778
0 0.305469 0.458333 0.025000 0.050000
0 0.253125 0.433333 0.085938 0.061111
0 0.232422 0.499306 0.075781 0.065278
0 0.283594 0.511111 0.034375 0.047222
0 0.323047 0.546528 0.024219 0.034722
0 0.309375 0.429167 0.045312 0.047222
0 0.339453 0.453472 0.017969 0.040278
0 0.352344 0.474306 0.015625 0.031944
0 0.336328 0.404167 0.050781 0.041667
0 0.334766 0.347917 0.049219 0.034722
0 0.339453 0.222917 0.038281 0.051389
0 0.322656 0.179861 0.070312 0.040278
0 0.304688 0.145833 0.076563 0.050000
0 0.285938 0.106944 0.084375 0.061111
0 0.247656 0.054167 0.117188 0.072222
0 0.306250 0.026389 0.046875 0.047222
0 0.323437 0.054167 0.065625 0.047222
0 0.349609 0.100000 0.036719 0.058333
0 0.330469 0.089583 0.020313 0.056944
0 0.341406 0.133333 0.031250 0.055556
0 0.162500 0.528472 0.062500 0.079167
0 0.212891 0.563194 0.050781 0.065278
0 0.183984 0.813194 0.114844 0.090278
0 0.087109 0.840278 0.072656 0.083333
0 0.024219 0.847222 0.045312 0.091667
0 0.250000 0.786806 0.051562 0.045833
0 0.281641 0.767361 0.032031 0.037500
0 0.305469 0.758333 0.026562 0.025000
0 0.322266 0.752083 0.016406 0.029167
0 0.338672 0.750694 0.024219 0.031944
0 0.356641 0.742361 0.008594 0.026389
0 0.369922 0.733333 0.011719 0.019444
0 0.381641 0.728472 0.014844 0.015278
0 0.366797 0.575694 0.016406 0.029167
0 0.353906 0.571528 0.014063 0.034722
0 0.340234 0.561111 0.016406 0.033333
0 0.384375 0.591667 0.010937 0.025000
0 0.376172 0.585417 0.011719 0.029167
0 0.392188 0.598611 0.014063 0.022222
0 0.401562 0.604167 0.012500 0.025000
0 0.403516 0.718056 0.022656 0.022222
0 0.445703 0.700000 0.025781 0.008333
0 0.466406 0.696528 0.021875 0.012500
0 0.566797 0.572917 0.069531 0.034722
0 0.554297 0.463194 0.052344 0.043056
0 0.550391 0.352778 0.064844 0.036111
0 0.555469 0.247222 0.067187 0.041667
0 0.611328 0.225000 0.096094 0.069444
0 0.631250 0.146528 0.106250 0.109722
0 0.354687 0.202778 0.040625 0.022222
0 0.364844 0.168750 0.017188 0.043056
0 0.361719 0.231944 0.045312 0.036111
0 0.358984 0.268056 0.021094 0.033333
0 0.357812 0.290972 0.037500 0.040278
0 0.367969 0.337500 0.046875 0.036111
0 0.356641 0.384722 0.038281 0.030556
0 0.365625 0.406250 0.037500 0.026389
0 0.360938 0.468056 0.015625 0.030556
0 0.363672 0.486806 0.027344 0.029167
0 0.379688 0.496528 0.012500 0.026389
