0 0.144141 0.421875 0.238281 0.136250
0 0.346484 0.293125 0.163281 0.121250
0 0.491016 0.400000 0.452344 0.172500
0 0.733984 0.435625 0.060156 0.091250
0 0.772656 0.448750 0.042188 0.082500
0 0.805078 0.467500 0.032031 0.060000
0 0.826562 0.486250 0.020313 0.080000
0 0.846875 0.486250 0.018750 0.045000
0 0.851953 0.670625 0.014844 0.041250
0 0.832422 0.686250 0.032031 0.055000
0 0.792969 0.711250 0.103125 0.070000
0 0.764453 0.759375 0.103906 0.098750
0 0.597266 0.816250 0.308594 0.155000
0 0.524219 0.885000 0.484375 0.195000
0 0.251953 0.953125 0.124219 0.088750
0 0.466016 0.221875 0.263281 0.091250
0 0.328516 0.141250 0.360156 0.122500
