0 0.205469 0.278704 0.177604 0.072222
0 0.172396 0.232407 0.198958 0.088889
0 0.200260 0.184722 0.075521 0.123148
0 0.113281 0.108796 0.104688 0.191667
0 0.039323 0.052315 0.075521 0.100926
0 0.213281 0.043519 0.155729 0.075926
0 0.305208 0.055556 0.095833 0.085185
0 0.297135 0.257870 0.109896 0.023148
0 0.338021 0.413426 0.187500 0.439815
0 0.503906 0.597685 0.069271 0.028704
0 0.592187 0.644907 0.026042 0.056481
0 0.617969 0.641667 0.018229 0.031481
0 0.620573 0.678241 0.025521 0.036111
0 0.648438 0.703241 0.040625 0.058333
0 0.627604 0.122222 0.104167 0.068519
0 0.638281 0.078241 0.101562 0.063889
0 0.660417 0.012037 0.089583 0.022222
0 0.698698 0.165278 0.104688 0.071296
0 0.729427 0.202315 0.156771 0.084259
0 0.714323 0.102778 0.083854 0.096296
0 0.740365 0.147222 0.116146 0.090741
0 0.822396 0.062500 0.198958 0.102778
0 0.776302 0.019907 0.067187 0.037963
0 0.670052 0.232870 0.154688 0.069444
