0 0.926562 0.325000 0.142708 0.190741
0 0.790625 0.394444 0.122917 0.138889
0 0.713281 0.425926 0.056771 0.098148
0 0.667188 0.448148 0.052083 0.077778
0 0.630469 0.459722 0.023438 0.050926
0 0.612240 0.469907 0.025521 0.052778
0 0.589323 0.473611 0.030729 0.045370
0 0.593750 0.569907 0.037500 0.025000
0 0.580729 0.484722 0.015625 0.019444
0 0.579167 0.450000 0.013542 0.027778
0 0.579948 0.434259 0.014063 0.018519
0 0.578906 0.413889 0.011979 0.022222
0 0.579167 0.399074 0.009375 0.029630
0 0.578646 0.379167 0.008333 0.026852
0 0.577344 0.319444 0.007812 0.022222
0 0.578906 0.340278 0.010937 0.019444
0 0.577344 0.358333 0.011979 0.022222
0 0.626563 0.320833 0.090625 0.050926
0 0.630208 0.279167 0.088542 0.075000
0 0.662500 0.248611 0.121875 0.075000
0 0.703385 0.206481 0.134896 0.096296
0 0.730729 0.124537 0.118750 0.143519
0 0.827344 0.048611 0.186979 0.087963
0 0.640104 0.061111 0.071875 0.116667
0 0.640104 0.123611 0.094792 0.084259
0 0.620833 0.166204 0.089583 0.073148
0 0.604688 0.031944 0.055208 0.050926
0 0.814063 0.730556 0.144792 0.164815
0 0.926042 0.792593 0.144792 0.212963
0 0.830729 0.932870 0.201042 0.125000
0 0.725781 0.896759 0.068229 0.147222
0 0.695312 0.801852 0.037500 0.072222
0 0.652865 0.787963 0.073438 0.096296
0 0.691146 0.640741 0.080208 0.087037
0 0.724479 0.655093 0.095833 0.119444
