0 0.934766 0.630000 0.049219 0.030000
0 0.866797 0.626250 0.057031 0.037500
0 0.894922 0.621250 0.038281 0.025000
0 0.826172 0.686250 0.025781 0.025000
0 0.785937 0.740000 0.037500 0.042500
0 0.661719 0.851250 0.110937 0.110000
0 0.611328 0.931250 0.160156 0.125000
0 0.478516 0.974375 0.133594 0.051250
0 0.236719 0.142500 0.440625 0.282500
0 0.369141 0.236875 0.396094 0.256250
0 0.495703 0.298750 0.274219 0.177500
0 0.592969 0.353750 0.204687 0.095000
0 0.713672 0.377500 0.042969 0.070000
0 0.752344 0.393125 0.042188 0.066250
0 0.794922 0.438125 0.039844 0.041250
0 0.701953 0.230000 0.228906 0.097500
0 0.769141 0.152500 0.067969 0.107500
0 0.674609 0.165000 0.180469 0.087500
0 0.609766 0.083125 0.274219 0.076250
0 0.567969 0.024375 0.300000 0.031250
