0 0.925781 0.636875 0.039062 0.026250
0 0.969922 0.646250 0.044531 0.045000
0 0.966797 0.580625 0.057031 0.031250
0 0.910937 0.585000 0.043750 0.040000
0 0.916406 0.526250 0.050000 0.037500
0 0.966406 0.522500 0.050000 0.045000
0 0.962500 0.446875 0.050000 0.033750
0 0.911328 0.453750 0.046094 0.030000
0 0.860547 0.461250 0.053906 0.045000
0 0.810547 0.461250 0.046094 0.045000
0 0.768359 0.470625 0.038281 0.063750
0 0.813672 0.536875 0.047656 0.026250
0 0.862109 0.531250 0.050781 0.042500
0 0.907031 0.380625 0.051562 0.043750
0 0.854688 0.387500 0.053125 0.030000
0 0.805078 0.395000 0.046094 0.045000
0 0.762109 0.402500 0.039844 0.030000
0 0.760156 0.347500 0.040625 0.047500
0 0.801953 0.336250 0.035156 0.060000
0 0.847266 0.324375 0.057031 0.063750
0 0.905078 0.315625 0.053906 0.063750
0 0.961328 0.296250 0.058594 0.045000
0 0.990625 0.370625 0.015625 0.038750
0 0.955859 0.380000 0.052344 0.035000
0 0.987109 0.213125 0.016406 0.041250
0 0.951562 0.237500 0.062500 0.067500
0 0.898438 0.248125 0.046875 0.058750
0 0.850391 0.253125 0.050781 0.061250
0 0.810156 0.271250 0.046875 0.070000
0 0.776172 0.281250 0.064844 0.060000
0 0.765234 0.219375 0.052344 0.056250
0 0.799219 0.209375 0.043750 0.076250
0 0.840234 0.187500 0.036719 0.060000
0 0.893359 0.181875 0.057031 0.078750
0 0.947656 0.153750 0.054688 0.065000
0 0.987500 0.148750 0.025000 0.075000
0 0.984375 0.066875 0.031250 0.071250
0 0.944922 0.091250 0.067969 0.067500
0 0.898047 0.106875 0.066406 0.071250
0 0.846094 0.132500 0.075000 0.070000
0 0.807031 0.141250 0.068750 0.072500
0 0.059375 0.890000 0.115625 0.105000
0 0.055859 0.818125 0.085156 0.083750
