0 0.090234 0.080000 0.069531 0.045000
0 0.092188 0.165000 0.068750 0.047500
0 0.157812 0.167500 0.062500 0.042500
0 0.151172 0.081250 0.060156 0.045000
0 0.214844 0.088125 0.065625 0.048750
0 0.270703 0.092500 0.046094 0.040000
0 0.274609 0.162500 0.050781 0.037500
0 0.220312 0.165625 0.048438 0.038750
0 0.223438 0.245625 0.054688 0.051250
0 0.104688 0.248750 0.057813 0.060000
0 0.114453 0.333750 0.061719 0.055000
0 0.174609 0.330625 0.058594 0.061250
0 0.232813 0.317500 0.057813 0.035000
0 0.291016 0.310000 0.058594 0.050000
0 0.280078 0.239375 0.067969 0.053750
0 0.337500 0.304375 0.068750 0.038750
0 0.377734 0.355625 0.092969 0.033750
0 0.305859 0.381250 0.060156 0.055000
0 0.241797 0.396875 0.057031 0.066250
0 0.132031 0.420000 0.056250 0.055000
0 0.187500 0.406250 0.057813 0.050000
0 0.301563 0.583125 0.123438 0.093750
0 0.193359 0.620625 0.116406 0.081250
0 0.409766 0.548750 0.121094 0.107500
0 0.507812 0.455000 0.067187 0.052500
0 0.503906 0.596250 0.075000 0.065000
0 0.654687 0.590000 0.253125 0.117500
0 0.887891 0.545625 0.217969 0.098750
0 0.848047 0.213125 0.213281 0.093750
0 0.971484 0.201875 0.052344 0.063750
0 0.857812 0.059375 0.176563 0.108750
0 0.968359 0.035000 0.044531 0.060000
0 0.499609 0.082500 0.113281 0.092500
0 0.580469 0.066875 0.057813 0.071250
0 0.633203 0.076250 0.052344 0.042500
0 0.676562 0.076875 0.046875 0.051250
0 0.720703 0.079375 0.041406 0.066250
