0 0.020703 0.187500 0.039844 0.086111
0 0.100000 0.054861 0.157812 0.104167
0 0.300000 0.690972 0.050000 0.026389
0 0.333594 0.685417 0.026562 0.018056
0 0.367969 0.690972 0.050000 0.023611
0 0.456250 0.691667 0.053125 0.016667
0 0.079687 0.809028 0.151562 0.084722
0 0.045703 0.834028 0.085156 0.106944
0 0.670703 0.703472 0.067969 0.070833
0 0.822266 0.688194 0.238281 0.131944
0 0.971094 0.686806 0.054688 0.129167
0 0.860156 0.437500 0.075000 0.077778
0 0.936719 0.388194 0.081250 0.087500
0 0.732422 0.309028 0.238281 0.104167
0 0.803125 0.231250 0.275000 0.181944
0 0.875000 0.130556 0.245312 0.250000
0 0.918750 0.522917 0.025000 0.018056
0 0.860938 0.336806 0.017188 0.018056
0 0.873437 0.327083 0.020313 0.020833
