0 0.518359 0.557639 0.083594 0.034722
0 0.237109 0.552083 0.022656 0.029167
0 0.257812 0.557639 0.015625 0.020833
0 0.273047 0.579861 0.016406 0.015278
0 0.315625 0.532639 0.014063 0.018056
0 0.325781 0.540278 0.007812 0.013889
0 0.271875 0.501389 0.010937 0.008333
0 0.355859 0.511806 0.008594 0.018056
0 0.363281 0.518056 0.006250 0.011111
0 0.340625 0.525694 0.010937 0.015278
0 0.348828 0.530556 0.005469 0.008333
0 0.335547 0.579861 0.010156 0.009722
0 0.347656 0.584722 0.014063 0.008333
0 0.231250 0.706250 0.009375 0.020833
0 0.244141 0.705556 0.016406 0.016667
0 0.260547 0.702778 0.016406 0.019444
0 0.274609 0.659722 0.014844 0.013889
0 0.280469 0.739583 0.015625 0.015278
0 0.296094 0.736806 0.014063 0.015278
0 0.314063 0.729167 0.010937 0.013889
0 0.324609 0.726389 0.007031 0.013889
0 0.333594 0.723611 0.009375 0.011111
0 0.341797 0.720139 0.008594 0.012500
0 0.317578 0.776389 0.013281 0.011111
0 0.329688 0.766667 0.014063 0.011111
0 0.667578 0.564583 0.013281 0.012500
0 0.655078 0.506944 0.008594 0.016667
0 0.669141 0.625694 0.011719 0.012500
