0 0.859635 0.042130 0.136979 0.076852
0 0.847135 0.425000 0.081771 0.085185
0 0.766667 0.442593 0.071875 0.066667
0 0.814583 0.101852 0.179167 0.131481
0 0.790885 0.195833 0.208854 0.113889
0 0.126042 0.191667 0.238542 0.125926
0 0.099219 0.088426 0.118229 0.154630
0 0.028125 0.037963 0.048958 0.068519
0 0.242448 0.299537 0.159896 0.073148
0 0.312500 0.355556 0.123958 0.044444
0 0.386979 0.378704 0.025000 0.040741
0 0.369792 0.227315 0.072917 0.028704
0 0.399740 0.256019 0.039062 0.032407
0 0.330208 0.130093 0.098958 0.084259
0 0.429167 0.032407 0.027083 0.053704
0 0.367188 0.071296 0.104167 0.059259
0 0.500260 0.610185 0.065104 0.035185
0 0.637760 0.539352 0.033854 0.026852
0 0.646354 0.606019 0.038542 0.026852
0 0.633333 0.625463 0.027083 0.026852
0 0.759896 0.762037 0.055208 0.079630
