0 0.885417 0.367593 0.148958 0.174074
0 0.767708 0.418056 0.082292 0.126852
0 0.702344 0.429630 0.067187 0.096296
0 0.647656 0.600926 0.035937 0.046296
0 0.649219 0.521759 0.041146 0.025000
0 0.643229 0.500463 0.044792 0.030556
0 0.644010 0.471759 0.043229 0.041667
0 0.641406 0.446296 0.051562 0.037037
0 0.641667 0.420370 0.038542 0.044444
0 0.634115 0.380556 0.040104 0.048148
0 0.668490 0.339352 0.016146 0.028704
0 0.665625 0.314352 0.014583 0.030556
0 0.644792 0.225000 0.037500 0.046296
0 0.651042 0.243519 0.033333 0.037037
0 0.658073 0.272222 0.019271 0.020370
0 0.657292 0.302315 0.017708 0.039815
0 0.655208 0.338426 0.020833 0.032407
0 0.654948 0.370370 0.020313 0.038889
0 0.773177 0.145370 0.202604 0.127778
0 0.800260 0.063426 0.160938 0.121296
