0 0.225781 0.158750 0.425000 0.302500
0 0.318359 0.320625 0.603906 0.258750
0 0.662109 0.360625 0.132031 0.148750
0 0.746875 0.400625 0.062500 0.103750
0 0.801562 0.413125 0.043750 0.088750
0 0.833984 0.434375 0.044531 0.086250
0 0.857422 0.445625 0.025781 0.071250
0 0.877734 0.450625 0.027344 0.061250
0 0.810937 0.605000 0.060937 0.110000
0 0.753516 0.617500 0.064844 0.130000
0 0.497656 0.692500 0.453125 0.255000
0 0.216406 0.803125 0.417187 0.298750
0 0.587891 0.920625 0.280469 0.123750
0 0.689453 0.868125 0.150781 0.118750
0 0.726562 0.808125 0.167187 0.098750
0 0.834766 0.764375 0.060156 0.053750
0 0.867578 0.741250 0.050781 0.045000
0 0.895312 0.709375 0.029687 0.051250
0 0.988281 0.638125 0.018750 0.036250
0 0.615234 0.076250 0.317969 0.150000
0 0.684766 0.166875 0.282031 0.116250
0 0.774609 0.049375 0.135156 0.081250
0 0.858203 0.155000 0.041406 0.070000
0 0.841016 0.193750 0.130469 0.060000
0 0.752734 0.241875 0.194531 0.091250
0 0.832422 0.276250 0.080469 0.087500
0 0.860938 0.311875 0.064062 0.053750
0 0.901953 0.345000 0.025781 0.057500
0 0.918750 0.363125 0.021875 0.056250
0 0.910156 0.258125 0.039062 0.031250
