0 0.838281 0.782407 0.116146 0.155556
0 0.935417 0.836111 0.127083 0.183333
0 0.790104 0.709259 0.138542 0.111111
0 0.716406 0.669444 0.072396 0.081481
0 0.666667 0.651389 0.043750 0.063889
0 0.638802 0.639352 0.025521 0.058333
0 0.620052 0.622222 0.022396 0.048148
0 0.599219 0.609722 0.029687 0.045370
0 0.698698 0.381481 0.067187 0.070370
0 0.725521 0.354630 0.060417 0.085185
0 0.873698 0.316204 0.222396 0.139815
0 0.155729 0.515741 0.089583 0.092593
0 0.059375 0.522685 0.113542 0.106481
0 0.178125 0.368519 0.130208 0.085185
0 0.258854 0.388889 0.045833 0.077778
0 0.284896 0.298148 0.034375 0.070370
0 0.260417 0.270370 0.040625 0.087037
0 0.186719 0.222685 0.159896 0.119444
0 0.147917 0.091667 0.119792 0.150000
0 0.074219 0.032870 0.119271 0.060185
0 0.205469 0.048148 0.078646 0.090741
0 0.251042 0.121296 0.047917 0.096296
0 0.277344 0.173148 0.026562 0.072222
0 0.283854 0.084259 0.031250 0.079630
0 0.249740 0.033333 0.060937 0.061111
0 0.306250 0.119907 0.065625 0.047222
0 0.295573 0.249074 0.036979 0.074074
0 0.318750 0.274074 0.019792 0.055556
0 0.334635 0.296759 0.019271 0.050926
0 0.305208 0.420833 0.030208 0.045370
0 0.322135 0.432407 0.019271 0.053704
0 0.339583 0.437963 0.018750 0.042593
0 0.323958 0.691667 0.022917 0.057407
0 0.308854 0.697685 0.014583 0.056481
0 0.285417 0.750000 0.036458 0.072222
0 0.253906 0.772685 0.041146 0.071296
0 0.224479 0.849537 0.072917 0.119444
0 0.149219 0.925000 0.104688 0.131481
0 0.492448 0.550000 0.020313 0.007407
0 0.443750 0.555093 0.023958 0.019444
0 0.588281 0.305093 0.117188 0.052778
0 0.593490 0.148611 0.093229 0.045370
