0 0.884766 0.762500 0.147656 0.080556
0 0.976562 0.754861 0.043750 0.090278
0 0.800391 0.741667 0.077344 0.077778
0 0.759375 0.733333 0.090625 0.063889
0 0.694922 0.724306 0.061719 0.059722
0 0.655859 0.711806 0.024219 0.043056
0 0.633203 0.709028 0.032031 0.054167
0 0.604688 0.702778 0.023438 0.041667
0 0.586328 0.704167 0.021094 0.027778
0 0.569922 0.701389 0.016406 0.025000
0 0.551172 0.695139 0.017969 0.040278
0 0.049219 0.810417 0.095312 0.129167
0 0.150391 0.775000 0.100781 0.100000
0 0.214453 0.748611 0.071094 0.077778
0 0.246094 0.729861 0.059375 0.062500
0 0.286328 0.718750 0.035156 0.045833
0 0.306250 0.704167 0.029687 0.041667
0 0.322656 0.701389 0.021875 0.036111
0 0.337500 0.687500 0.015625 0.016667
0 0.305078 0.518750 0.064844 0.040278
0 0.358203 0.544444 0.008594 0.022222
0 0.324219 0.539583 0.067187 0.023611
0 0.316016 0.396528 0.088281 0.059722
0 0.165625 0.425694 0.040625 0.087500
0 0.129688 0.391667 0.059375 0.100000
0 0.058203 0.336806 0.099219 0.109722
0 0.129688 0.229861 0.132812 0.159722
0 0.075781 0.088194 0.142187 0.165278
0 0.231250 0.275694 0.015625 0.037500
0 0.245312 0.304861 0.014063 0.031944
0 0.264062 0.337500 0.021875 0.044444
0 0.354297 0.330556 0.027344 0.027778
0 0.327344 0.283333 0.071875 0.036111
0 0.351172 0.218750 0.036719 0.043056
0 0.514453 0.677778 0.010156 0.022222
0 0.527344 0.684028 0.017188 0.020833
0 0.551562 0.578472 0.029687 0.026389
0 0.581641 0.520833 0.063281 0.044444
0 0.589063 0.502083 0.059375 0.040278
0 0.637891 0.463194 0.091406 0.051389
0 0.658984 0.442361 0.091406 0.056944
0 0.678906 0.408333 0.089063 0.086111
0 0.750391 0.361111 0.153906 0.105556
0 0.821484 0.297917 0.182031 0.134722
0 0.868359 0.221528 0.149219 0.173611
0 0.936328 0.095139 0.113281 0.151389
0 0.749609 0.125694 0.189844 0.115278
0 0.776172 0.057639 0.177344 0.109722
0 0.669922 0.124306 0.099219 0.095833
0 0.680469 0.227083 0.101562 0.079167
0 0.653516 0.279167 0.096094 0.066667
0 0.634375 0.329167 0.098437 0.063889
0 0.579297 0.334028 0.019531 0.056944
0 0.563281 0.366667 0.015625 0.050000
0 0.551562 0.393056 0.018750 0.038889
0 0.612891 0.416667 0.077344 0.058333
0 0.566797 0.434722 0.016406 0.041667
0 0.553516 0.458333 0.017969 0.041667
0 0.544141 0.468056 0.014844 0.036111
0 0.533984 0.477778 0.010156 0.027778
0 0.535937 0.390278 0.034375 0.033333
0 0.536719 0.347917 0.012500 0.037500
0 0.550000 0.344444 0.021875 0.036111
0 0.567187 0.316667 0.035937 0.050000
0 0.594922 0.281250 0.061719 0.048611
0 0.568750 0.283333 0.062500 0.052778
0 0.575000 0.239583 0.053125 0.037500
0 0.596875 0.206944 0.068750 0.052778
0 0.592578 0.159028 0.067969 0.062500
0 0.621484 0.095139 0.064844 0.081944
0 0.648047 0.040278 0.078906 0.066667
0 0.604688 0.027083 0.040625 0.051389
0 0.599609 0.077083 0.053906 0.062500
0 0.573047 0.024306 0.019531 0.043056
0 0.562891 0.082639 0.016406 0.048611
0 0.567578 0.130556 0.055469 0.052778
0 0.532031 0.293750 0.034375 0.062500
