0 0.120703 0.825000 0.085156 0.069444
0 0.050000 0.857639 0.098437 0.073611
0 0.178125 0.805556 0.060937 0.063889
0 0.054688 0.269444 0.103125 0.186111
0 0.103906 0.332639 0.159375 0.137500
0 0.160547 0.389583 0.155469 0.118056
0 0.241797 0.432639 0.055469 0.079167
0 0.273438 0.388194 0.065625 0.073611
0 0.311719 0.410417 0.042188 0.048611
0 0.332031 0.442361 0.032813 0.034722
0 0.348047 0.459722 0.032031 0.033333
0 0.366797 0.475000 0.022656 0.038889
0 0.363281 0.388889 0.048438 0.055556
0 0.346484 0.344444 0.049219 0.038889
0 0.206641 0.250694 0.149219 0.109722
0 0.158984 0.173611 0.191406 0.119444
0 0.114844 0.097917 0.193750 0.154167
0 0.073047 0.037500 0.122656 0.075000
0 0.839453 0.182639 0.219531 0.165278
0 0.860938 0.888194 0.225000 0.148611
0 0.739453 0.860417 0.075781 0.098611
0 0.691797 0.799306 0.063281 0.095833
0 0.676562 0.134028 0.134375 0.098611
0 0.727734 0.427083 0.199219 0.084722
0 0.266016 0.057639 0.102344 0.076389
0 0.304688 0.122222 0.037500 0.066667
0 0.290234 0.229861 0.050781 0.087500
0 0.319531 0.179167 0.059375 0.063889
0 0.625391 0.755556 0.036719 0.050000
