0 0.974479 0.300000 0.047917 0.233333
0 0.874740 0.350926 0.174479 0.187037
0 0.754427 0.411574 0.102604 0.112037
0 0.684896 0.433333 0.048958 0.083333
0 0.638021 0.449074 0.043750 0.085185
0 0.615365 0.456944 0.018229 0.056481
0 0.595833 0.466204 0.019792 0.036111
0 0.583073 0.469444 0.007812 0.037037
0 0.574740 0.472685 0.009896 0.034259
0 0.565365 0.475926 0.013021 0.037037
0 0.555990 0.475926 0.009896 0.031481
0 0.708333 0.644444 0.096875 0.087037
0 0.671354 0.611111 0.079167 0.066667
0 0.628646 0.596759 0.036458 0.050926
0 0.608854 0.583333 0.028125 0.048148
0 0.589844 0.569907 0.019271 0.028704
0 0.590625 0.681481 0.010417 0.042593
0 0.602083 0.700000 0.020833 0.048148
0 0.635938 0.740741 0.060417 0.098148
0 0.692708 0.788889 0.094792 0.101852
0 0.701042 0.827778 0.062500 0.105556
0 0.750260 0.943056 0.092188 0.102778
0 0.145052 0.825463 0.100521 0.121296
0 0.061198 0.917593 0.111979 0.155556
0 0.730990 0.081481 0.075521 0.161111
0 0.674740 0.155556 0.076563 0.138889
0 0.678906 0.243519 0.128646 0.101852
0 0.648958 0.274074 0.101042 0.085185
0 0.595313 0.303241 0.021875 0.062037
0 0.580990 0.334722 0.021354 0.047222
0 0.565365 0.352778 0.013021 0.035185
0 0.553125 0.370833 0.015625 0.043519
0 0.585417 0.275463 0.083333 0.032407
0 0.570573 0.248611 0.043229 0.045370
0 0.596875 0.228241 0.069792 0.075000
0 0.590104 0.198148 0.038542 0.068519
0 0.645833 0.159722 0.134375 0.099074
0 0.652604 0.072222 0.119792 0.112963
0 0.480990 0.540278 0.020313 0.006481
0 0.481250 0.550463 0.023958 0.013889
