0 0.773438 0.739583 0.073438 0.073611
0 0.720313 0.743056 0.092188 0.125000
0 0.659766 0.698611 0.080469 0.075000
0 0.604297 0.698611 0.044531 0.050000
0 0.884375 0.777083 0.207813 0.151389
0 0.437500 0.716667 0.093750 0.055556
0 0.333203 0.688194 0.058594 0.054167
0 0.474219 0.675000 0.046875 0.041667
0 0.180078 0.772917 0.035156 0.062500
0 0.136719 0.802778 0.070312 0.100000
0 0.063672 0.845139 0.110156 0.145833
0 0.058203 0.323611 0.082031 0.147222
0 0.119531 0.393750 0.062500 0.126389
0 0.163672 0.433333 0.046094 0.091667
0 0.200391 0.464583 0.030469 0.065278
0 0.232422 0.499306 0.039844 0.070833
0 0.222656 0.392361 0.073438 0.056944
0 0.230078 0.352083 0.024219 0.068056
0 0.176172 0.322222 0.091406 0.055556
0 0.114453 0.247917 0.183594 0.115278
0 0.092578 0.174306 0.147656 0.098611
0 0.080469 0.068056 0.100000 0.127778
0 0.158984 0.090972 0.085156 0.131944
0 0.188281 0.172222 0.076563 0.063889
0 0.219531 0.227083 0.031250 0.048611
0 0.222656 0.280556 0.079687 0.069444
0 0.263281 0.350000 0.028125 0.052778
0 0.273047 0.379861 0.027344 0.043056
0 0.231641 0.170833 0.061719 0.069444
0 0.233984 0.126389 0.052344 0.044444
0 0.190234 0.056250 0.097656 0.084722
0 0.227734 0.031250 0.061719 0.054167
0 0.659766 0.218056 0.142969 0.094444
0 0.646875 0.274306 0.175000 0.073611
0 0.611719 0.318056 0.148438 0.072222
0 0.574219 0.351389 0.121875 0.058333
0 0.682031 0.418056 0.176563 0.083333
0 0.585938 0.447917 0.045312 0.065278
0 0.559375 0.472222 0.025000 0.050000
0 0.539844 0.479861 0.028125 0.048611
0 0.542969 0.443056 0.076563 0.055556
0 0.500781 0.463889 0.020313 0.047222
0 0.485547 0.479861 0.016406 0.040278
0 0.473828 0.497222 0.008594 0.027778
0 0.461719 0.509722 0.017188 0.025000
0 0.543359 0.262500 0.099219 0.050000
0 0.520312 0.309722 0.073438 0.052778
0 0.499609 0.340972 0.074219 0.043056
0 0.600781 0.095139 0.140625 0.101389
0 0.630859 0.141667 0.192969 0.111111
0 0.753906 0.135417 0.085938 0.076389
0 0.749219 0.331250 0.039062 0.043056
0 0.719922 0.356944 0.046094 0.033333
0 0.866406 0.485417 0.039062 0.048611
0 0.840625 0.490278 0.031250 0.047222
0 0.955469 0.441667 0.031250 0.052778
0 0.982812 0.429861 0.034375 0.051389
0 0.977734 0.322222 0.041406 0.052778
0 0.940234 0.346528 0.041406 0.051389
0 0.901563 0.366667 0.045312 0.044444
0 0.867578 0.380556 0.035156 0.052778
0 0.832812 0.397917 0.034375 0.031944
0 0.823047 0.282639 0.033594 0.037500
0 0.792188 0.303472 0.032813 0.031944
0 0.793359 0.320139 0.035156 0.037500
0 0.825781 0.293750 0.043750 0.029167
0 0.866406 0.275000 0.056250 0.027778
0 0.906641 0.253472 0.071094 0.062500
0 0.943359 0.233333 0.074219 0.052778
0 0.970313 0.200000 0.056250 0.055556
0 0.951953 0.077778 0.072656 0.083333
0 0.855859 0.164583 0.050781 0.043056
0 0.917969 0.111111 0.068750 0.063889
0 0.892969 0.138889 0.082812 0.052778
0 0.876172 0.039583 0.074219 0.068056
0 0.901563 0.022222 0.081250 0.041667
0 0.528906 0.106944 0.048438 0.069444
0 0.553906 0.057639 0.067187 0.070833
0 0.499609 0.109722 0.019531 0.050000
0 0.492188 0.174306 0.051562 0.068056
0 0.485156 0.039583 0.042188 0.068056
0 0.491016 0.053472 0.052344 0.051389
