0 0.897396 0.425000 0.177083 0.146296
0 0.852083 0.282407 0.280208 0.125926
0 0.711198 0.358333 0.171354 0.066667
0 0.658594 0.395370 0.097396 0.037037
0 0.622135 0.417593 0.072396 0.035185
0 0.737760 0.758796 0.142187 0.100926
0 0.656771 0.713426 0.041667 0.084259
0 0.627865 0.676852 0.032813 0.055556
0 0.616146 0.651389 0.041667 0.047222
0 0.593229 0.639352 0.011458 0.030556
0 0.581250 0.627778 0.010417 0.037037
0 0.571354 0.614815 0.012500 0.038889
0 0.031250 0.545370 0.058333 0.081481
0 0.090625 0.527315 0.089583 0.084259
0 0.164583 0.534259 0.064583 0.059259
0 0.111198 0.868981 0.161979 0.158333
0 0.216927 0.786111 0.049479 0.072222
0 0.240885 0.737963 0.038021 0.042593
0 0.273438 0.719907 0.038542 0.045370
0 0.297396 0.687963 0.023958 0.033333
0 0.313281 0.675463 0.023438 0.041667
0 0.329427 0.662963 0.021354 0.031481
0 0.349479 0.638889 0.016667 0.022222
0 0.363281 0.628704 0.018229 0.022222
0 0.161979 0.410648 0.151042 0.060185
0 0.249740 0.428704 0.046354 0.057407
0 0.289323 0.448148 0.040104 0.033333
0 0.318490 0.450000 0.017188 0.031481
0 0.333333 0.453704 0.013542 0.038889
0 0.345833 0.459259 0.011458 0.027778
0 0.355469 0.464815 0.009896 0.031481
0 0.364583 0.467593 0.009375 0.025926
0 0.375781 0.468981 0.014063 0.023148
0 0.122396 0.246296 0.154167 0.127778
0 0.102604 0.164815 0.085417 0.129630
0 0.030208 0.119907 0.057292 0.095370
0 0.178906 0.161574 0.115104 0.078704
0 0.134375 0.055556 0.191667 0.088889
0 0.247917 0.217593 0.035417 0.064815
0 0.277083 0.247685 0.025000 0.060185
0 0.228385 0.324074 0.077604 0.062963
0 0.269010 0.343519 0.038021 0.042593
0 0.294271 0.300463 0.021875 0.043519
0 0.314323 0.320833 0.024479 0.037963
0 0.325781 0.339815 0.015104 0.044444
0 0.334635 0.332870 0.021354 0.032407
0 0.348958 0.346296 0.015625 0.031481
0 0.359115 0.363426 0.016146 0.023148
0 0.311719 0.258796 0.061979 0.058333
0 0.279948 0.170370 0.032813 0.061111
0 0.243750 0.122685 0.048958 0.078704
0 0.267969 0.056944 0.023438 0.063889
0 0.224479 0.022685 0.071875 0.039815
0 0.291927 0.025000 0.020313 0.044444
0 0.269010 0.015278 0.032813 0.026852
0 0.286458 0.065278 0.069792 0.050926
0 0.326562 0.089815 0.047917 0.057407
0 0.314063 0.024537 0.035417 0.043519
0 0.295833 0.150926 0.047917 0.046296
0 0.309115 0.185648 0.047396 0.037963
0 0.343750 0.162037 0.057292 0.033333
0 0.366927 0.201852 0.027604 0.033333
0 0.328385 0.208333 0.039062 0.046296
0 0.356250 0.248148 0.014583 0.027778
0 0.347656 0.269444 0.046354 0.027778
0 0.351562 0.277315 0.061458 0.034259
0 0.683854 0.103241 0.188542 0.086111
0 0.691406 0.035648 0.148438 0.063889
0 0.561719 0.608796 0.008854 0.034259
0 0.554688 0.594444 0.013542 0.022222
0 0.571094 0.191667 0.085938 0.046296
0 0.570052 0.060648 0.094271 0.054630
0 0.339583 0.029167 0.043750 0.052778
0 0.560156 0.337037 0.066146 0.046296
0 0.553125 0.462037 0.057292 0.033333
