0 0.907813 0.284028 0.162500 0.231944
0 0.819141 0.381944 0.183594 0.158333
0 0.717969 0.457639 0.101562 0.134722
0 0.645703 0.504167 0.052344 0.097222
0 0.606250 0.529167 0.040625 0.075000
0 0.577344 0.556944 0.031250 0.055556
0 0.555078 0.575694 0.019531 0.054167
0 0.542969 0.584722 0.012500 0.047222
0 0.531250 0.591667 0.021875 0.044444
0 0.585156 0.438194 0.090625 0.059722
0 0.575391 0.470139 0.102344 0.054167
0 0.573828 0.371528 0.032031 0.054167
0 0.624609 0.392361 0.122656 0.068056
0 0.643359 0.359028 0.125781 0.079167
0 0.629297 0.292361 0.058594 0.115278
0 0.753906 0.197917 0.225000 0.137500
0 0.775391 0.090972 0.136719 0.168056
0 0.615625 0.059722 0.048438 0.105556
0 0.638281 0.077778 0.084375 0.116667
0 0.581641 0.143056 0.036719 0.094444
0 0.560937 0.210417 0.031250 0.070833
0 0.580078 0.237500 0.047656 0.088889
0 0.600781 0.163889 0.054688 0.086111
0 0.571094 0.034028 0.067187 0.059722
0 0.552344 0.068750 0.065625 0.081944
0 0.540234 0.127778 0.074219 0.066667
0 0.535547 0.172917 0.061719 0.065278
0 0.494531 0.245139 0.054688 0.045833
0 0.536328 0.327083 0.053906 0.059722
0 0.557422 0.245833 0.055469 0.072222
0 0.929297 0.726389 0.139844 0.150000
0 0.806250 0.727083 0.129688 0.104167
0 0.719531 0.720833 0.078125 0.102778
0 0.650000 0.714583 0.045312 0.076389
0 0.611328 0.713889 0.042969 0.055556
0 0.582031 0.708333 0.028125 0.038889
0 0.558984 0.706250 0.021094 0.037500
0 0.546875 0.704861 0.017188 0.037500
0 0.532031 0.704861 0.017188 0.034722
0 0.520312 0.702083 0.018750 0.031944
0 0.509766 0.696528 0.010156 0.023611
0 0.515625 0.606944 0.014063 0.033333
0 0.545312 0.502778 0.073438 0.050000
0 0.501172 0.472917 0.036719 0.037500
0 0.512891 0.520833 0.027344 0.030556
0 0.493750 0.587500 0.018750 0.027778
0 0.037109 0.778472 0.071094 0.079167
0 0.098437 0.755556 0.075000 0.080556
0 0.221484 0.720139 0.117969 0.045833
0 0.295703 0.713194 0.014844 0.026389
0 0.306250 0.714583 0.020313 0.034722
0 0.316406 0.712500 0.012500 0.027778
0 0.322266 0.706250 0.010156 0.018056
0 0.235547 0.526389 0.116406 0.047222
0 0.275781 0.560417 0.076563 0.037500
0 0.299609 0.579861 0.055469 0.037500
0 0.330469 0.545833 0.039062 0.019444
0 0.325781 0.470833 0.043750 0.036111
0 0.269141 0.404167 0.088281 0.044444
0 0.243750 0.382639 0.128125 0.062500
0 0.224609 0.347222 0.142969 0.061111
0 0.210547 0.298611 0.133594 0.088889
0 0.172266 0.242361 0.197656 0.068056
0 0.153516 0.184028 0.178906 0.087500
0 0.129688 0.120833 0.189062 0.147222
0 0.100000 0.034722 0.185938 0.061111
0 0.276562 0.127778 0.101562 0.055556
0 0.289453 0.165278 0.094531 0.041667
0 0.301563 0.209028 0.071875 0.037500
0 0.233984 0.046528 0.089844 0.081944
