0 0.920052 0.430556 0.159896 0.120370
0 0.921094 0.797685 0.154688 0.154630
0 0.924219 0.875463 0.148438 0.154630
0 0.761458 0.715278 0.163542 0.076852
0 0.678125 0.678241 0.090625 0.069444
0 0.637240 0.655556 0.064062 0.053704
0 0.604688 0.637037 0.046875 0.048148
0 0.579167 0.626389 0.032292 0.041667
0 0.556510 0.617130 0.021354 0.028704
0 0.539062 0.607870 0.014583 0.034259
0 0.521354 0.604630 0.023958 0.029630
0 0.584115 0.418519 0.024479 0.057407
0 0.608594 0.396296 0.040104 0.053704
0 0.676562 0.379630 0.120833 0.070370
0 0.825260 0.325000 0.203646 0.090741
0 0.740365 0.075926 0.216146 0.101852
0 0.679427 0.145370 0.183854 0.096296
0 0.530208 0.075926 0.095833 0.046296
0 0.524219 0.209259 0.079687 0.035185
0 0.557031 0.137963 0.042188 0.022222
0 0.518490 0.330093 0.063021 0.030556
0 0.091927 0.108796 0.159896 0.152778
0 0.114062 0.194444 0.166667 0.118519
0 0.176302 0.234259 0.108854 0.070370
0 0.221354 0.153241 0.056250 0.091667
0 0.238802 0.306944 0.036979 0.052778
0 0.213281 0.515741 0.034896 0.061111
0 0.179948 0.520370 0.057813 0.061111
0 0.080729 0.523611 0.145833 0.113889
0 0.169271 0.822685 0.112500 0.115741
0 0.114062 0.917130 0.110417 0.117593
