0 0.517448 0.560185 0.021354 0.011111
0 0.517448 0.570833 0.023438 0.010185
0 0.516667 0.579630 0.025000 0.011111
0 0.517188 0.587500 0.027083 0.010185
0 0.517188 0.593519 0.025000 0.009259
0 0.516927 0.600463 0.026562 0.010185
0 0.517708 0.610185 0.026042 0.009259
0 0.517969 0.617593 0.023438 0.011111
0 0.518490 0.625463 0.024479 0.010185
0 0.518229 0.632870 0.023958 0.010185
0 0.519010 0.641204 0.024479 0.010185
0 0.518229 0.648148 0.023958 0.009259
0 0.518229 0.656019 0.025000 0.012037
0 0.519010 0.664815 0.024479 0.009259
0 0.519010 0.672685 0.024479 0.010185
0 0.519271 0.679630 0.023958 0.011111
0 0.519271 0.687963 0.025000 0.011111
0 0.518750 0.693981 0.025000 0.006481
0 0.520573 0.701389 0.022396 0.012037
0 0.482552 0.538889 0.026562 0.012963
0 0.482031 0.548148 0.025521 0.009259
0 0.482812 0.557407 0.027083 0.011111
0 0.483073 0.566204 0.027604 0.008333
0 0.482552 0.572222 0.026562 0.009259
0 0.482031 0.580093 0.026562 0.012037
0 0.483594 0.588889 0.026562 0.012963
0 0.483333 0.598611 0.025000 0.010185
0 0.484375 0.604630 0.028125 0.009259
0 0.483594 0.610648 0.023438 0.010185
0 0.486458 0.619907 0.028125 0.010185
0 0.485417 0.629167 0.028125 0.010185
0 0.485156 0.637963 0.026562 0.009259
0 0.484896 0.644444 0.026042 0.007407
0 0.485417 0.652315 0.028125 0.010185
0 0.484635 0.662500 0.026562 0.012037
0 0.484375 0.669444 0.026042 0.007407
0 0.485156 0.674537 0.026562 0.008333
0 0.485417 0.679630 0.027083 0.011111
0 0.485677 0.687963 0.024479 0.009259
0 0.486979 0.695370 0.028125 0.009259
0 0.487760 0.702315 0.027604 0.012037
0 0.464583 0.705556 0.019792 0.011111
0 0.443490 0.693981 0.024479 0.012037
0 0.443750 0.703241 0.027083 0.010185
0 0.444010 0.710185 0.024479 0.005556
