0 0.917578 0.217708 0.163281 0.160417
0 0.916797 0.046354 0.155469 0.084375
0 0.918359 0.484375 0.158594 0.081250
0 0.088672 0.769271 0.172656 0.067708
0 0.087109 0.808854 0.172656 0.063542
0 0.078125 0.850521 0.154688 0.055208
0 0.188672 0.768229 0.116406 0.061458
0 0.185156 0.803125 0.096875 0.056250
0 0.186719 0.847917 0.114062 0.062500
0 0.313281 0.848437 0.137500 0.042708
0 0.358984 0.810937 0.241406 0.065625
0 0.351953 0.768750 0.208594 0.070833
0 0.346484 0.733854 0.216406 0.061458
0 0.346484 0.700521 0.203906 0.046875
0 0.351562 0.664062 0.228125 0.042708
0 0.340625 0.626563 0.215625 0.057292
0 0.344531 0.587500 0.200000 0.039583
0 0.337109 0.550521 0.214844 0.034375
0 0.338281 0.511979 0.206250 0.036458
0 0.339453 0.475000 0.203906 0.037500
0 0.345313 0.434896 0.215625 0.042708
0 0.335156 0.406771 0.214062 0.055208
0 0.350781 0.364583 0.195312 0.045833
0 0.342578 0.330208 0.208594 0.050000
0 0.347266 0.290625 0.214844 0.041667
0 0.351172 0.266146 0.203906 0.076042
0 0.356250 0.081250 0.237500 0.095833
0 0.349219 0.118229 0.214062 0.086458
0 0.349219 0.156250 0.206250 0.077083
0 0.344922 0.193750 0.194531 0.091667
0 0.342187 0.229687 0.204687 0.059375
0 0.357812 0.266146 0.215625 0.069792
0 0.558594 0.153646 0.171875 0.073958
0 0.560156 0.174479 0.196875 0.076042
0 0.569922 0.230208 0.200781 0.075000
0 0.571484 0.269271 0.174219 0.059375
0 0.553516 0.305729 0.164844 0.059375
0 0.564453 0.347917 0.191406 0.066667
0 0.576562 0.396354 0.170313 0.057292
0 0.569141 0.427604 0.167969 0.042708
0 0.569922 0.477604 0.177344 0.053125
0 0.567187 0.508854 0.168750 0.051042
0 0.556250 0.557813 0.176563 0.044792
0 0.576562 0.591146 0.198437 0.067708
0 0.576953 0.637500 0.217969 0.089583
0 0.578906 0.673438 0.214062 0.067708
0 0.562891 0.715625 0.194531 0.050000
0 0.543359 0.766667 0.233594 0.052083
0 0.920312 0.915104 0.156250 0.088542
