0 0.752865 0.822685 0.124479 0.112037
0 0.780990 0.903704 0.097396 0.157407
0 0.857292 0.959259 0.070833 0.070370
0 0.383594 0.693056 0.116146 0.073148
0 0.546615 0.676852 0.093229 0.064815
0 0.962240 0.107870 0.074479 0.212037
0 0.760938 0.294907 0.158333 0.113889
0 0.700521 0.159259 0.239583 0.164815
0 0.630469 0.035648 0.099479 0.060185
0 0.659896 0.362500 0.120833 0.037963
0 0.662760 0.402315 0.122396 0.045370
0 0.786458 0.375926 0.080208 0.053704
0 0.937500 0.311574 0.123958 0.110185
0 0.053906 0.127778 0.102604 0.153704
0 0.090885 0.204167 0.177604 0.123148
0 0.203646 0.215278 0.062500 0.071296
0 0.280469 0.320370 0.032813 0.062963
0 0.250000 0.284722 0.035417 0.084259
0 0.207292 0.270833 0.079167 0.086111
0 0.310417 0.346296 0.036458 0.048148
0 0.303125 0.316667 0.044792 0.044444
0 0.236719 0.132870 0.168229 0.052778
0 0.173698 0.046759 0.211979 0.091667
0 0.281771 0.169907 0.114583 0.056481
0 0.294792 0.206481 0.109375 0.040741
0 0.968750 0.463889 0.058333 0.046296
0 0.864062 0.423148 0.038542 0.033333
