0 0.731510 0.619907 0.057813 0.039815
0 0.673698 0.629630 0.063021 0.066667
0 0.604167 0.631481 0.076042 0.037037
0 0.495573 0.592130 0.048438 0.032407
0 0.454948 0.577778 0.044271 0.031481
0 0.521094 0.576852 0.041146 0.033333
0 0.591406 0.485648 0.092188 0.034259
0 0.855469 0.325926 0.072396 0.046296
0 0.809375 0.334259 0.017708 0.031481
0 0.791146 0.342130 0.015625 0.036111
0 0.778385 0.352778 0.013021 0.029630
0 0.766406 0.347222 0.015104 0.024074
0 0.769010 0.360185 0.016146 0.018519
0 0.753906 0.355556 0.013021 0.018519
0 0.755729 0.369444 0.013542 0.020370
0 0.742448 0.362037 0.014063 0.022222
0 0.740885 0.373148 0.014063 0.022222
0 0.731771 0.357870 0.011458 0.017593
0 0.852083 0.227778 0.071875 0.040741
0 0.834375 0.243519 0.072917 0.033333
0 0.789844 0.256944 0.021354 0.034259
0 0.777083 0.269444 0.017708 0.033333
0 0.765365 0.252315 0.017188 0.034259
0 0.753125 0.261574 0.012500 0.028704
0 0.740104 0.262037 0.018750 0.024074
0 0.737760 0.279167 0.014063 0.021296
0 0.731510 0.268981 0.011979 0.021296
0 0.715365 0.273148 0.023438 0.027778
0 0.720833 0.275926 0.011458 0.024074
0 0.709896 0.290278 0.013542 0.019444
0 0.888021 0.589815 0.062500 0.035185
0 0.944531 0.585185 0.078646 0.025926
0 0.986979 0.582407 0.023958 0.024074
0 0.943490 0.433796 0.072396 0.034259
0 0.934635 0.317593 0.068229 0.035185
0 0.863281 0.479630 0.077604 0.042593
0 0.813281 0.482870 0.023438 0.032407
0 0.797135 0.482407 0.017188 0.029630
0 0.781250 0.485648 0.020833 0.025000
0 0.781771 0.545370 0.017708 0.020370
0 0.797917 0.547222 0.015625 0.018519
0 0.833854 0.411574 0.028125 0.021296
0 0.811198 0.415741 0.021354 0.024074
0 0.796354 0.418519 0.018750 0.031481
0 0.780990 0.425000 0.013021 0.022222
0 0.767448 0.429630 0.020313 0.020370
0 0.751042 0.431481 0.015625 0.025926
0 0.738281 0.434259 0.026562 0.033333
0 0.720052 0.441667 0.016146 0.022222
0 0.715365 0.487037 0.005729 0.012963
0 0.721354 0.481481 0.006250 0.018519
0 0.730208 0.482407 0.013542 0.020370
0 0.740885 0.483796 0.007812 0.021296
0 0.753646 0.483333 0.014583 0.014815
0 0.769010 0.485648 0.018229 0.017593
0 0.767188 0.543519 0.014583 0.022222
0 0.813542 0.548611 0.020833 0.021296
0 0.835417 0.554630 0.028125 0.020370
0 0.847396 0.123611 0.071875 0.052778
0 0.826823 0.151389 0.068229 0.030556
0 0.817448 0.166204 0.075521 0.032407
0 0.800781 0.184259 0.060937 0.029630
0 0.825521 0.062963 0.058333 0.035185
0 0.812240 0.089815 0.071354 0.024074
0 0.940885 0.206019 0.075521 0.043519
0 0.931510 0.100463 0.076563 0.047222
0 0.715885 0.218981 0.040104 0.030556
0 0.641667 0.214815 0.077083 0.055556
0 0.575781 0.186111 0.063021 0.070370
0 0.577865 0.111574 0.067187 0.060185
0 0.639323 0.097222 0.055729 0.061111
0 0.113021 0.049074 0.192708 0.094444
0 0.165885 0.101852 0.170313 0.118519
0 0.209115 0.155093 0.152604 0.080556
0 0.271094 0.069444 0.077604 0.081481
0 0.305729 0.111111 0.041667 0.096296
0 0.119792 0.480093 0.203125 0.071296
0 0.230208 0.484259 0.041667 0.042593
0 0.270052 0.483796 0.042188 0.043519
0 0.301302 0.484259 0.026562 0.040741
0 0.317188 0.481481 0.026042 0.053704
0 0.339323 0.485185 0.032813 0.050000
0 0.280729 0.601852 0.059375 0.048148
0 0.317708 0.478241 0.059375 0.245370
0 0.352604 0.571296 0.014583 0.027778
0 0.316667 0.639815 0.030208 0.024074
0 0.319010 0.658796 0.034896 0.028704
0 0.721615 0.373611 0.030729 0.032407
0 0.701823 0.376852 0.016146 0.022222
0 0.691667 0.380556 0.013542 0.014815
0 0.605469 0.344444 0.130729 0.059259
0 0.988802 0.248148 0.020313 0.112963
0 0.989323 0.197685 0.016146 0.019444
0 0.986458 0.178704 0.022917 0.018519
0 0.986198 0.368056 0.025521 0.023148
0 0.980469 0.448148 0.031771 0.031481
