0 0.558203 0.748611 0.161719 0.063889
0 0.073047 0.711806 0.066406 0.026389
0 0.129688 0.713889 0.045312 0.022222
0 0.182812 0.689583 0.023438 0.015278
0 0.138672 0.504167 0.042969 0.044444
0 0.185938 0.501389 0.051562 0.044444
0 0.157422 0.414583 0.080469 0.054167
0 0.251953 0.447222 0.021094 0.025000
0 0.144531 0.347917 0.043750 0.054167
0 0.146094 0.268750 0.034375 0.051389
0 0.137500 0.279167 0.042188 0.036111
0 0.189844 0.333333 0.046875 0.052778
0 0.090625 0.332639 0.050000 0.048611
0 0.038672 0.306250 0.063281 0.043056
0 0.035937 0.218750 0.054688 0.056944
0 0.091406 0.229167 0.051562 0.044444
0 0.085547 0.440972 0.053906 0.043056
0 0.039062 0.406944 0.070312 0.052778
0 0.031250 0.591667 0.057813 0.041667
0 0.084766 0.593056 0.050781 0.033333
0 0.028906 0.500000 0.056250 0.030556
0 0.280469 0.443056 0.031250 0.027778
0 0.253125 0.386111 0.017188 0.019444
