0 0.144141 0.233333 0.113281 0.091667
0 0.083203 0.038194 0.069531 0.070833
0 0.225781 0.136806 0.079687 0.065278
0 0.217969 0.069444 0.060937 0.077778
0 0.269141 0.036806 0.036719 0.051389
0 0.283984 0.102778 0.036719 0.058333
0 0.269922 0.240972 0.044531 0.051389
0 0.267969 0.190278 0.029687 0.075000
0 0.237500 0.345139 0.032813 0.076389
0 0.253516 0.368056 0.113281 0.222222
0 0.308984 0.475000 0.022656 0.044444
0 0.291406 0.399306 0.068750 0.037500
0 0.285547 0.357639 0.061719 0.056944
0 0.618359 0.290972 0.083594 0.079167
0 0.609766 0.333333 0.108594 0.063889
0 0.582422 0.371528 0.088281 0.059722
0 0.537109 0.409028 0.025781 0.040278
0 0.550781 0.429861 0.076563 0.023611
0 0.511328 0.445833 0.014844 0.019444
0 0.512891 0.464583 0.025781 0.020833
0 0.496094 0.474306 0.015625 0.037500
0 0.539453 0.308333 0.041406 0.052778
0 0.557422 0.269444 0.053906 0.072222
0 0.573828 0.183333 0.050781 0.080556
0 0.586328 0.103472 0.050781 0.056944
0 0.645312 0.209722 0.068750 0.077778
0 0.688281 0.116667 0.057813 0.119444
0 0.628125 0.039583 0.075000 0.073611
0 0.564063 0.047222 0.042188 0.069444
0 0.530078 0.047222 0.021094 0.072222
0 0.523047 0.149306 0.042969 0.065278
0 0.551562 0.159722 0.050000 0.075000
0 0.548047 0.214583 0.064844 0.051389
0 0.542188 0.255556 0.067187 0.052778
0 0.503516 0.232639 0.013281 0.048611
0 0.500391 0.140278 0.016406 0.041667
0 0.485938 0.175000 0.015625 0.047222
0 0.504297 0.050000 0.032031 0.052778
0 0.493359 0.276389 0.013281 0.047222
0 0.520703 0.336806 0.039844 0.037500
