0 0.781250 0.666667 0.090625 0.072222
0 0.691406 0.695833 0.103125 0.080556
0 0.601172 0.700694 0.083594 0.068056
0 0.650781 0.504861 0.089063 0.045833
0 0.633984 0.344444 0.071094 0.063889
0 0.639844 0.313889 0.057813 0.050000
0 0.707422 0.325694 0.080469 0.070833
0 0.696875 0.175694 0.068750 0.081944
0 0.617578 0.149306 0.078906 0.087500
0 0.628516 0.183333 0.091406 0.061111
0 0.631250 0.237500 0.089063 0.050000
0 0.962109 0.583333 0.071094 0.041667
0 0.930469 0.276389 0.064062 0.058333
0 0.917969 0.302778 0.085938 0.052778
0 0.911328 0.168750 0.066406 0.056944
0 0.892969 0.208333 0.068750 0.041667
0 0.971875 0.156250 0.054688 0.045833
0 0.893359 0.074306 0.075781 0.068056
0 0.887109 0.114583 0.074219 0.062500
0 0.868750 0.034028 0.056250 0.056944
0 0.946094 0.461806 0.059375 0.051389
0 0.906250 0.479167 0.023438 0.036111
0 0.926562 0.554167 0.020313 0.036111
0 0.911719 0.554167 0.017188 0.027778
0 0.923047 0.377778 0.022656 0.044444
0 0.904687 0.386806 0.017188 0.045833
0 0.889062 0.404167 0.015625 0.038889
0 0.873437 0.329861 0.021875 0.056944
0 0.843359 0.238889 0.016406 0.052778
0 0.067578 0.751389 0.080469 0.069444
0 0.065234 0.609722 0.072656 0.063889
0 0.135937 0.618750 0.073438 0.043056
0 0.203906 0.620139 0.059375 0.051389
0 0.192969 0.725694 0.076563 0.062500
0 0.130078 0.740278 0.082031 0.083333
0 0.258984 0.707639 0.063281 0.054167
0 0.300391 0.696528 0.046094 0.040278
0 0.338672 0.693056 0.042969 0.038889
0 0.376953 0.686806 0.038281 0.026389
0 0.399609 0.669444 0.033594 0.030556
0 0.423828 0.673611 0.030469 0.019444
0 0.345313 0.613889 0.051562 0.038889
0 0.302734 0.617361 0.039844 0.043056
0 0.259766 0.619444 0.049219 0.044444
0 0.201563 0.511806 0.064062 0.048611
0 0.145703 0.503472 0.075781 0.076389
0 0.073438 0.481250 0.082812 0.056944
0 0.016406 0.465972 0.028125 0.051389
0 0.022656 0.268750 0.037500 0.062500
0 0.028125 0.098611 0.053125 0.072222
0 0.082812 0.152778 0.076563 0.072222
0 0.144922 0.191667 0.066406 0.072222
0 0.198828 0.227083 0.061719 0.065278
0 0.141797 0.345833 0.064844 0.069444
0 0.071875 0.310417 0.084375 0.076389
0 0.201953 0.359028 0.058594 0.062500
0 0.253906 0.384722 0.053125 0.052778
0 0.295312 0.403472 0.050000 0.045833
0 0.333203 0.415278 0.044531 0.047222
0 0.339062 0.528472 0.034375 0.040278
0 0.305469 0.520833 0.034375 0.047222
0 0.257812 0.521528 0.054688 0.029167
0 0.257422 0.274306 0.050781 0.051389
0 0.300781 0.288194 0.043750 0.045833
0 0.335547 0.322222 0.042969 0.033333
0 0.369141 0.367361 0.033594 0.034722
0 0.409766 0.397222 0.044531 0.038889
0 0.420312 0.465278 0.023438 0.044444
0 0.398828 0.454167 0.027344 0.033333
0 0.374219 0.450000 0.037500 0.030556
0 0.373828 0.527083 0.038281 0.043056
0 0.404687 0.536806 0.028125 0.026389
0 0.425391 0.543056 0.024219 0.030556
0 0.437891 0.478472 0.039844 0.034722
0 0.446094 0.410417 0.009375 0.031944
0 0.419141 0.329167 0.022656 0.030556
0 0.398438 0.307639 0.025000 0.034722
0 0.375000 0.293750 0.035937 0.034722
0 0.336719 0.219444 0.035937 0.058333
0 0.298438 0.190972 0.035937 0.065278
0 0.265625 0.165972 0.053125 0.059722
0 0.213672 0.111111 0.049219 0.052778
0 0.163672 0.077083 0.061719 0.068056
0 0.103516 0.033333 0.074219 0.052778
0 0.213281 0.020833 0.071875 0.033333
0 0.261328 0.060417 0.057031 0.048611
0 0.302734 0.096528 0.035156 0.054167
0 0.332422 0.133333 0.028906 0.055556
0 0.390234 0.067361 0.072656 0.045833
0 0.381641 0.032639 0.057031 0.054167
0 0.340234 0.058333 0.035156 0.050000
0 0.362109 0.133333 0.035156 0.044444
0 0.385156 0.162500 0.028125 0.038889
0 0.413281 0.193056 0.026562 0.047222
0 0.417187 0.255556 0.015625 0.058333
0 0.393750 0.232639 0.028125 0.040278
0 0.365234 0.211806 0.039844 0.051389
0 0.448437 0.361111 0.021875 0.022222
0 0.450000 0.297222 0.029687 0.038889
0 0.448437 0.206250 0.048438 0.029167
0 0.436719 0.185417 0.028125 0.020833
0 0.410156 0.158333 0.048438 0.019444
0 0.398828 0.136806 0.033594 0.029167
0 0.457031 0.486806 0.020313 0.034722
0 0.476562 0.493750 0.017188 0.034722
0 0.473047 0.543056 0.019531 0.022222
0 0.530859 0.640972 0.021094 0.029167
0 0.548438 0.654167 0.031250 0.036111
0 0.980859 0.267361 0.036719 0.054167
0 0.951562 0.044444 0.046875 0.033333
