0 0.430859 0.833125 0.149219 0.066250
0 0.554688 0.795625 0.089063 0.053750
0 0.190234 0.401875 0.108594 0.071250
0 0.222656 0.564375 0.157812 0.058750
0 0.097656 0.575625 0.076563 0.056250
0 0.098828 0.424375 0.066406 0.046250
0 0.112109 0.241250 0.094531 0.102500
0 0.210547 0.218750 0.152344 0.087500
0 0.114844 0.042500 0.104688 0.075000
0 0.210156 0.026875 0.115625 0.053750
0 0.041797 0.076250 0.078906 0.077500
0 0.031250 0.251875 0.051562 0.058750
0 0.037109 0.434375 0.055469 0.041250
0 0.031641 0.581250 0.052344 0.045000
0 0.349219 0.276875 0.120313 0.093750
0 0.271484 0.282500 0.042969 0.047500
0 0.368359 0.490625 0.097656 0.048750
0 0.339062 0.078125 0.106250 0.116250
0 0.437109 0.023750 0.058594 0.047500
0 0.433594 0.133125 0.060937 0.058750
0 0.477734 0.112500 0.058594 0.047500
0 0.438281 0.252500 0.050000 0.045000
0 0.445312 0.380625 0.045312 0.041250
