0 0.912760 0.340741 0.171354 0.181481
0 0.792708 0.398148 0.090625 0.103704
0 0.724479 0.432407 0.061458 0.074074
0 0.677604 0.447222 0.039583 0.059259
0 0.650000 0.448611 0.026042 0.060185
0 0.629687 0.460648 0.018750 0.039815
0 0.613802 0.570833 0.019271 0.019444
0 0.615365 0.510648 0.022396 0.017593
0 0.611979 0.492130 0.013542 0.019444
0 0.614323 0.460185 0.027604 0.027778
0 0.610677 0.439352 0.020313 0.026852
0 0.609635 0.418519 0.015104 0.025926
0 0.607031 0.398611 0.022396 0.026852
0 0.609115 0.380556 0.017188 0.022222
0 0.606510 0.358333 0.017188 0.029630
0 0.606771 0.341667 0.013542 0.022222
0 0.603385 0.325926 0.021354 0.029630
0 0.607292 0.297222 0.010417 0.031481
0 0.665625 0.286111 0.109375 0.068519
0 0.687500 0.243519 0.122917 0.077778
0 0.709896 0.207870 0.132292 0.102778
0 0.760156 0.158796 0.149479 0.099074
0 0.762760 0.670370 0.129688 0.109259
0 0.797135 0.698148 0.099479 0.138889
0 0.921094 0.789352 0.152604 0.208333
0 0.880208 0.935648 0.230208 0.108333
0 0.787240 0.858333 0.098437 0.100000
0 0.722135 0.820370 0.057813 0.066667
