0 0.822656 0.578125 0.103125 0.054167
0 0.909766 0.575521 0.110156 0.059375
0 0.827734 0.724479 0.078906 0.069792
0 0.750000 0.703646 0.092188 0.071875
0 0.712891 0.581771 0.075781 0.044792
0 0.625391 0.577083 0.074219 0.039583
0 0.743750 0.634896 0.420312 0.238542
0 0.975000 0.735417 0.043750 0.058333
0 0.759375 0.207813 0.476562 0.373958
0 0.578125 0.131771 0.503125 0.213542
0 0.404687 0.229167 0.350000 0.200000
0 0.319141 0.331771 0.364844 0.169792
0 0.246094 0.392708 0.281250 0.083333
0 0.194141 0.442188 0.297656 0.107292
0 0.102734 0.853646 0.085156 0.080208
0 0.114844 0.915104 0.067187 0.111458
