0 0.843359 0.406771 0.305469 0.171875
0 0.648047 0.347917 0.285156 0.152083
0 0.548828 0.410938 0.294531 0.142708
0 0.489063 0.434896 0.335938 0.138542
0 0.370312 0.455208 0.264062 0.110417
0 0.247656 0.489063 0.146875 0.055208
0 0.157422 0.501042 0.057031 0.037500
0 0.275781 0.221354 0.178125 0.094792
0 0.240625 0.258854 0.181250 0.055208
0 0.211719 0.304167 0.170313 0.070833
0 0.196484 0.330729 0.167969 0.082292
0 0.176172 0.357292 0.177344 0.087500
0 0.120313 0.364063 0.098437 0.061458
0 0.091797 0.375000 0.058594 0.031250
0 0.075781 0.390625 0.051562 0.037500
0 0.061328 0.410417 0.071094 0.033333
0 0.073438 0.690625 0.078125 0.035417
0 0.030859 0.683333 0.025781 0.022917
0 0.108203 0.710417 0.027344 0.033333
0 0.130078 0.726042 0.021094 0.035417
0 0.153906 0.726042 0.028125 0.058333
0 0.239844 0.759896 0.140625 0.084375
0 0.231641 0.760417 0.046094 0.045833
0 0.289844 0.778125 0.082812 0.070833
0 0.366406 0.811458 0.112500 0.087500
0 0.540625 0.855729 0.296875 0.096875
0 0.635547 0.899479 0.305469 0.134375
0 0.835938 0.949479 0.276562 0.094792
0 0.408203 0.107292 0.232031 0.112500
0 0.137891 0.148958 0.069531 0.047917
0 0.114844 0.175000 0.051562 0.041667
0 0.107813 0.205729 0.068750 0.034375
0 0.085938 0.241667 0.065625 0.033333
0 0.067187 0.262500 0.059375 0.047917
0 0.104688 0.051042 0.071875 0.029167
0 0.159375 0.025000 0.129688 0.047917
0 0.017969 0.705729 0.032813 0.032292
