0 0.331250 0.593519 0.025000 0.014815
0 0.331510 0.603241 0.024479 0.008333
0 0.331771 0.609259 0.023958 0.005556
0 0.330990 0.615278 0.022396 0.006481
0 0.331250 0.620833 0.021875 0.006481
0 0.330990 0.628241 0.021354 0.008333
0 0.329948 0.633796 0.023438 0.006481
0 0.329167 0.640278 0.021875 0.006481
0 0.329167 0.648611 0.025000 0.010185
0 0.360156 0.648148 0.021354 0.007407
0 0.359635 0.643981 0.019271 0.008333
0 0.359635 0.636574 0.019271 0.006481
0 0.360156 0.629630 0.020313 0.007407
0 0.360938 0.623611 0.018750 0.004630
0 0.360156 0.617593 0.017188 0.007407
0 0.360417 0.610648 0.016667 0.006481
0 0.361719 0.605093 0.019271 0.004630
0 0.362240 0.600463 0.019271 0.006481
0 0.362760 0.592593 0.020313 0.009259
0 0.363021 0.582407 0.019792 0.011111
0 0.361979 0.565278 0.020833 0.012037
0 0.364844 0.572685 0.023438 0.008333
