0 0.640625 0.734722 0.153125 0.154630
0 0.785677 0.957870 0.130729 0.076852
0 0.050260 0.766667 0.098437 0.183333
0 0.107552 0.632407 0.042188 0.048148
0 0.111719 0.618981 0.045312 0.043519
0 0.261719 0.635648 0.108854 0.043519
0 0.017448 0.097222 0.029687 0.088889
0 0.046094 0.021296 0.084896 0.038889
0 0.066406 0.105093 0.103646 0.080556
0 0.158073 0.219907 0.029687 0.026852
0 0.140365 0.124537 0.031771 0.037963
0 0.128906 0.261574 0.058854 0.028704
0 0.111458 0.220370 0.073958 0.061111
0 0.064583 0.256019 0.086458 0.054630
0 0.101042 0.318519 0.073958 0.046296
0 0.120833 0.349074 0.066667 0.040741
0 0.047656 0.368519 0.047396 0.040741
0 0.038802 0.346296 0.049479 0.040741
0 0.008594 0.326852 0.015104 0.040741
0 0.125000 0.426389 0.028125 0.026852
0 0.128125 0.441667 0.017708 0.022222
0 0.142448 0.451389 0.010937 0.023148
0 0.160417 0.465741 0.009375 0.018519
0 0.746094 0.137500 0.440104 0.258333
0 0.576042 0.261574 0.262500 0.204630
0 0.539583 0.319907 0.281250 0.112037
0 0.489583 0.112500 0.164583 0.171296
0 0.524479 0.057407 0.152083 0.111111
0 0.422135 0.147222 0.141146 0.155556
