0 0.935677 0.345370 0.053646 0.027778
0 0.936979 0.328241 0.042708 0.021296
0 0.936198 0.308796 0.048438 0.032407
0 0.937760 0.475926 0.059896 0.024074
0 0.939063 0.490278 0.058333 0.021296
0 0.981771 0.464815 0.035417 0.018519
0 0.986198 0.482407 0.026562 0.016667
0 0.955729 0.587500 0.088542 0.043519
0 0.820833 0.552315 0.052083 0.043519
0 0.770833 0.554630 0.050000 0.025926
0 0.714583 0.547685 0.071875 0.034259
0 0.739062 0.447685 0.069792 0.030556
0 0.791406 0.399074 0.173437 0.153704
0 0.822135 0.658796 0.045312 0.030556
0 0.945312 0.085185 0.103125 0.127778
