0 0.022396 0.552778 0.043750 0.035185
0 0.013802 0.499537 0.020313 0.021296
0 0.067969 0.524074 0.096354 0.046296
0 0.125260 0.531481 0.021354 0.024074
0 0.144531 0.534259 0.018229 0.020370
0 0.138281 0.626852 0.017188 0.033333
0 0.120313 0.632870 0.022917 0.028704
0 0.067187 0.631944 0.098958 0.028704
0 0.150260 0.628241 0.018229 0.025000
0 0.164323 0.622222 0.019271 0.025926
0 0.179688 0.622685 0.011458 0.025000
0 0.188802 0.618981 0.010937 0.019444
0 0.198177 0.616667 0.007812 0.024074
0 0.206771 0.613426 0.011458 0.023148
0 0.209375 0.555556 0.010417 0.022222
0 0.202604 0.556019 0.009375 0.023148
0 0.192708 0.555556 0.010417 0.024074
0 0.182292 0.555093 0.010417 0.023148
0 0.171354 0.554630 0.011458 0.024074
0 0.157031 0.553704 0.017188 0.024074
0 0.052865 0.417130 0.099479 0.043519
0 0.059635 0.393056 0.029687 0.047222
0 0.029687 0.377315 0.040625 0.047222
0 0.006771 0.367130 0.010417 0.028704
0 0.088802 0.370370 0.076563 0.046296
0 0.135937 0.392593 0.022917 0.029630
0 0.150000 0.402315 0.013542 0.025000
0 0.080729 0.445370 0.082292 0.024074
0 0.131250 0.454167 0.019792 0.021296
0 0.146615 0.460185 0.017188 0.024074
0 0.313802 0.445370 0.093229 0.053704
0 0.318229 0.479630 0.100000 0.038889
0 0.322917 0.581481 0.067708 0.020370
0 0.321354 0.600463 0.067708 0.019444
0 0.321354 0.151852 0.108333 0.077778
0 0.323177 0.210648 0.111979 0.084259
0 0.314063 0.300463 0.119792 0.062037
0 0.321615 0.343519 0.095312 0.057407
0 0.324740 0.387037 0.076563 0.059259
0 0.400260 0.387963 0.039062 0.033333
0 0.701042 0.621296 0.081250 0.042593
0 0.647396 0.615278 0.027083 0.039815
0 0.622135 0.611574 0.027604 0.028704
0 0.598698 0.607407 0.023438 0.027778
0 0.678125 0.724074 0.047917 0.029630
0 0.564583 0.349074 0.028125 0.029630
0 0.569792 0.413889 0.017708 0.029630
0 0.554427 0.420833 0.013021 0.026852
0 0.570052 0.639815 0.016146 0.022222
0 0.553646 0.635648 0.012500 0.023148
0 0.542969 0.630556 0.011979 0.020370
0 0.531250 0.625463 0.013542 0.019444
0 0.520573 0.626852 0.010937 0.016667
0 0.512760 0.622222 0.006771 0.012963
0 0.506771 0.623611 0.008333 0.017593
0 0.499219 0.620370 0.010937 0.016667
0 0.510677 0.581481 0.018229 0.014815
0 0.498958 0.582407 0.012500 0.016667
0 0.497917 0.542593 0.010417 0.016667
0 0.505729 0.540741 0.006250 0.016667
0 0.513802 0.540741 0.009896 0.016667
0 0.524219 0.501852 0.011979 0.020370
0 0.534635 0.499537 0.011979 0.025000
0 0.551562 0.493981 0.021875 0.019444
0 0.496094 0.525463 0.013021 0.019444
0 0.486458 0.526389 0.011458 0.017593
0 0.672396 0.300463 0.054167 0.041667
0 0.697656 0.371296 0.090104 0.048148
0 0.069792 0.251389 0.117708 0.071296
0 0.106250 0.273148 0.083333 0.044444
0 0.125260 0.297685 0.074479 0.034259
0 0.143229 0.321759 0.064583 0.034259
0 0.157812 0.340278 0.056250 0.030556
0 0.171615 0.354167 0.051562 0.021296
0 0.217708 0.390278 0.005208 0.015741
0 0.189844 0.378704 0.046354 0.014815
0 0.176823 0.364352 0.054688 0.023148
0 0.164583 0.400463 0.020833 0.025000
0 0.176042 0.407870 0.015625 0.030556
0 0.189323 0.423148 0.007812 0.016667
0 0.197917 0.429630 0.013542 0.025926
0 0.209375 0.439815 0.013542 0.020370
0 0.211719 0.470370 0.045312 0.018519
0 0.211198 0.500000 0.007812 0.020370
0 0.204427 0.498148 0.010937 0.020370
0 0.195833 0.492130 0.013542 0.019444
0 0.185677 0.484259 0.009896 0.029630
0 0.176042 0.481944 0.015625 0.019444
0 0.162240 0.472222 0.019271 0.033333
0 0.214062 0.538426 0.013542 0.012037
0 0.222656 0.540278 0.008854 0.013889
0 0.230208 0.541667 0.006250 0.011111
0 0.214062 0.611574 0.008333 0.015741
0 0.219792 0.608333 0.009375 0.012963
0 0.228906 0.607870 0.009896 0.015741
0 0.036198 0.465278 0.041146 0.026852
