0 0.444792 0.625463 0.063542 0.025000
0 0.373437 0.620833 0.057292 0.030556
0 0.301042 0.618519 0.076042 0.042593
0 0.110937 0.678241 0.135417 0.100926
0 0.027604 0.732870 0.053125 0.087963
0 0.773958 0.033333 0.272917 0.057407
0 0.975000 0.023611 0.048958 0.039815
0 0.561198 0.091667 0.072396 0.088889
0 0.550000 0.014815 0.059375 0.027778
0 0.559115 0.191204 0.055729 0.076852
0 0.532292 0.289352 0.066667 0.065741
0 0.539844 0.394444 0.049479 0.038889
0 0.582552 0.393056 0.027604 0.028704
0 0.560937 0.485648 0.055208 0.028704
0 0.782552 0.218519 0.071354 0.027778
0 0.788802 0.250926 0.057813 0.029630
0 0.740104 0.187963 0.061458 0.022222
0 0.749740 0.167593 0.072396 0.025926
0 0.745833 0.130556 0.161458 0.146296
