0 0.693750 0.819907 0.205208 0.158333
0 0.614844 0.743981 0.227604 0.152778
0 0.057292 0.341667 0.110417 0.090741
0 0.055729 0.191204 0.107292 0.117593
0 0.193750 0.125926 0.068750 0.072222
0 0.189844 0.230556 0.068229 0.048148
0 0.188542 0.338889 0.065625 0.057407
0 0.175000 0.455556 0.059375 0.044444
0 0.121354 0.452778 0.045833 0.031481
0 0.075521 0.447222 0.031250 0.035185
0 0.190625 0.508796 0.080208 0.023148
0 0.174219 0.579167 0.057813 0.034259
0 0.273698 0.596759 0.065104 0.023148
0 0.317188 0.602315 0.057292 0.023148
0 0.368750 0.593056 0.041667 0.015741
0 0.035417 0.640278 0.062500 0.058333
0 0.251042 0.271296 0.037500 0.048148
0 0.246354 0.468519 0.026042 0.014815
0 0.245312 0.458333 0.021875 0.016667
0 0.246875 0.493519 0.027083 0.022222
0 0.272656 0.495833 0.019271 0.013889
0 0.294531 0.495370 0.023438 0.012963
0 0.315365 0.495833 0.023438 0.013889
0 0.341406 0.491667 0.021354 0.011111
0 0.363021 0.496296 0.021875 0.012963
0 0.385156 0.495833 0.023438 0.012037
0 0.362760 0.531481 0.023438 0.012963
0 0.385156 0.532407 0.022396 0.012963
0 0.405469 0.533333 0.024479 0.012963
0 0.407813 0.562500 0.025000 0.013889
0 0.422656 0.533796 0.014063 0.019444
0 0.406250 0.497685 0.020833 0.015741
0 0.428125 0.501852 0.020833 0.014815
0 0.429427 0.465278 0.023438 0.017593
0 0.409115 0.466204 0.017188 0.019444
0 0.384635 0.462963 0.018229 0.018519
0 0.364583 0.463426 0.019792 0.017593
0 0.340365 0.459722 0.025521 0.013889
0 0.317708 0.464815 0.022917 0.016667
0 0.275781 0.462963 0.017188 0.016667
0 0.275260 0.430556 0.013021 0.014815
0 0.296354 0.430093 0.020833 0.019444
0 0.316406 0.431944 0.019271 0.015741
0 0.342708 0.424074 0.022917 0.018519
0 0.365104 0.426852 0.023958 0.018519
0 0.397135 0.428241 0.041146 0.023148
0 0.427865 0.431019 0.020313 0.017593
0 0.449479 0.437037 0.021875 0.024074
0 0.448698 0.402315 0.021354 0.019444
0 0.470573 0.402778 0.020313 0.022222
0 0.430469 0.400000 0.024479 0.016667
0 0.407813 0.395833 0.022917 0.025000
0 0.386458 0.393519 0.020833 0.014815
0 0.364844 0.393981 0.017188 0.025000
0 0.344792 0.394444 0.020833 0.024074
0 0.318490 0.402315 0.028646 0.019444
0 0.293490 0.403704 0.022396 0.018519
0 0.275000 0.402315 0.020833 0.023148
0 0.276562 0.370833 0.020833 0.023148
0 0.296615 0.373611 0.019271 0.026852
0 0.319792 0.373148 0.029167 0.027778
0 0.322135 0.343519 0.026562 0.024074
0 0.298958 0.345370 0.020833 0.029630
0 0.278646 0.343056 0.018750 0.032407
0 0.279167 0.308796 0.019792 0.034259
0 0.298177 0.311574 0.024479 0.028704
0 0.322135 0.313889 0.023438 0.031481
0 0.345833 0.323611 0.022917 0.032407
0 0.367188 0.327315 0.021875 0.028704
0 0.387760 0.329167 0.023438 0.030556
0 0.410417 0.335648 0.017708 0.025000
0 0.431250 0.334722 0.023958 0.026852
0 0.451823 0.337037 0.017188 0.027778
0 0.491146 0.345833 0.025000 0.026852
0 0.470833 0.340278 0.015625 0.037963
0 0.472917 0.371296 0.019792 0.024074
0 0.491146 0.372685 0.020833 0.019444
0 0.452083 0.367593 0.018750 0.020370
0 0.430469 0.365278 0.024479 0.025000
0 0.409375 0.360648 0.017708 0.015741
0 0.388021 0.362037 0.028125 0.022222
0 0.365365 0.357870 0.019271 0.017593
0 0.342448 0.354630 0.024479 0.024074
