0 0.920573 0.660648 0.154688 0.115741
0 0.805208 0.625463 0.147917 0.117593
0 0.701823 0.616667 0.079687 0.096296
0 0.646615 0.608333 0.042188 0.088889
0 0.614583 0.599537 0.040625 0.052778
0 0.585677 0.589815 0.022396 0.042593
0 0.564323 0.589352 0.020313 0.030556
0 0.548438 0.586574 0.014583 0.028704
0 0.536458 0.591667 0.011458 0.029630
0 0.525781 0.590278 0.013021 0.017593
0 0.514323 0.574074 0.014063 0.016667
0 0.511979 0.587500 0.012500 0.015741
0 0.535156 0.515278 0.059896 0.026852
0 0.551302 0.469907 0.073438 0.032407
0 0.536979 0.450000 0.023958 0.038889
0 0.602865 0.433333 0.123438 0.057407
0 0.692187 0.443981 0.032292 0.067593
0 0.670312 0.450463 0.038542 0.056481
0 0.627604 0.479167 0.036458 0.043519
0 0.922917 0.237500 0.136458 0.165741
0 0.989323 0.148611 0.021354 0.125000
0 0.840885 0.275000 0.113021 0.081481
0 0.907552 0.420370 0.097396 0.074074
0 0.973437 0.397222 0.046875 0.070370
0 0.829948 0.445370 0.106771 0.085185
0 0.819271 0.106481 0.160417 0.112963
0 0.736198 0.159722 0.139063 0.073148
0 0.688542 0.191667 0.092708 0.064815
0 0.676302 0.220370 0.111979 0.057407
0 0.692969 0.316204 0.103646 0.078704
0 0.588021 0.281481 0.085417 0.055556
0 0.586458 0.317130 0.109375 0.056481
0 0.568750 0.191204 0.082292 0.084259
0 0.553385 0.118519 0.077604 0.042593
0 0.547135 0.245833 0.075521 0.050926
0 0.537500 0.352315 0.066667 0.037963
0 0.521615 0.394907 0.031771 0.023148
0 0.079167 0.760185 0.128125 0.148148
0 0.017188 0.775000 0.028125 0.124074
0 0.168490 0.689352 0.104688 0.082407
0 0.228125 0.662500 0.045833 0.071296
0 0.255990 0.651389 0.051562 0.052778
0 0.284635 0.638426 0.040104 0.037963
0 0.301042 0.636574 0.028125 0.052778
0 0.324740 0.622685 0.017188 0.028704
0 0.340104 0.615278 0.021875 0.025000
0 0.270833 0.416667 0.147917 0.037037
0 0.314844 0.399074 0.040104 0.042593
0 0.228906 0.340741 0.143229 0.077778
0 0.164583 0.285185 0.211458 0.053704
0 0.124740 0.236574 0.243229 0.139815
0 0.094792 0.100463 0.183333 0.189815
0 0.195312 0.021759 0.094792 0.032407
0 0.217448 0.094444 0.131771 0.129630
0 0.249219 0.171759 0.122396 0.097222
0 0.286198 0.287500 0.060937 0.062037
0 0.320312 0.324537 0.032292 0.054630
0 0.350521 0.293519 0.023958 0.025926
0 0.331771 0.275926 0.014583 0.033333
0 0.313802 0.232407 0.034896 0.077778
0 0.351302 0.243981 0.018229 0.062037
0 0.329948 0.236111 0.028646 0.055556
0 0.322396 0.187037 0.042708 0.057407
0 0.309635 0.133796 0.027604 0.056481
0 0.327865 0.132870 0.029687 0.056481
0 0.285417 0.068056 0.090625 0.058333
0 0.269792 0.028704 0.088542 0.051852
0 0.324740 0.031481 0.047396 0.055556
0 0.352083 0.181019 0.038542 0.062037
0 0.355469 0.603241 0.022396 0.025000
