0 0.701823 0.780093 0.265104 0.213889
0 0.560937 0.714352 0.169792 0.117593
0 0.487500 0.614815 0.050000 0.051852
0 0.453125 0.607407 0.026042 0.033333
0 0.434375 0.602778 0.022917 0.042593
0 0.413802 0.596759 0.026562 0.030556
0 0.368750 0.521296 0.734375 0.224074
0 0.064062 0.602778 0.050000 0.061111
0 0.147917 0.594444 0.025000 0.031481
0 0.125260 0.594907 0.024479 0.043519
0 0.103906 0.598148 0.032813 0.051852
0 0.164583 0.587037 0.013542 0.033333
0 0.028906 0.382407 0.050521 0.072222
0 0.075781 0.421759 0.047396 0.075000
0 0.111979 0.447685 0.031250 0.049074
0 0.133333 0.461111 0.025000 0.037037
0 0.156771 0.417130 0.032292 0.156481
0 0.189062 0.397685 0.009375 0.036111
0 0.178385 0.383796 0.009896 0.050926
0 0.090104 0.331944 0.123958 0.047222
0 0.066146 0.288889 0.130208 0.075926
0 0.058594 0.234259 0.093229 0.077778
0 0.033073 0.158796 0.055729 0.093519
0 0.058594 0.046296 0.102604 0.088889
0 0.080469 0.100926 0.121354 0.088889
0 0.098437 0.169907 0.100000 0.084259
0 0.137240 0.214815 0.072396 0.050000
0 0.161198 0.196296 0.030729 0.055556
0 0.201563 0.285185 0.022917 0.050000
0 0.229948 0.348148 0.017188 0.040741
0 0.509375 0.164815 0.130208 0.105556
0 0.466146 0.201852 0.089583 0.087037
0 0.462240 0.251389 0.107813 0.062037
0 0.435156 0.303241 0.086979 0.073148
0 0.943490 0.263426 0.099479 0.080556
0 0.864844 0.297222 0.070312 0.074074
0 0.804167 0.323148 0.054167 0.050000
0 0.757031 0.349074 0.056771 0.050000
0 0.756250 0.261111 0.041667 0.035185
0 0.802865 0.237500 0.051562 0.067593
0 0.864844 0.209722 0.074479 0.058333
0 0.942448 0.153241 0.109896 0.067593
0 0.990104 0.118056 0.017708 0.045370
0 0.941667 0.064352 0.109375 0.104630
0 0.880729 0.121759 0.111458 0.104630
0 0.819531 0.172222 0.088021 0.087037
0 0.786458 0.134259 0.089583 0.085185
0 0.832292 0.084722 0.106250 0.078704
0 0.782292 0.057407 0.096875 0.081481
0 0.814323 0.025000 0.088021 0.042593
0 0.737760 0.125463 0.080729 0.049074
0 0.694271 0.158333 0.046875 0.057407
0 0.868229 0.903241 0.252083 0.178704
