0 0.735677 0.617130 0.013021 0.023148
0 0.701562 0.622685 0.062500 0.028704
0 0.647135 0.618056 0.048438 0.021296
0 0.596875 0.617593 0.042708 0.024074
0 0.575781 0.610648 0.049479 0.021296
0 0.407292 0.638426 0.121875 0.043519
0 0.363802 0.611111 0.297396 0.066667
0 0.273958 0.627315 0.113542 0.049074
0 0.253646 0.646759 0.154167 0.041667
0 0.196354 0.618519 0.038542 0.035185
0 0.342708 0.629167 0.055208 0.041667
0 0.089063 0.657407 0.171875 0.044444
0 0.084896 0.629630 0.167708 0.031481
0 0.087240 0.594907 0.168229 0.039815
0 0.090625 0.572685 0.177083 0.028704
0 0.092448 0.535185 0.178646 0.050000
0 0.094271 0.505093 0.182292 0.039815
0 0.093229 0.472222 0.182292 0.046296
0 0.096094 0.444444 0.176563 0.031481
0 0.096615 0.424537 0.179688 0.058333
0 0.105469 0.381019 0.199479 0.056481
0 0.105469 0.359259 0.190104 0.062963
0 0.101823 0.325000 0.173437 0.048148
0 0.097656 0.301852 0.163021 0.068519
0 0.112240 0.254630 0.188021 0.066667
0 0.093490 0.236574 0.171354 0.075000
0 0.097396 0.204167 0.164583 0.060185
0 0.093750 0.182870 0.173958 0.073148
0 0.098437 0.147685 0.153125 0.052778
0 0.102344 0.113889 0.153646 0.068519
0 0.113542 0.084722 0.176042 0.063889
0 0.107292 0.064815 0.165625 0.079630
0 0.115365 0.036111 0.179688 0.062963
0 0.016146 0.037963 0.026042 0.059259
0 0.018490 0.076852 0.030729 0.048148
0 0.015885 0.113426 0.025521 0.058333
0 0.016406 0.157407 0.015104 0.033333
0 0.013021 0.196296 0.019792 0.037037
0 0.010677 0.255093 0.010937 0.034259
0 0.010156 0.313426 0.016146 0.041667
