0 0.5776529 0.137518771875 0.5741956375 0.2590033796875 0.7265030484375 0.1801855640625 0.7327005140625 0.054740965625000006 0.5776529 0.137518771875
0 0.7395856921874999 0.5784456984374999 0.5980238734375 0.577309065625 0.5902306515625 0.6412861640624999 0.7517973875 0.644106321875 0.7395856921874999 0.5784456984374999
0 0.58728514375 0.1977922109375 0.48243595624999996 0.2360306640625 0.4934511421875 0.2936571640625 0.5836126640625 0.25516233593750004 0.58728514375 0.1977922109375
0 0.4765625 0.603125 0.090625 0.046875
0 0.47421875 0.47265625 0.0859375 0.0609375
0 0.40234375 0.53671875 0.0671875 0.040625
0 0.40625 0.60234375 0.0671875 0.05
0 0.4640625 0.2953125 0.08125 0.0671875
0 0.28046875 0.5140625 0.053125 0.0359375
0 0.33515625 0.54375 0.0875 0.040625
0 0.359375 0.47734375 0.0609375 0.0390625
0 0.12734375 0.59453125 0.1140625 0.0984375
0 0.271875 0.40078125 0.04375 0.0328125