0 0.5765625 0.3421875 0.12578125 0.05234375
0 0.57578125 0.37578125 0.11484375 0.04921875
0 0.57578125 0.40390625 0.13125 0.05234375
0 0.5765625 0.43671875 0.13203125 0.0453125
0 0.5765625 0.471875 0.13515625 0.04140625
0 0.57109375 0.50078125 0.1265625 0.0453125
0 0.57109375 0.5328125 0.121875 0.053125
0 0.57890625 0.565625 0.1296875 0.05234375
0 0.575 0.5921875 0.1265625 0.05234375
0 0.578125 0.61796875 0.11484375 0.05625
0 0.58046875 0.65234375 0.1109375 0.04375
0 0.1989855765625 0.2310360578125 0.038728365625 0.1081730765625 0.040064903125 0.227028846875 0.20031971093749998 0.30048076875 0.1989855765625 0.2310360578125
0 0.1722764421875 0.2176826921875 0.16960576875 0.3018173078125 0.253740384375 0.33787500000000004 0.24973317343749998 0.26976442343749996 0.1722764421875 0.2176826921875
0 0.6744134609375 0.392627403125 0.730502403125 0.371259615625 0.7198173078125001 0.32585576875 0.67040625 0.3485576921875 0.6744134609375 0.392627403125