0 0 0.44956756249999996 0.23492474843750003 0.4642113734375 0.2338228875 0.3515289765625 0 0.29362684843750003 0 0.44956756249999996
0 0.9028262171874999 0.0730760953125 0.779295925 0.162601553125 0.7993457453125 0.238377615625 0.907146078125 0.1652762625 0.9028262171874999 0.0730760953125
0 0.805090240625 0.165261228125 0.7421718921875 0.2054451390625 0.7469847265625 0.26402256875 0.811930321875 0.23034025468750002 0.805090240625 0.165261228125
0 0.7452429171875 0.23466399999999998 0.6879886796875 0.2648525359375 0.6949721 0.3057456234375 0.7497100015625 0.2771654671875 0.7452429171875 0.23466399999999998
0 0.794519796875 0.70350218125 0.7314063 0.65239388125 0.724690890625 0.6906999078125 0.786820921875 0.758023878125 0.794519796875 0.70350218125
0 0.84826308125 0.7676807671875 0.8539160421875 0.834228465625 0.9636458109375001 0.9328058109375 0.9728148515624999 0.8539587203125001 0.84826308125 0.7676807671875
0 0.845565140625 0.6014536109375 0.854921809375 0.6649266515625001 0.953124575 0.7177176875 0.9470551359374999 0.6471844796874999 0.845565140625 0.6014536109375
0 0.393749365625 0.41663269375 0.32643440468749996 0.40222229218749994 0.321606534375 0.4457006984375 0.396189203125 0.452632565625 0.393749365625 0.41663269375
0 0.58046875 0.5265625 0.0515625 0.0359375
0 0.54140625 0.5296875 0.0625 0.0390625
0 0.49921875 0.52890625 0.0578125 0.0328125