0 0.28298055624999996 0.046891075 0.2847962953125 0.17247554375000002 0.43426022187499996 0.2565607984375 0.4350448171875 0.13502953906249998 0.28298055624999996 0.046891075
0 0.24332676250000002 0.635230934375 0.4048934984375 0.6380510921875 0.3993377921875 0.5738409875 0.257822540625 0.570036490625 0.24332676250000002 0.635230934375
0 0.42498298125 0.25239344531249996 0.5137461296875 0.2940114140625 0.5267657406249999 0.23680444375 0.42331492812500005 0.1949301 0.42498298125 0.25239344531249996
0 0.5203125 0.60390625 0.090625 0.046875
0 0.52734375 0.47421875 0.0859375 0.0609375
0 0.59609375 0.53984375 0.0671875 0.040625
0 0.590625 0.60546875 0.0671875 0.05
0 0.54375 0.296875 0.08125 0.0671875
0 0.71953125 0.521875 0.053125 0.0359375
0 0.66328125 0.55 0.0875 0.040625
0 0.640625 0.48203125 0.0609375 0.0390625
0 0.86953125 0.60703125 0.1140625 0.0984375
0 0.73125 0.40859375 0.04375 0.0328125