0 0.4030296625 0.1874895171875 0.015357693750000002 0.1449017828125 0.0060773500000000005 0.18531518593750002 0.4178221 0.228397225 0.4030296625 0.1874895171875
0 0.6686615390624999 0.255717390625 0.8282311265625 0.2715259109375 0.827252346875 0.243497321875 0.6596732171874999 0.2279685015625 0.6686615390624999 0.255717390625
0 0.40626728281249996 0.4332521984375 0.42611819687499997 0.46596635781250006 0.5699814062499999 0.4529232375 0.5633383578125 0.4157405984375 0.449797478125 0.41703323281250004 0.40626728281249996 0.4332521984375
0 0.5787685078125 0.551503546875 0.46855151250000004 0.571386215625 0.4283246046875 0.56744636875 0.46217567343750005 0.6183801453125 0.5800734640625 0.588872596875 0.5787685078125 0.551503546875
0 0.4085386125 0.574819265625 0.2360591359375 0.6102400984374999 0.2563736734375 0.6562995734375 0.4197457453125 0.6278787328125001 0.4085386125 0.574819265625
0 0.21780189375 0.43181665156250004 0.0017739421875 0.444705115625 0.017216498437499998 0.5042986359375 0.2250508171875 0.48634929062500004 0.21780189375 0.43181665156250004
0 0.0259627453125 0.71646158125 0.23396527968749997 0.6651014 0.22418707499999999 0.6146643328125 0.0167721375 0.6446231828125 0.0259627453125 0.71646158125
0 0.3767724625 0.6601144640625 0.1331071046875 0.7234116265625 0.164211715625 0.810518578125 0.403219865625 0.728677940625 0.3767724625 0.6601144640625
0 0.6043300140625 0.1737779984375 0.4771176421875 0.1661937953125 0.47452939375 0.24512547499999998 0.6242900109375 0.24791262343749998 0.6043300140625 0.1737779984375
0 0.1997258375 0.9856695046875 0.3616971765625 0.91720585 0.362998746875 0.839656453125 0.1811923671875 0.9141573656249999 0.1997258375 0.9856695046875
0 0.5990049734375 0.9396539484374999 0.8055502125 0.9230869734375 0.801977396875 0.8590717046874999 0.6061107453125001 0.8752657749999999 0.5990049734375 0.9396539484374999
0 1 0.884315128125 0.8405140390625 0.891133346875 0.8490213578124999 0.9817017124999999 1 0.9800842218750001 1 0.884315128125