0 0.0173605765625 0.16826923124999998 0.4273509609375 0.2256947109375 0.4139951921875 0.1842956734375 0.0280456734375 0.1282043265625 0.0173605765625 0.16826923124999998
0 0.8360048078125001 0.25507451875 0.6690697109375 0.23370673125 0.677084134375 0.261752403125 0.8360048078125001 0.2831201921875 0.8360048078125001 0.25507451875
0 0.40865384687499995 0.43002163437499996 0.4273509609375 0.463408653125 0.57158173125 0.45539423125 0.566240384375 0.41800240312500003 0.45272355781250007 0.41533173124999995 0.40865384687499995 0.43002163437499996
0 0.5769230765625 0.5542211531250001 0.4660793265625 0.5702451921875 0.42601442343749996 0.564903846875 0.4580673078125 0.61698798125 0.5769230765625 0.5916129812500001 0.5769230765625 0.5542211531250001
0 0.2510673078125 0.6477019234375 0.41533173124999995 0.625 0.4059831734375 0.57158173125 0.23237259687499998 0.6009615390625 0.2510673078125 0.6477019234375
0 0.0173605765625 0.48744711562500004 0.2256947109375 0.47676201875 0.220353365625 0.42200961562500006 0.0040072109375 0.4273509609375 0.0173605765625 0.48744711562500004
0 0.220353365625 0.60496875 0.01201923125 0.6276706734374999 0.018697115625 0.6997860578124999 0.22836538437499998 0.655716346875 0.220353365625 0.60496875
0 0.1535793265625 0.7986105765625 0.3952980765625 0.7251610578125 0.371259615625 0.655716346875 0.125533653125 0.7104711531250001 0.1535793265625 0.7986105765625
0 0.483439903125 0.24439182656249997 0.63301201875 0.252403846875 0.6156514421875 0.1776177890625 0.48878125 0.1655985578125 0.483439903125 0.24439182656249997
0 0.35122836562500004 0.83466826875 0.1669326921875 0.902778846875 0.182959134375 0.9748942312500001 0.347221153125 0.912125 0.35122836562500004 0.83466826875
0 0.78926201875 0.8693918265624999 0.59294951875 0.8787403843750001 0.5836009609375 0.942841346875 0.7905985578125 0.9334927890625 0.78926201875 0.8693918265624999
0 0.997596153125 0.9014423078125 0.8266562499999999 0.902778846875 0.8319975968750001 0.9935889421875 0.997596153125 0.997596153125 0.997596153125 0.9014423078125