0 0.483566696875 0.6173363593750001 0.36542895625 0.542654828125 0.35591775625 0.590083275 0.469416175 0.687149971875 0.6125326828125 0.6755407578125 0.6201981515625 0.6185665640625 0.483566696875 0.6173363593750001
0 0.7125274078125 0.6051949171875 0.6059134 0.6132942906250001 0.6034524625000001 0.67206546875 0.7123291921875 0.6534381453125 0.7125274078125 0.6051949171875
0 0.7747227343749999 0.58382514375 0.7047786421875 0.6018361125 0.7068895000000001 0.6543014640625 0.7701835125 0.6357086890625 0.7747227343749999 0.58382514375
0 0.82915290625 0.5899263968749999 0.7666736734375 0.599206190625 0.7682700421875001 0.6422446749999999 0.8247950953125001 0.624401334375 0.82915290625 0.5899263968749999
0 0.672495028125 0.17405080781249999 0.5262996640625001 0.0982537859375 0.4079143375 0.1643073703125 0.40279289062499996 0.22284578281249998 0.5253378109375 0.1705604875 0.663032575 0.2362295375 0.672495028125 0.17405080781249999
0 0.6573625140625 0.23975357812500003 0.7517370718749999 0.29493161875 0.7561088734375 0.229626640625 0.6671716125 0.17358507031249998 0.6573625140625 0.23975357812500003
0 0.81363189375 0.29230409062499996 0.7505550890625 0.23182162343749999 0.7403455937500001 0.28723160000000003 0.8102005406250001 0.331524640625 0.81363189375 0.29230409062499996
0 0.8019259203125 0.3341763578125 0.8537952640625001 0.3695480140625 0.865501446875 0.327673353125 0.8093584171874999 0.2798650671875 0.8019259203125 0.3341763578125
0 0.14765625 0.428125 0.071875 0.0328125
0 0.1375 0.23046875 0.05625 0.021875
0 0.1453125 0.1734375 0.05 0.0203125
0 0.09296875 0.16328125 0.05625 0.0234375
0 0.0859375 0.22265625 0.0515625 0.03125
0 0.07421875 0.28203125 0.046875 0.021875
0 0.07265625 0.340625 0.05625 0.028125
0 0.065625 0.4015625 0.0578125 0.021875
0 0.125 0.2890625 0.0453125 0.0265625
0 0.3375 0.3484375 0.1390625 0.0546875
0 0.3171875 0.51171875 0.13125 0.0546875