0 0.14662993124999998 0.7655393109374999 0.189441421875 0.8003963468749999 0.31027211875 0.7587199078125 0.315154509375 0.718956028125 0.20190424375 0.7427232781249999 0.151512615625 0.725773046875 0.14662993124999998 0.7655393109374999
0 0.3288478515625 0.6183799546875 0.33535819375 0.5653574734375 0.2230620515625 0.570406765625 0.1485079640625 0.5639434046875 0.15092663281250002 0.6099876234375 0.21243645937500003 0.63503103125 0.3288478515625 0.6183799546875
0 0.34112362812499997 0.47457331406250003 0.35112295625 0.4260165296875 0.24077994687499998 0.415158840625 0.167086375 0.4236013609375 0.16866653125 0.46550773906250004 0.24089561874999998 0.468992475 0.34112362812499997 0.47457331406250003
0 0.38984375 0.46015625 0.1078125 0.06875
0 0.378125 0.590625 0.0984375 0.0578125
0 0.4734375 0.46796875 0.0796875 0.0515625
0 0.46015625 0.584375 0.0953125 0.0546875
0 0.31706281718749996 0.7582095468750001 0.412591459375 0.736301240625 0.4156369125 0.689583778125 0.317107640625 0.70304904375 0.31706281718749996 0.7582095468750001
0 0.214147815625 0.20468328906250002 0.44676563593749996 0.30455555 0.4561360234375 0.2720683390625 0.23626167343749999 0.1670327453125 0.214147815625 0.20468328906250002
0 0.5365231859375 0.0666584953125 0.4872464703125 0.029661053124999996 0.483177615625 0.0627992125 0.5361062015625 0.102935775 0.5365231859375 0.0666584953125
0 0.5472421546875 0.0451022078125 0.489337509375 0.0016639328125 0.484107346875 0.0333129234375 0.5438245390625001 0.0729364484375 0.5472421546875 0.0451022078125
0 0.627526528125 0.47610141875 0.5322766718749999 0.47382497187499995 0.5696017437500001 0.49858959531249997 0.62924995 0.5059134734375 0.627526528125 0.47610141875