0 0.41953125 0.703125 0.246875 0.1234375
0 0.45 0.31640625 0.0796875 0.0375
0 0.3875 0.325 0.084375 0.04375
0 0.3234375 0.33515625 0.075 0.040625
0 0.2671875 0.346875 0.06875 0.040625
0 0.21875 0.35546875 0.0859375 0.046875
0 1 0.6299340359375 0.9922958906250001 0.6368027765625001 0.9103003875000001 0.7141460578125 0.7268455390625 0.677470590625 0.7270062640625 0.7554892734374999 0.9380860734375001 0.808956925 1 0.7451978984375 1 0.6299340359375
0 0.5379617671875 0.33183408281250004 0.6093767328124999 0.3217188515625 0.609285221875 0.2880923390625 0.5390315640625001 0.296718403125 0.5379617671875 0.33183408281250004
0 0.63046875 0.3046875 0.065625 0.0265625
0 0.534375 0.46328125 0.0984375 0.05
0 0.55234375 0.61328125 0.0984375 0.053125
0 0.6265625 0.5921875 0.0796875 0.0375
0 0.38359375 0.215625 0.0640625 0.0375
0 0.31328125 0.2265625 0.0625 0.034375
0 0.25703125 0.23828125 0.0546875 0.0328125
0 0.20703125 0.24609375 0.0515625 0.034375
0 0.43671875 0.20859375 0.0671875 0.03125
0 0.49296875 0.20078125 0.06875 0.0375
0 0.55546875 0.19921875 0.065625 0.0421875
0 0.6109375 0.2 0.053125 0.0390625
0 0.1625 0.36953125 0.0671875 0.053125
0 0.1546875 0.2625 0.0484375 0.034375
0 0.19375 0.6421875 0.0765625 0.0484375
0 0.5359375 0.08203125 0.0546875 0.03125