0 0.77890625 0.58828125 0.246875 0.1125
0 0.76953125 0.54765625 0.2890625 0.103125
0 0.7609375 0.4890625 0.3296875 0.1171875
0 0.76484375 0.44296875 0.34375 0.121875
0 0.78828125 0.40390625 0.3203125 0.10625
0 0.76640625 0.35390625 0.3515625 0.121875
0 0.9519953234375 0.31007979531249996 0.9541805546875001 0.248454065625 0.8854141984374999 0.1619722015625 0.6169647890625 0.189558225 0.602687328125 0.2510433671875 0.8806251843749999 0.2448040609375 0.9519953234375 0.31007979531249996
0 0.9442992859375 0.35084477812500003 0.9482747625 0.2746386421875 0.869625275 0.21385299687499998 0.5923853453125 0.236322375 0.5925031109375001 0.2901586875 0.8714640749999999 0.2975010703125 0.9442992859375 0.35084477812500003
0 0.5895958578125 0.324783625 0.863279971875 0.3422410109375 0.9372764890624999 0.397073884375 0.9522048953125 0.3302872078125 0.8859977953125 0.27775733125 0.603895615625 0.2740641375 0.5895958578125 0.324783625
0 0.6418812468749999 0.6769973046875 0.80287453125 0.7465469203125 0.890426190625 0.7128962453125001 0.9044940796875001 0.6312036890625 0.8210555765625 0.6532499031250001 0.65348355 0.6044183546874999 0.6418812468749999 0.6769973046875
0 0.81719629375 0.7065954750000001 0.640809065625 0.64188133125 0.63569480625 0.65067214375 0.63018318125 0.7065079843750001 0.8031304968749999 0.788290709375 0.87791668125 0.7490353265625 0.8870308078125 0.6748067125 0.81719629375 0.7065954750000001
0 0.8768463640625 0.7906138453125 0.8797292265625 0.7452205734375 0.805734575 0.7670821937500001 0.6603450984375 0.71290213125 0.6644627984375 0.77799006875 0.7981075203125 0.8401468203125001 0.8768463640625 0.7906138453125