0 0.5609375 0.271875 0.1015625 0.034375
0 0.5546875 0.2890625 0.0921875 0.0328125
0 0.55078125 0.29921875 0.096875 0.028125
0 0.55 0.32109375 0.1 0.0390625
0 0.546875 0.33125 0.1015625 0.040625
0 0.6328125 0.35546875 0.1 0.034375
0 0.6296875 0.3765625 0.1109375 0.0328125
0 0.6296875 0.3875 0.096875 0.0375
0 0.628125 0.48828125 0.09375 0.0390625
0 0.625 0.4671875 0.09375 0.034375
0 0.62421875 0.45078125 0.1015625 0.028125
0 0.62421875 0.43125 0.1046875 0.028125
0 0.6296875 0.415625 0.115625 0.0328125
0 0.5690966984375 0.6528943078125 0.581310334375 0.6122482375 0.468471659375 0.6177461703125 0.459390415625 0.6519170890625 0.523923159375 0.6671408453125001 0.5690966984375 0.6528943078125
0 0.61171875 0.62890625 0.096875 0.0328125
0 0.0515625 0.63125 0.103125 0.071875
0 0.88004278125 0.5902977125 0.9248725984374999 0.600126709375 0.9359682859375 0.57546804375 0.883145965625 0.5650801546875 0.88004278125 0.5902977125
0 0.923504325 0.6388539671875 0.8763829359375 0.6235103375 0.874240271875 0.6541518609375 0.92250625 0.672252721875 0.923504325 0.6388539671875
0 0.9327078406249999 0.6220945703125 0.8787385359375 0.6089492828124999 0.8730666453125 0.6326498265625 0.931898459375 0.652829325 0.9327078406249999 0.6220945703125