0 0.20859375 0.5234375 0.246875 0.109375
0 0.2265625 0.48515625 0.2890625 0.0984375
0 0.2484375 0.43046875 0.328125 0.1125
0 0.2546875 0.384375 0.34375 0.115625
0 0.240625 0.34140625 0.31875 0.1
0 0.27265625 0.29765625 0.3515625 0.1171875
0 0.455867215625 0.171203475 0.20050365312500001 0.0839365015625 0.1140455875 0.152732778125 0.1023120375 0.21327061249999998 0.18653681093750002 0.1657226796875 0.4559475984375 0.23432448749999998 0.455867215625 0.171203475
0 0.46929704531249994 0.22229823437500001 0.2042172671875 0.1380393296875 0.11390976562499999 0.1795747578125 0.1006407015625 0.254722025 0.18360887343750001 0.21912987031250003 0.45707176250000003 0.274728234375 0.46929704531249994 0.22229823437500001
0 0.09756215781250001 0.23291296718750001 0.0970842171875 0.3013460671875 0.18151892187500002 0.2645641515625 0.45211558749999997 0.3091197265625 0.44959173124999996 0.25648343125 0.1738890265625 0.1966227859375 0.09756215781250001 0.23291296718750001
0 0.07635866875 0.536849578125 0.071689171875 0.6196129453125 0.149427134375 0.67209599375 0.3219394296875 0.6405445390625 0.3269612046875 0.5672158328125 0.1526993296875 0.5771003265625 0.07635866875 0.536849578125
0 0.14445955625 0.6299468046875 0.0835658125 0.5832634390625 0.075748540625 0.6576398109375 0.13978741875 0.7127123109375 0.3266992171875 0.6719303531249999 0.333889184375 0.6162857359375 0.33088350625 0.6065697734375 0.14445955625 0.6299468046875
0 0.295871978125 0.6713756640625 0.1420209609375 0.6914615796875 0.0748405828125 0.6535150953125 0.06743829375 0.69839344375 0.1330165703125 0.764369278125 0.2772182140625 0.733869121875 0.295871978125 0.6713756640625