0 0.34321634687499997 0.7799134609375 0.34321634687499997 0.7398509609375 0.23370673125 0.7772427890625 0.18162499999999998 0.7665600968749999 0.18162499999999998 0.806625 0.22836538437499998 0.8360048078125001 0.34321634687499997 0.7799134609375
0 0.23370673125 0.6036322109375 0.1589206734375 0.606302884375 0.1669326921875 0.651709134375 0.2310360578125 0.6690697109375 0.34455048125 0.63835576875 0.34455048125 0.584935096875 0.23370673125 0.6036322109375
0 0.23237259687499998 0.44738221093749997 0.1602572109375 0.4647427890625 0.1669326921875 0.50614423125 0.2390480765625 0.50080048125 0.339209134375 0.49412500000000004 0.34321634687499997 0.4447115390625 0.23237259687499998 0.44738221093749997
0 0.3859375 0.47421875 0.1015625 0.05625
0 0.38984375 0.6046875 0.09375 0.046875
0 0.46953125 0.47109375 0.07578125 0.04296875
0 0.4703125 0.58828125 0.090625 0.04375
0 0.43937019218750006 0.6984519234375 0.34321634687499997 0.72382451875 0.34989423125 0.7785793265625001 0.442040865625 0.7451923078125 0.43937019218750006 0.6984519234375
0 0.42868509687499995 0.27911298125 0.1976490390625 0.20165625 0.1802884609375 0.241721153125 0.42334375 0.3125 0.42868509687499995 0.27911298125
0 0.43002163437499996 0.0681081734375 0.48744711562500004 0.1014951921875 0.483439903125 0.06543750000000001 0.43002163437499996 0.034721153125 0.43002163437499996 0.0681081734375
0 0.4273509609375 0.038728365625 0.4914519234375 0.070778846875 0.4914519234375 0.0427355765625 0.42868509687499995 0.006677884375 0.4273509609375 0.038728365625
0 0.5689110578125 0.49011778906250003 0.6290072109375 0.49011778906250003 0.6236634609375 0.46073798125 0.528846153125 0.47008653906250003 0.5689110578125 0.49011778906250003