0 0.54453125 0.26796875 0.1 0.028125
0 0.53984375 0.2859375 0.08984375 0.0265625
0 0.53671875 0.29609375 0.09609375 0.02109375
0 0.5375 0.31796875 0.09765625 0.03203125
0 0.53515625 0.328125 0.1 0.03359375
0 0.62265625 0.346875 0.0984375 0.028125
0 0.62109375 0.36796875 0.109375 0.025
0 0.621875 0.37890625 0.09453125 0.03046875
0 0.62734375 0.4796875 0.0921875 0.03203125
0 0.62265625 0.45859375 0.0921875 0.028125
0 0.6203125 0.4421875 0.1 0.02109375
0 0.61875 0.42265625 0.103125 0.0203125
0 0.6234375 0.40703125 0.11484375 0.025
0 0.57959375 0.6477019234375 0.5889423078125 0.606302884375 0.47676201875 0.619658653125 0.47008653906250003 0.6543798078124999 0.5355240390625 0.665064903125 0.57959375 0.6477019234375
0 0.6203125 0.62109375 0.09453125 0.0265625
0 0.05546875 0.6625 0.1109375 0.0640625
0 0.9401706734375 0.544872596875 0.8867524031249999 0.5381947109375 0.885415865625 0.5635673078125001 0.930822115625 0.5702451921875 0.9401706734375 0.544872596875
0 0.88408173125 0.6276706734374999 0.9334927890625 0.6423605765625 0.932158653125 0.6089735578125001 0.88408173125 0.5969543265625 0.88408173125 0.6276706734374999
0 0.8814110578125 0.606302884375 0.9415072109375 0.6223293265625001 0.9401706734375 0.5916129812500001 0.885415865625 0.5822644234375 0.8814110578125 0.606302884375