0 0.47578125 0.47734375 0.08125 0.04375
0 0.54765625 0.4734375 0.06875 0.04375
0 0.546875 0.57421875 0.0828125 0.053125
0 0.48671875 0.584375 0.084375 0.059375
0 0.61953125 0.3578125 0.1203125 0.0515625
0 0.50078125 0.32421875 0.0828125 0.0578125
0 0.89296875 0.72109375 0.1109375 0.05
0 0.7984375 0.72734375 0.1125 0.046875
0 0.9764892515625 0.0517119921875 0.922071496875 0.071361821875 0.9145477171874999 0.0995406921875 0.9901925796875 0.0715071015625 0.9764892515625 0.0517119921875
0 0.8583508140625 0.0938451140625 0.8146374078124999 0.11464243593750001 0.8110969453125 0.1414174375 0.874817628125 0.11893414531249999 0.8583508140625 0.0938451140625
0 0.8298478843750001 0.297363940625 0.879041653125 0.2844841984375 0.8813623265625001 0.2644093890625 0.83338594375 0.2705889796875 0.8298478843750001 0.297363940625
0 0.4842419828125 0.0870174046875 0.4223549109375 0.061384443749999996 0.41497340625 0.097576475 0.48484799218749997 0.121735675 0.4842419828125 0.0870174046875
0 0.48122212343750004 0.067035815625 0.4180220015625 0.0427601125 0.414577203125 0.074878009375 0.48714774375000003 0.1003244875 0.48122212343750004 0.067035815625
0 0.47679839687500003 0.043070907812499996 0.4189621328125 0.0200383203125 0.418138546875 0.0494369796875 0.4854384875 0.07898327968749999 0.47679839687500003 0.043070907812499996
0 0.4664357859375 0.13808353906249998 0.5244119203125 0.16912932812499998 0.5291930546875 0.13698810625 0.469903909375 0.107301978125 0.4664357859375 0.13808353906249998
0 0.8326501671875001 0.3814624578125 0.8911235375000001 0.36441291875 0.8880337421875 0.3404247265625 0.8362372406249999 0.3573577234375 0.8326501671875001 0.3814624578125