0 0.6046875 0.69140625 0.23671875 0.09453125
0 0.52734375 0.31171875 0.07734375 0.028125
0 0.590625 0.3125 0.08046875 0.034375
0 0.65546875 0.31484375 0.071875 0.03203125
0 0.7125 0.31953125 0.065625 0.03359375
0 0.76171875 0.321875 0.08125 0.0375
0 0.10283173125 0.8600432687499999 0.305822115625 0.78125 0.2964735578125 0.7037932687499999 0.11885576875 0.762552884375 0.0280456734375 0.6957788468749999 0.010471153125 0.6836009609375 0 0.7772427890625 0.10283173125 0.8600432687499999
0 0.3697115390625 0.33637740312500003 0.44182692343749996 0.3377139421875 0.43648557656250003 0.30299038437500003 0.3657043265625 0.30299038437500003 0.3697115390625 0.33637740312500003
0 0.346875 0.321875 0.0640625 0.01875
0 0.46171875 0.46796875 0.09375 0.0390625
0 0.46171875 0.61875 0.09375 0.04140625
0 0.3859375 0.60703125 0.07734375 0.028125
0 0.58125 0.20390625 0.06015625 0.0296875
0 0.65234375 0.20546875 0.06015625 0.0265625
0 0.709375 0.2109375 0.05234375 0.0265625
0 0.76015625 0.2125 0.04921875 0.028125
0 0.52734375 0.203125 0.0640625 0.02421875
0 0.4703125 0.20234375 0.065625 0.03046875
0 0.40859375 0.2078125 0.06171875 0.034375
0 0.353125 0.215625 0.04921875 0.03359375
0 0.81875 0.3296875 0.06171875 0.0453125
0 0.8140625 0.221875 0.0453125 0.0296875
0 0.82109375 0.60390625 0.071875 0.03984375
0 0.41328125 0.08984375 0.05234375 0.025