0 0.76953125 0.0796875 0.0625 0.025
0 0.7671875 0.0953125 0.05 0.028125
0 0.76953125 0.11953125 0.053125 0.021875
0 0.7703125 0.14140625 0.0625 0.0296875
0 0.76875 0.1609375 0.059375 0.021875
0 0.76484375 0.1875 0.053125 0.028125
0 0.76796875 0.20859375 0.04375 0.021875
0 0.8140625 0.178125 0.053125 0.025
0 0.81875 0.19453125 0.05625 0.03125
0 0.81796875 0.2140625 0.04375 0.021875
0 0.8171875 0.1078125 0.05 0.0203125
0 0.87109375 0.165625 0.05 0.025
0 0.92265625 0.18203125 0.0453125 0.025
0 0.8703125 0.2140625 0.053125 0.015625
0 0.86875 0.23515625 0.053125 0.025