0 0.27421875 0.14921875 0.196875 0.1203125
0 0.4296875 0.190625 0.1671875 0.1140625
0 0.4125 0.45625 0.1703125 0.090625
0 0.2515625 0.4328125 0.2015625 0.1046875
0 0.09140625 0.41875 0.178125 0.1046875
0 0.11875 0.10546875 0.165625 0.0953125
0 0.5625 0.47265625 0.15 0.075
0 0.58046875 0.25625 0.14375 0.10625
0 0.68671875 0.2828125 0.115625 0.0953125
0 0.784375 0.31171875 0.1171875 0.08125
0 0.7875 0.115625 0.103125 0.09375
0 0.69765625 0.07265625 0.109375 0.090625
0 0.87890625 0.1625 0.1 0.0703125
0 0.9515625 0.1921875 0.084375 0.0609375
0 0.8640625 0.3328125 0.0875 0.0671875
0 0.67578125 0.4796875 0.11875 0.06875
0 0.76953125 0.496875 0.10625 0.0640625
0 0.86328125 0.5015625 0.090625 0.0546875
0 0.93203125 0.51015625 0.0890625 0.0484375
0 0.546875 0.63984375 0.146875 0.078125
0 0.66484375 0.6359375 0.1265625 0.071875
0 0.75859375 0.64140625 0.103125 0.0625
0 0.53125 0.8078125 0.1390625 0.084375
0 0.65234375 0.80546875 0.1328125 0.09375
0 0.75390625 0.7875 0.1140625 0.078125
0 0.8609375 0.7703125 0.0796875 0.0703125
0 0.853125 0.6390625 0.09375 0.0671875
0 0.92578125 0.63828125 0.0921875 0.065625