0 0.019591846875 0.689610803125 0.0260130609375 0.7507045703124999 0.10226706249999999 0.799087846875 0.1704938640625 0.7838607703125 0.1644912671875 0.726749871875 0.0989936234375 0.729607084375 0.019591846875 0.689610803125
0 0.1750449640625 0.7377260703124999 0.1732896140625 0.784910825 0.290439096875 0.8263104312499999 0.3849568234375 0.7546051375 0.36720977499999996 0.7135018671875 0.280803265625 0.7601813484375 0.1750449640625 0.7377260703124999
0 1 0.7616014812499999 0.9664009046875 0.7418346437500001 0.9565340859375 0.814042821875 1 0.840504821875 1 0.7616014812499999
0 0.99023720625 0.751414784375 0.9177558906250001 0.7133765171875 0.9195609078125001 0.7816725515625 0.9907882640624999 0.8077571796875 0.99023720625 0.751414784375
0 0.9325718703125 0.7265925328125 0.866240125 0.6959640703125001 0.8710529593749999 0.7545415015625 0.93773673125 0.7757329109375 0.9325718703125 0.7265925328125
0 1 0.483517903125 0.956164853125 0.503887159375 0.9653092015625001 0.5781264687500001 1 0.5692410031249999 1 0.483517903125
0 0.8990404140624999 0.58643308125 0.9598574093750001 0.5773555734375 0.96692873125 0.50409973125 0.8926192000000001 0.5253393140625 0.8990404140624999 0.58643308125
0 0.43690285937500006 0.6994621609375 0.366857496875 0.722936528125 0.3725809328125 0.7773913828125 0.45409397343749996 0.73525309375 0.43690285937500006 0.6994621609375
0 0.9320051015624999 0.3251449125 0.981570621875 0.2984522953125 0.9698445890625 0.186886540625 0.9111177953125 0.2414007203125 0.9320051015624999 0.3251449125
0 0.8699206015625001 0.398812103125 0.9421401812499999 0.332138240625 0.9322980546874999 0.25126002187499996 0.8603576359374999 0.32058992656249996 0.8699206015625001 0.398812103125
0 0.8115782953125 0.23977730625000002 0.8539514578125 0.1574403234375 0.832152059375 0.1033312203125 0.8019424656249999 0.1736482265625 0.8115782953125 0.23977730625000002
0 0.8600176906250001 0.7006473609375 0.7854386546875001 0.6682003390625 0.7802600015625 0.69560089375 0.8588204109375001 0.753141809375 0.8600176906250001 0.7006473609375
0 0.621875 0.68125 0.06875 0.03125
0 0.6953125 0.65625 0.053125 0.03125