0 0.3984375 0.778125 0.40625 0.23125
0 0.73984375 0.52109375 0.11875 0.0640625
0 0.74140625 0.4828125 0.125 0.0703125
0 0.73515625 0.45390625 0.128125 0.0765625
0 0.6015625 0.19140625 0.1078125 0.06875
0 0.60234375 0.24765625 0.109375 0.0734375
0 0.609375 0.3375 0.103125 0.0703125
0 0.59765625 0.10546875 0.1109375 0.0578125
0 0.5921875 0.053125 0.1125 0.0640625
0 0.80859375 0.0734375 0.1359375 0.05625
0 0.92109375 0.053125 0.0875 0.0671875
0 0.72578125 0.2671875 0.1234375 0.0640625
0 0.72578125 0.20859375 0.125 0.0671875