0 0.3078125 0.7828125 0.1265625 0.05625
0 0.30078125 0.75 0.1234375 0.0609375
0 0.29453125 0.7140625 0.1125 0.0625
0 0.29296875 0.6765625 0.125 0.0640625
0 0.28671875 0.65 0.1171875 0.059375
0 0.28359375 0.62109375 0.13125 0.0671875
0 0.24921875 0.4171875 0.1234375 0.065625
0 0.25390625 0.45390625 0.1375 0.0703125
0 0.2671875 0.515625 0.1234375 0.075
0 0.2765625 0.58125 0.121875 0.0703125
0 0.1328125 0.44765625 0.13125 0.071875
0 0.140625 0.52109375 0.1171875 0.0703125
0 0.1453125 0.5796875 0.1171875 0.0703125
0 0.15625 0.65 0.1109375 0.059375
0 0.16171875 0.71484375 0.1265625 0.071875
0 0.18046875 0.815625 0.1203125 0.071875
0 0.3171875 0.3171875 0.1109375 0.0609375
0 0.43203125 0.296875 0.1265625 0.065625
0 0.359375 0.275 0.1640625 0.0671875