0 0.73359375 0.74921875 0.1234375 0.0453125
0 0.7359375 0.71640625 0.1203125 0.0515625
0 0.7359375 0.6796875 0.109375 0.053125
0 0.7328125 0.6421875 0.121875 0.053125
0 0.73359375 0.61484375 0.1140625 0.0484375
0 0.7328125 0.5859375 0.1265625 0.0578125
0 0.73515625 0.37890625 0.1203125 0.05625
0 0.73515625 0.415625 0.1328125 0.059375
0 0.73203125 0.4796875 0.11875 0.065625
0 0.73359375 0.5453125 0.11875 0.0609375
0 0.85390625 0.390625 0.1265625 0.0609375
0 0.85859375 0.46484375 0.1140625 0.0609375
0 0.8625 0.5234375 0.1140625 0.0609375
0 0.86328125 0.59453125 0.1078125 0.05
0 0.8671875 0.659375 0.121875 0.0625
0 0.86484375 0.76171875 0.1171875 0.0625
0 0.65234375 0.290625 0.1078125 0.0515625
0 0.5359375 0.28828125 0.1234375 0.0546875
0 0.60390625 0.25546875 0.1609375 0.0546875