0 0.3171875 0.7359375 0.2265625 0.1109375
0 0.10546875 0.76171875 0.1828125 0.1125
0 0.2765625 0.2515625 0.2296875 0.096875
0 0.0875 0.21328125 0.175 0.1234375
0 1 0.6635118796875 0.9877672437499999 0.6591006187499999 0.8907917718749999 0.68093048125 0.891521025 0.7599013078125 1 0.8073725421875 1 0.6635118796875
0 0.8876873062499999 0.74539541875 0.8867423999999999 0.6720591296875 0.7414927328124999 0.6341638265625 0.7508907390624999 0.6968147171875 0.8876873062499999 0.74539541875
0 0.736229125 0.5781541765625 0.7368722734375 0.645176421875 0.891399096875 0.6718684453125 0.8894225890625 0.602698403125 0.8943628234375 0.6008420546875 0.736229125 0.5781541765625
0 0.7244448578125 0.405013578125 0.72832714375 0.44867845624999997 0.84192006875 0.4263323921875 0.98869229375 0.42262832499999997 0.9897584703125 0.35761674062500004 0.848906484375 0.3548704859375 0.7244448578125 0.405013578125
0 0.7282507578125 0.6773345281250001 0.7265761187499999 0.621510071875 0.6633255921875 0.606860078125 0.6580443828125 0.6473294609375 0.7282507578125 0.6773345281250001
0 0.6619241765625 0.5708292 0.618719240625 0.5653681828125 0.6148363156250001 0.5989202921875 0.6591054171875 0.6061599671875 0.71531049375 0.6066202281249999 0.7104052000000001 0.56400523125 0.6619241765625 0.5708292
0 0.662945259375 0.6561099421875001 0.6610821 0.6110291343750001 0.6066669015625 0.59374438125 0.6074602687499999 0.63462275 0.662945259375 0.6561099421875001
0 0.70006738125 0.1710841296875 0.7054018046875 0.24778346875 0.8618515171875 0.1078923015625 0.8534262078125 0.04485049375 0.8067472531250001 0.0603872875 0.70006738125 0.1710841296875
0 0.7901613734375 0 0.705099521875 0.10909893906250001 0.7120249390625 0.17943140156249998 0.8090537171875001 0.0502955640625 0.85324489375 0.046875284375 0.8482224421875 0 0.7901613734375 0