0 0.44609375 0.515625 0.05625 0.0296875
0 0.4640625 0.2859375 0.0609375 0.0296875
0 0.52578125 0.2890625 0.0546875 0.0296875
0 0.63359375 0.29921875 0.053125 0.0328125
0 0.50546875 0.525 0.05625 0.028125
0 0.55703125 0.5265625 0.053125 0.03125
0 0.6140625 0.534375 0.0609375 0.040625
0 0.0609990796875 0.6277188875 0.0522256109375 0.7253458234375 0.214793953125 0.6458273796875 0.21848603125000002 0.565564896875 0.0609990796875 0.6277188875
0 0.307956165625 0.5944437796875001 0.304744003125 0.5406104109375 0.22561349218750001 0.571308915625 0.2182925171875 0.6433488296875 0.307956165625 0.5944437796875001
0 0.8092192593749999 0.6100010328125001 0.7931423234375 0.6933110859375 0.9487921515625001 0.803085453125 0.9658567078125 0.6948893734375 0.8092192593749999 0.6100010328125001
0 0.73364315625 0.5866956484375 0.7128716640625 0.6439830984375 0.798331825 0.7026715968749999 0.8064588921875 0.620618159375 0.73364315625 0.5866956484375
0 0.2976590671875 0.5949207390625 0.3476118078125 0.573758784375 0.344934303125 0.529011396875 0.30508715 0.5420665328125 0.2976590671875 0.5949207390625
0 0.382568015625 0.2904340125 0.384524828125 0.26255134375 0.33432545937499997 0.259585565625 0.33041629375000003 0.288380878125 0.382568015625 0.2904340125