0 0.4453125 0.5140625 0.05625 0.0328125
0 0.47109375 0.284375 0.0609375 0.03125
0 0.5328125 0.28984375 0.05625 0.0328125
0 0.640625 0.30390625 0.0546875 0.034375
0 0.5046875 0.525 0.05625 0.0296875
0 0.55625 0.528125 0.0546875 0.0328125
0 0.6125 0.53828125 0.0609375 0.0421875
0 0.056809182812500005 0.6123201734375 0.044633928125 0.709581446875 0.209878390625 0.6357849984375 0.21636934062500002 0.555700259375 0.056809182812500005 0.6123201734375
0 0.3047771140625 0.5876840140625 0.303445665625 0.5337713359375 0.22329199531250002 0.561689525 0.213461325 0.63343005625 0.3047771140625 0.5876840140625
0 0.805191909375 0.62072561875 0.7862172890625 0.7034238453125 0.9379412296874999 0.8185634421874999 0.9587713796875 0.7110288171875 0.805191909375 0.62072561875
0 0.7304751921875 0.594796865625 0.7077170500000001 0.6513245015625 0.7910769531249999 0.712959765625 0.8020626921874999 0.63123994375 0.7304751921875 0.594796865625
0 0.2944696421875 0.58780131875 0.34513049375 0.56839558125 0.34401628125 0.523582009375 0.303737784375 0.5352385468749999 0.2944696421875 0.58780131875
0 0.3899532984375 0.2864633578125 0.3928820109375 0.258665965625 0.3428167265625 0.2539500625 0.337905 0.2825914046875 0.3899532984375 0.2864633578125