0 0.43002163437499996 0.25774519218749997 0.42868509687499995 0.13621875 0.27510576875 0.050747596875 0.27911298125 0.17628125 0.43002163437499996 0.25774519218749997
0 0.4006418265625 0.5755865390625 0.25908173125 0.574252403125 0.2457259609375 0.6396899031250001 0.40731730781250003 0.6396899031250001 0.4006418265625 0.5755865390625
0 0.52216826875 0.23637740312500002 0.41800240312500003 0.196314903125 0.4206730765625 0.253740384375 0.5101490390625 0.293802884375 0.52216826875 0.23637740312500002
0 0.521875 0.60390625 0.08984375 0.0453125
0 0.5265625 0.4734375 0.084375 0.06015625
0 0.596875 0.53828125 0.06640625 0.03984375
0 0.5921875 0.60390625 0.065625 0.0484375
0 0.53984375 0.29609375 0.08046875 0.06640625
0 0.71953125 0.51796875 0.05234375 0.034375
0 0.6640625 0.546875 0.08671875 0.0390625
0 0.640625 0.4796875 0.06015625 0.0375
0 0.87109375 0.60078125 0.1125 0.09609375
0 0.7296875 0.4046875 0.04375 0.03203125