0 0.322584234375 0.45629845468749997 0.3423094484375 0.4740059796875 0.48030752187500003 0.4497015421875 0.47960288437500004 0.41362605781250006 0.3565954609375 0.42082893749999994 0.32607023281249997 0.40961179843749995 0.322584234375 0.45629845468749997
0 0.31757542031249997 0.513645253125 0.339786825 0.5420829015625 0.48446176406249997 0.5178950062500001 0.48518431875 0.4764998703125 0.35130694687499997 0.4941997390625 0.3274819109375 0.481762809375 0.31757542031249997 0.513645253125
0 0.5349887078125 0.224926915625 0.5941122937500001 0.20458787812499998 0.592257759375 0.157808003125 0.53449143125 0.1768339890625 0.5349887078125 0.224926915625
0 0.669026790625 0.1978822765625 0.6689048359374999 0.12842485625 0.5736567109374999 0.152141159375 0.5711729265625001 0.14141108125 0.5792148625 0.2163489046875 0.669026790625 0.1978822765625
0 0.5941456406250001 0.0496514015625 0.530549315625 0.09662557031249999 0.5418208765625 0.1395644015625 0.6012241609375 0.1032013625 0.5941456406250001 0.0496514015625
0 0.576647878125 0.057359215625 0.586280121875 0.11763265625 0.6792983890625 0.06850096875 0.6695029906250001 0.017574662499999998 0.606535959375 0.028496631249999998 0.576647878125 0.057359215625
0 0.5131845203125 0.5557938890624999 0.5751726640625 0.60095231875 0.5854986859375 0.545035075 0.5166938453125 0.507770896875 0.5131845203125 0.5557938890624999
0 0.738391940625 0.738706484375 0.7343099953125 0.6665088640625 0.6969913953125 0.66184964375 0.6045946078125 0.5987948015625 0.5971019656250001 0.6454139265625 0.696766159375 0.7513353031250001 0.738391940625 0.738706484375
0 0.6366580828124999 0.5218859421875 0.60538705625 0.5533954671875 0.706874603125 0.63130113125 0.7457602249999999 0.6226299 0.7455217265625 0.55984935 0.6366580828124999 0.5218859421875
0 0.73530214375 0.762694675 0.909886284375 0.938042334375 0.9273296249999999 0.85687045625 0.7564957109375 0.6962804015625 0.73530214375 0.762694675
0 0.6409853890625 0.1973928109375 0.7563782156250001 0.16735163749999998 0.7645001515625001 0.0846803125 0.6502571781250001 0.12542828125 0.6409853890625 0.1973928109375