0 0.56796875 0.33828125 0.128125 0.059375
0 0.56953125 0.371875 0.1171875 0.0546875
0 0.5703125 0.4 0.134375 0.059375
0 0.5734375 0.4328125 0.134375 0.0515625
0 0.575 0.46796875 0.1375 0.0484375
0 0.57109375 0.496875 0.128125 0.0515625
0 0.57265625 0.52890625 0.125 0.059375
0 0.58203125 0.56171875 0.1328125 0.059375
0 0.5796875 0.58828125 0.1296875 0.059375
0 0.584375 0.6140625 0.1171875 0.0625
0 0.58828125 0.64765625 0.1125 0.05
0 0.026409021875 0.2514740875 0.1902883828125 0.3164382578125 0.185321621875 0.247158540625 0.018853885937500002 0.132851153125 0.026409021875 0.2514740875
0 0.2455929078125 0.35098541875 0.23802655625 0.28317790625 0.1579502296875 0.23522132343750002 0.15968648125 0.3193804078125 0.2455929078125 0.35098541875
0 0.7104020515625 0.314590078125 0.6622468359375 0.3398468640625 0.6685549859375 0.3836464578125 0.72344875625 0.3593724859375 0.7104020515625 0.314590078125