0 0.5173702828125 0.4129668265625 0.517925090625 0.44904492500000004 0.6566873125 0.46851849375 0.675782528125 0.45013335468750004 0.6706693109375 0.40359679843749996 0.64055415 0.4158724203125 0.5173702828125 0.4129668265625
0 0.5139865125 0.47599712656250004 0.516153296875 0.5173418296875 0.66158425 0.53646590625 0.6827896640625 0.5072704156250001 0.6717765265625 0.4757531234375 0.648400046875 0.489013959375 0.5139865125 0.47599712656250004
0 0.4542512484375 0.1782345859375 0.3958561125 0.16123620624999999 0.3956353015625 0.20805230625 0.45543269375 0.2263155703125 0.4542512484375 0.1782345859375
0 0.4109341125 0.21928625624999998 0.41635585781250006 0.1441134234375 0.4142480609375 0.1549236484375 0.3182302703125 0.134545903125 0.32053241875 0.2039652671875 0.4109341125 0.21928625624999998
0 0.3849894296875 0.10697575468750001 0.44562557812500003 0.14124349687499999 0.4553917296875 0.09793745000000001 0.39019477187499996 0.0532113765625 0.3849894296875 0.10697575468750001
0 0.3770737078125 0.032501909375 0.3137638640625 0.0237841125 0.3057517359375 0.07502125 0.4004280109375 0.1208767171875 0.4079508734375 0.0603038328125 0.3770737078125 0.032501909375
0 0.483587525 0.5083487703125 0.4161250984375 0.5479915015625 0.42839631406249995 0.6035143109375001 0.4887706890625 0.5562200328125 0.483587525 0.5083487703125
0 0.39891699687500004 0.6023849171875 0.308777078125 0.66862595 0.271643815625 0.6745847328125001 0.27008401875 0.7468808296875 0.31212518125 0.7580492375000001 0.40803205781249996 0.648714153125 0.39891699687500004 0.6023849171875
0 0.2567165515625 0.568381475 0.2586692078125 0.6311321046875 0.2978337625 0.638440965625 0.3965406171875 0.5570408953125 0.36418897499999997 0.5266419078125 0.2567165515625 0.568381475
0 0.2505106265625 0.705112403125 0.08538529218749999 0.8715666499999999 0.10565086406249999 0.9520803156250001 0.2740091078125 0.770746575 0.2505106265625 0.705112403125
0 0.3367619890625 0.1309003609375 0.22116652656250002 0.0941642359375 0.23216870312500001 0.1765017484375 0.3485396578125 0.20249747031249998 0.3367619890625 0.1309003609375