0 0.384996696875 0.62775484375 0.3863141421875 0.5889568656249999 0.2365718046875 0.6249210515625 0.231715696875 0.6772065125 0.3477833734375 0.6718159890625001 0.384996696875 0.62775484375
0 0.87890625 0.4640625 0.19375 0.078125
0 0.70390625 0.50625 0.15 0.046875
0 0.8399043703125001 0.3379330125 0.9440374640625 0.29687958124999997 0.933278078125 0.218414009375 0.8256552859375 0.2742881625 0.8399043703125001 0.3379330125
0 0.769585703125 0.3524151515625 0.8542124203125001 0.3267417546875 0.8438259390624999 0.2589547703125 0.7676747875000001 0.2976936984375 0.769585703125 0.3524151515625
0 0.8413864765625 0.1508009453125 0.7633120046874999 0.21098785000000003 0.769132 0.2628980890625 0.8435303624999999 0.21219381249999997 0.8413864765625 0.1508009453125
0 0.7656582609375 0.3164726296875 0.76173081875 0.2805301078125 0.7284107 0.28302861875 0.6800550828125 0.3141149515625 0.6907005828125 0.3511602265625 0.7656582609375 0.3164726296875
0 0.8465688421875001 0.107858346875 0.8738800718749999 0.0481091859375 0.8314967046874999 0.058941096875 0.7532358234375 0.113789909375 0.75624700625 0.161790984375 0.8465688421875001 0.107858346875
0 0.0890625 0.58125 0.1765625 0.1
0 0.11640625 0.33046875 0.1203125 0.075
0 0.0959244671875 0.7300546765625 0.1042920203125 0.816620675 0.18438301875000002 0.7376548390625 0.1838544734375 0.6842224671875 0.0959244671875 0.7300546765625
0 0.10798293750000001 0.7309685328125 0.010073425 0.79719269375 0.013149531249999999 0.8852808281250001 0.1158844640625 0.8041893 0.10798293750000001 0.7309685328125