0 0.13828125 0.15078125 0.23359375 0.0984375
0 0.4594014421875 0.1602572109375 0.25774519218749997 0.1135144234375 0.248396634375 0.196314903125 0.45673076874999996 0.23504326875 0.4594014421875 0.1602572109375
0 0.4460480765625 0.61698798125 0.2764423078125 0.6677355765625 0.20699759687500002 0.6276706734374999 0.26976442343749996 0.742521634375 0.4513894234375 0.6904375 0.4460480765625 0.61698798125
0 0.44453125 0.37578125 0.2828125 0.07109375
0 0.45234375 0.4765625 0.26875 0.07734375
0 0.50546875 0.63671875 0.15078125 0.09375
0 0.51796875 0.2109375 0.14453125 0.090625
0 0.51953125 0.11875 0.1546875 0.0828125
0 0.69765625 0.4984375 0.084375 0.03984375
0 0.7609375 0.54921875 0.06953125 0.03984375
0 0.741185096875 0.5248389421875 0.663728365625 0.552884615625 0.6583870187499999 0.6089735578125001 0.7451923078125 0.574252403125 0.741185096875 0.5248389421875
0 0.6957788468749999 0.2377139421875 0.58760576875 0.20432692343749997 0.5822644234375 0.25908173125 0.6891033656250001 0.29113221093749997 0.6957788468749999 0.2377139421875
0 0.584935096875 0.1722764421875 0.6944447109375 0.21367548125 0.6877668265625 0.15625 0.586271634375 0.125533653125 0.584935096875 0.1722764421875
0 0.7585480765625 0.2644230765625 0.6810889421875 0.24038461562500002 0.6891033656250001 0.2884615390625 0.755875 0.307158653125 0.7585480765625 0.2644230765625
0 0.7077980765625 0.24439182656249997 0.8026177890625 0.2564110578125 0.7986105765625 0.2176826921875 0.7024567312500001 0.21367548125 0.7077980765625 0.24439182656249997
0 0.665064903125 0.0240384609375 0.7478629812500001 0.0881418265625 0.74919951875 0.03739423125 0.6877668265625 0 0.665064903125 0.0240384609375