0 0.83671875 0.1265625 0.240625 0.1140625
0 0.714704815625 0.0975570421875 0.516800403125 0.1582527953125 0.5246813828125 0.23267038125 0.7298064703125 0.1795037015625 0.714704815625 0.0975570421875
0 0.5617764125 0.6865827015625 0.7465921890625 0.7258704421875 0.8011945203125 0.606920859375 0.734713759375 0.651732384375 0.56198116875 0.6129395078125001 0.5617764125 0.6865827015625
0 0.546875 0.371875 0.2875 0.090625
0 0.54609375 0.4734375 0.2734375 0.0953125
0 0.50390625 0.63671875 0.15625 0.1046875
0 0.46171875 0.21328125 0.15 0.1
0 0.45390625 0.12109375 0.159375 0.09375
0 0.30234375 0.5125 0.0875 0.0453125
0 0.24296875 0.5671875 0.071875 0.0453125
0 0.34035951249999996 0.5641769046875 0.2611350953125 0.5416026578124999 0.26058455468749997 0.5911752781249999 0.349600415625 0.6197566234375 0.34035951249999996 0.5641769046875
0 0.3919825234375 0.21115823749999998 0.286401909375 0.2520097 0.29678740000000003 0.3048321859375 0.401130359375 0.265407071875 0.3919825234375 0.21115823749999998
0 0.28605595781250004 0.22793673124999997 0.3924109609375 0.1789995328125 0.3878170671875 0.1324638390625 0.2887117765625 0.170185309375 0.28605595781250004 0.22793673124999997
0 0.30124232812499996 0.2536491515625 0.22564871874999998 0.2830323328125 0.231296365625 0.3254773421875 0.296601103125 0.3021680203125 0.30124232812499996 0.2536491515625
0 0.1811274671875 0.278113978125 0.274877784375 0.2595097359375 0.2780634546875 0.2284956203125 0.18242336406249998 0.23920042343749998 0.1811274671875 0.278113978125
0 0.2240110265625 0.106435140625 0.30213578750000003 0.036712225 0.2778123265625 0.014315926562500001 0.219137771875 0.0559043953125 0.2240110265625 0.106435140625