0 0.0042836078125000005 0.38796610781249996 0.24126211562500002 0.4321735890625 0.253900996875 0.32019682656250004 0.0084401 0.22642269843750001 0.0096574859375 0.23312285 0.0042836078125000005 0.38796610781249996
0 0.9518525468749999 0.1253504875 0.818332621875 0.19915408125 0.828998215625 0.27680877812500004 0.944903834375 0.21738986875 0.9518525468749999 0.1253504875
0 0.8436105375 0.2049374671875 0.7762639859375 0.2371540359375 0.7739021546875 0.295881375 0.8424684953125 0.2703650015625 0.8436105375 0.2049374671875
0 0.7757512375 0.26652936718750003 0.7152447078125 0.2895153453125 0.7171924609375 0.3309546875 0.7750054000000001 0.3092584359375 0.7757512375 0.26652936718750003
0 0.7675238125 0.737878240625 0.711109290625 0.6794592953125 0.69977560625 0.716661390625 0.7532378015625001 0.791055284375 0.7675238125 0.737878240625
0 0.8130451015625001 0.808128109375 0.810545803125 0.8748686921875001 0.9074441046875 0.9860839515625001 0.9261538437500001 0.9089420015625 0.8130451015625001 0.808128109375
0 0.8306252640625 0.6428111890625 0.8321767734375 0.7069514 0.9232139406250001 0.7713168484375 0.9257855781250001 0.7005697046875 0.8306252640625 0.6428111890625
0 0.404701259375 0.40430540625000005 0.339644240625 0.3817987875 0.3295536734375 0.4243647421875 0.40273563125 0.44033428125 0.404701259375 0.40430540625000005
0 0.5765625 0.53671875 0.05 0.03125
0 0.5375 0.534375 0.059375 0.034375
0 0.4953125 0.52890625 0.0546875 0.028125