0 0.82578125 0.12109375 0.0640625 0.0328125
0 0.82109375 0.13671875 0.053125 0.034375
0 0.81953125 0.1609375 0.0546875 0.0296875
0 0.81796875 0.1828125 0.065625 0.0375
0 0.81328125 0.2015625 0.0625 0.03125
0 0.80546875 0.22734375 0.05625 0.0359375
0 0.80625 0.2484375 0.0453125 0.0265625
0 0.85546875 0.225 0.0546875 0.0328125
0 0.8578125 0.2421875 0.059375 0.0375
0 0.8546875 0.2609375 0.046875 0.028125
0 0.86875 0.15546875 0.053125 0.0265625
0 0.9140625 0.2203125 0.0515625 0.03125
0 0.9625 0.24375 0.0484375 0.03125
0 0.90625 0.26875 0.053125 0.021875
0 0.90234375 0.2890625 0.0546875 0.03125