0 0 0.3496776515625 0.1016622953125 0.3613482046875 0.226166340625 0.312423278125 0.2222847609375 0.2698433640625 0.0901735078125 0.3116277265625 0 0.3056022015625 0 0.3496776515625
0 0.227865078125 0.293377171875 0.21686703281250003 0.24763374531250001 0.0827809359375 0.28428155 0.0029229296875 0.2913961515625 0.000015903125 0.3334630265625 0.0940797703125 0.34344169375 0.227865078125 0.293377171875
0 0 0.304106628125 0.0901735078125 0.3116277265625 0.22477264375 0.26819131406249996 0.2131239453125 0.21714873906249998 0.083337984375 0.2559568625 0 0.25104121875 0 0.304106628125
0 0 0.2757248875 0.0914088640625 0.277840715625 0.2157280234375 0.2383572546875 0.20521833437499998 0.19659116875 0.07545705625 0.22463334375000002 0 0.22593775 0 0.2757248875
0 0 0.2297443328125 0.0802458421875 0.23077338906249997 0.2146597984375 0.19677605625 0.1913822484375 0.160614971875 0 0.19112574843750002 0 0.2297443328125
0 0.021875 0.07578125 0.04375 0.0453125
0 0.02890625 0.09765625 0.0578125 0.0453125
0 0.02734375 0.11875 0.0546875 0.053125
0 0.034375 0.14453125 0.06875 0.0484375
0 0.0328125 0.1765625 0.065625 0.046875
0 0.1125 0.06796875 0.10625 0.046875