0 0.5386781187499999 0.21888565 0.938614090625 0.111922953125 0.92312595625 0.073458871875 0.5468890625 0.1761675359375 0.5386781187499999 0.21888565
0 0.29973752343750004 0.25629605624999996 0.1366508140625 0.29784884218749996 0.140068721875 0.3256854671875 0.29520074531249996 0.2851093921875 0.29973752343750004 0.25629605624999996
0 0.5366055843749999 0.4102012859375 0.42426036875 0.4266862734375 0.42351575312499995 0.46445033437500005 0.5676481609375 0.45482770937500006 0.5821370546875 0.41941094687499997 0.5366055843749999 0.4102012859375
0 0.4348151109375 0.6003046765625 0.55587738125 0.6110056609375001 0.5813438890625 0.5554034890625 0.5422285687499999 0.5655877046875 0.43025819218750005 0.5631915609375 0.4348151109375 0.6003046765625
0 0.5992708328125 0.6137498031249999 0.765077521875 0.6162637125 0.777936665625 0.5675934109375 0.6020396578125 0.559590403125 0.5992708328125 0.6137498031249999
0 0.7694286609375001 0.443505825 0.9775120906250001 0.42872173281250003 0.98344204375 0.36744616093750004 0.768057553125 0.3885105921875 0.7694286609375001 0.443505825
0 1 0.570513478125 0.9999025749999999 0.5672491390625 0.7903546640625 0.5701059765625 0.788586940625 0.621451728125 1 0.639465028125 1 0.570513478125
0 0.6313617218750001 0.7107227875000001 0.88022998125 0.75416671875 0.8973251125000001 0.663266365625 0.646757821875 0.6388661546875001 0.6313617218750001 0.7107227875000001
0 0.3378050515625 0.270459478125 0.4852858609375 0.24427892343750002 0.4703818421875 0.1667239140625 0.3459220984375 0.19411514218749998 0.3378050515625 0.270459478125
0 0.8796710687499999 0.8591859 0.688448515625 0.8140430015625 0.701865459375 0.890434025 0.8725527390625001 0.9327168796875001 0.8796710687499999 0.8591859
0 0.4539001546875 0.8872450078125 0.2579116359375 0.9018906078125 0.2643970015625 0.9656766546875 0.47099097187499994 0.94972886875 0.4539001546875 0.8872450078125
0 0.22870170625 1 0.2248649890625 0.9395859765625 0.055036364062499996 0.9590917343750001 0.0600592671875 1 0.22870170625 1