0 0.840625 0.609375 0.1 0.040625
0 0.84296875 0.58828125 0.0953125 0.040625
0 0.84296875 0.5671875 0.096875 0.04375
0 0.846875 0.53671875 0.1046875 0.046875
0 0.8359375 0.51640625 0.0890625 0.0421875
0 0.83515625 0.5 0.0984375 0.040625
0 0.83359375 0.47265625 0.0953125 0.040625
0 0.82890625 0.4484375 0.0921875 0.0421875
0 0.828125 0.42890625 0.1046875 0.046875
0 0.82890625 0.40625 0.0984375 0.046875
0 0.82421875 0.39375 0.0984375 0.04375
0 0.82421875 0.375 0.1015625 0.04375
0 0.08671875 0.77265625 0.1421875 0.071875
0 0.0828125 0.7203125 0.140625 0.0625
0 0.07890625 0.690625 0.134375 0.046875
0 0.08125 0.6671875 0.14375 0.0703125
0 0.2609375 0.728125 0.1515625 0.0578125
0 0.25625 0.6875 0.165625 0.0546875
0 0.24921875 0.65625 0.1578125 0.0515625
0 0.253125 0.63203125 0.165625 0.0625
0 0.23125 0.4265625 0.1703125 0.0640625
0 0.2328125 0.45703125 0.1703125 0.0515625
0 0.234375 0.47734375 0.175 0.0515625
0 0.24296875 0.4953125 0.1796875 0.0671875
0 0.24140625 0.52421875 0.1734375 0.0625
0 0.24453125 0.54375 0.1671875 0.071875
0 0.24765625 0.5671875 0.1671875 0.0640625
0 0.17265625 0.27890625 0.15625 0.0578125
0 0.18046875 0.29921875 0.1453125 0.0484375
0 0.121875 0.340625 0.159375 0.05
0 0.1328125 0.37734375 0.1546875 0.0625
0 0.72734375 0.64140625 0.1234375 0.0484375
0 0.72890625 0.61640625 0.1078125 0.05
0 0.72734375 0.5953125 0.096875 0.05
0 0.8171875 0.33984375 0.1 0.040625
0 0.8171875 0.31640625 0.103125 0.0421875
0 0.81484375 0.2953125 0.09375 0.040625
0 0.9515625 0.58359375 0.096875 0.0390625
0 0.64921875 0.64453125 0.0984375 0.0515625
0 0.425 0.66875 0.084375 0.0453125
0 0.160382728125 0.230324453125 0.0875381703125 0.2032894953125 0.083207909375 0.23706084375 0.1625253921875 0.260965975 0.160382728125 0.230324453125
0 0.43773365000000003 0.42512744218750004 0.4121434984375 0.4229022921875 0.4116218265625 0.4537277140625 0.443221640625 0.44616365 0.43773365000000003 0.42512744218750004
0 0.47321104218750004 0.4346952 0.4447678609375 0.42998995000000007 0.44483445312500003 0.45006786875 0.478603571875 0.45440069375 0.47321104218750004 0.4346952
0 0.81171875 0.26640625 0.090625 0.0359375
0 0.809375 0.24921875 0.09375 0.0390625
0 0.8078125 0.23046875 0.0921875 0.046875
0 0.6921875 0.2515625 0.0609375 0.01875
0 0.6953125 0.26484375 0.046875 0.015625
0 0.7078125 0.3890625 0.0421875 0.0234375
0 0.70625 0.3734375 0.0515625 0.028125
0 0.70234375 0.359375 0.046875 0.0265625
0 0.703125 0.34453125 0.05 0.025
0 0.70234375 0.334375 0.0484375 0.028125
0 0.70078125 0.32265625 0.0453125 0.0265625
0 0.6984375 0.31015625 0.059375 0.025