0 0.17483806562499998 0.7275277984375 0.322319075 0.8008484703125 0.4517298046875 0.7340745078124999 0.45408092031249997 0.6885524515625 0.3300826015625 0.7264185390625 0.18944304375 0.671590559375 0.17483806562499998 0.7275277984375
0 0 0.7823174640625 0.11165245312500001 0.76449769375 0.10842268125000001 0.672341240625 0 0.688330109375 0 0.7823174640625
0 0.3328125 0.2734375 0.134375 0.0765625
0 0.3265625 0.30625 0.13125 0.084375
0 0.3234375 0.3296875 0.14375 0.0828125
0 0.49765625 0.1546875 0.18125 0.096875
0 0.48828125 0.17734375 0.18125 0.096875
0 0.46171875 0.3953125 0.1765625 0.071875
0 0.46953125 0.3625 0.175 0.071875
0 0.4765625 0.3296875 0.16875 0.084375
0 0.48125 0.290625 0.165625 0.0875
0 0.48984375 0.2640625 0.1828125 0.0859375
0 0.49140625 0.23359375 0.1734375 0.096875
0 0.8953125 0.803125 0.1515625 0.1703125