0 0.7875 0.55390625 0.2390625 0.084375
0 0.7734375 0.5140625 0.2828125 0.06953125
0 0.7578125 0.45703125 0.321875 0.07890625
0 0.75625 0.4109375 0.33671875 0.08125
0 0.77421875 0.36953125 0.3140625 0.06796875
0 0.746875 0.32265625 0.34453125 0.08125
0 0.841346153125 0.117521634375 0.5782596156250001 0.1776177890625 0.57158173125 0.24038461562500002 0.8466875 0.20031971093749998 0.92548076875 0.2564110578125 0.9201394234375 0.19497836562499998 0.841346153125 0.117521634375
0 0.8319975968750001 0.17093990312500001 0.5595625 0.227028846875 0.566240384375 0.28044951875 0.8440168265624999 0.253740384375 0.922810096875 0.29781009687500004 0.9174687499999999 0.22168749999999998 0.8319975968750001 0.17093990312500001
0 0.9214735578125 0.34455048125 0.9281514421875 0.2764423078125 0.8560360578124999 0.23237259687499998 0.5755865390625 0.2630865390625 0.56757451875 0.3151706734375 0.841346153125 0.29914423125 0.9214735578125 0.34455048125
0 0.9134615390624999 0.663728365625 0.9174687499999999 0.5809302890625 0.8373389421875 0.61298076875 0.665064903125 0.584935096875 0.66239423125 0.6583870187499999 0.8306634609374999 0.7077980765625 0.9134615390624999 0.663728365625
0 0.8360048078125001 0.74919951875 0.90544951875 0.701122596875 0.90544951875 0.6263365390625 0.8400096156249999 0.6663990390625 0.65705048125 0.6236634609375 0.6530456734375 0.63301201875 0.6543798078124999 0.6891033656250001 0.8360048078125001 0.74919951875
0 0.8360048078125001 0.72783173125 0.685096153125 0.6917740390625 0.697115384375 0.755875 0.8373389421875 0.8012812500000001 0.9094543265624999 0.742521634375 0.906783653125 0.697115384375 0.8360048078125001 0.72783173125