0 0.4765625 0.4765625 0.08046875 0.04296875
0 0.5484375 0.47421875 0.06796875 0.04296875
0 0.5453125 0.575 0.08125 0.05234375
0 0.48515625 0.584375 0.0828125 0.0578125
0 0.621875 0.36015625 0.11875 0.04921875
0 0.50390625 0.32421875 0.08125 0.05625
0 0.8890625 0.728125 0.109375 0.0484375
0 0.79453125 0.7328125 0.1125 0.0453125
0 0.9214735578125 0.10683653906249999 0.997596153125 0.080127403125 0.984240384375 0.060096153124999996 0.92948798125 0.07879326875 0.9214735578125 0.10683653906249999
0 0.8173076921875 0.1469014421875 0.8814110578125 0.125533653125 0.8653846156249999 0.1001610578125 0.821314903125 0.12019230781250001 0.8173076921875 0.1469014421875
0 0.885415865625 0.2711009609375 0.8373389421875 0.2764423078125 0.833334134375 0.3031514421875 0.8827451921874999 0.29113221093749997 0.885415865625 0.2711009609375
0 0.42200961562500006 0.096153846875 0.4914519234375 0.12152884687500001 0.4914519234375 0.0868052890625 0.43002163437499996 0.060096153124999996 0.42200961562500006 0.096153846875
0 0.42200961562500006 0.0734519234375 0.49412500000000004 0.1001610578125 0.48878125 0.0667740390625 0.42601442343749996 0.0413990390625 0.42200961562500006 0.0734519234375
0 0.42601442343749996 0.0480769234375 0.4927884609375 0.07879326875 0.48477644218749993 0.0427355765625 0.4273509609375 0.018697115625 0.42601442343749996 0.0480769234375
0 0.5355240390625 0.137552884375 0.47676201875 0.10683653906249999 0.4727572109375 0.137552884375 0.5301826921874999 0.16960576875 0.5355240390625 0.137552884375
0 0.890759615625 0.347221153125 0.8386754812499999 0.363247596875 0.83466826875 0.38728605781250003 0.8934302890625 0.371259615625 0.890759615625 0.347221153125