0 0.510853784375 0.689321625 0.6338766796875 0.6046504859375 0.62937520625 0.556487665625 0.5040782890625 0.6184113265625 0.368066725 0.6053529156249999 0.369734778125 0.662816259375 0.510853784375 0.689321625
0 0.272795315625 0.63040315 0.379128521875 0.6603091484375 0.3828243265625 0.6016026875 0.2776409765625 0.582403484375 0.272795315625 0.63040315
0 0.2171111609375 0.6067233953125 0.2781149671875 0.6318303421875 0.285698384375 0.579873046875 0.2180201125 0.5546495953125 0.2171111609375 0.6067233953125
0 0.16398068593749998 0.58976951875 0.2183309515625 0.6134235875 0.224417321875 0.5707877390625 0.1632503609375 0.5550279234375 0.16398068593749998 0.58976951875
0 0.625645103125 0.23452497343749998 0.6266706421875 0.175771903125 0.515838321875 0.0977055296875 0.3625208859375 0.1578057515625 0.3654320546875 0.22063295625 0.5092367984374999 0.16971666875 0.625645103125 0.23452497343749998
0 0.367863821875 0.1578990125 0.2735558296875 0.20433710781249997 0.27107745156249996 0.26974131562500003 0.37070269375 0.2247303734375 0.367863821875 0.1578990125
0 0.209109240625 0.3000227796875 0.2832113984375 0.2632742125 0.2788497515625 0.20710059374999998 0.2097963484375 0.2606584109375 0.209109240625 0.3000227796875
0 0.2153466453125 0.2487342296875 0.154513846875 0.290412071875 0.161778809375 0.33328096875 0.2170613515625 0.30352490468750004 0.2153466453125 0.2487342296875
0 0.8578125 0.465625 0.0703125 0.028125
0 0.88828125 0.2703125 0.0546875 0.0171875
0 0.8875 0.2125 0.05 0.0171875
0 0.940625 0.2078125 0.0546875 0.0203125
0 0.940625 0.26796875 0.05 0.028125
0 0.94609375 0.328125 0.0453125 0.0203125
0 0.9421875 0.3859375 0.0546875 0.025
0 0.9421875 0.44765625 0.05625 0.01875
0 0.8953125 0.3296875 0.04375 0.0234375
0 0.67734375 0.36640625 0.1359375 0.0453125
0 0.68046875 0.53046875 0.128125 0.0453125