0 0.16796875 0.6328125 0.09765625 0.034375
0 0.1640625 0.61171875 0.09375 0.034375
0 0.1625 0.590625 0.09453125 0.0375
0 0.15625 0.5609375 0.1015625 0.03984375
0 0.16640625 0.53984375 0.08671875 0.0359375
0 0.165625 0.5234375 0.09609375 0.034375
0 0.165625 0.49609375 0.09375 0.03359375
0 0.16796875 0.471875 0.090625 0.0359375
0 0.16796875 0.4515625 0.1015625 0.03984375
0 0.165625 0.4296875 0.09609375 0.03984375
0 0.16953125 0.41640625 0.09609375 0.0375
0 0.16796875 0.39765625 0.0984375 0.0375
0 0.93125 0.74296875 0.1375 0.0625
0 0.93125 0.690625 0.1375 0.053125
0 0.93359375 0.6609375 0.13203125 0.03828125
0 0.9296875 0.6375 0.13984375 0.06015625
0 0.7546875 0.7109375 0.14921875 0.046875
0 0.75625 0.6703125 0.16328125 0.04375
0 0.7609375 0.63828125 0.1546875 0.04140625
0 0.75546875 0.61484375 0.16171875 0.05078125
0 0.76328125 0.4078125 0.1671875 0.053125
0 0.76328125 0.43828125 0.1671875 0.03984375
0 0.76328125 0.45859375 0.17265625 0.03984375
0 0.75625 0.47734375 0.1765625 0.0546875
0 0.759375 0.50625 0.16953125 0.05078125
0 0.7578125 0.52578125 0.1640625 0.06015625
0 0.75625 0.54921875 0.16328125 0.053125
0 0.8109375 0.25625 0.15390625 0.046875
0 0.8046875 0.27734375 0.14296875 0.0390625
0 0.86640625 0.31484375 0.15625 0.0390625
0 0.8578125 0.35234375 0.15078125 0.05234375
0 0.2828125 0.65703125 0.1203125 0.03984375
0 0.2796875 0.63203125 0.10546875 0.04296875
0 0.2796875 0.6109375 0.09453125 0.04296875
0 0.17265625 0.3625 0.09765625 0.034375
0 0.17109375 0.3390625 0.1015625 0.0359375
0 0.171875 0.31796875 0.0921875 0.034375
0 0.053125 0.61484375 0.0984375 0.03203125
0 0.3609375 0.6546875 0.09609375 0.0453125
0 0.58671875 0.66328125 0.08125 0.0390625
0 0.890759615625 0.175240384375 0.819978365625 0.20729086562500001 0.819978365625 0.2380072109375 0.897435096875 0.208627403125 0.890759615625 0.175240384375
0 0.5822644234375 0.4169615390625 0.5568918265625 0.42096634687499995 0.552884615625 0.44233413437499997 0.584935096875 0.44767548125 0.5822644234375 0.4169615390625
0 0.5502139421875001 0.42630769218750003 0.52216826875 0.43298557656250003 0.5181634609375 0.45301923125 0.5515480765625 0.446341346875 0.5502139421875001 0.42630769218750003
0 0.17265625 0.2890625 0.08828125 0.0296875
0 0.17421875 0.27109375 0.0921875 0.03203125
0 0.17421875 0.25234375 0.08984375 0.04140625
0 0.290625 0.265625 0.06015625 0.01484375
0 0.2890625 0.27890625 0.046875 0.01171875
0 0.28515625 0.40390625 0.04140625 0.0203125
0 0.28515625 0.38828125 0.04921875 0.025
0 0.28828125 0.37421875 0.0453125 0.02421875
0 0.28671875 0.359375 0.04921875 0.02109375
0 0.28671875 0.34921875 0.046875 0.02421875
0 0.2875 0.33671875 0.04296875 0.02421875
0 0.2890625 0.32421875 0.0578125 0.0203125