0 0.81640625 0.36171875 0.23125 0.11875
0 0.63515625 0.3375 0.178125 0.09375
0 0.64453125 0.28046875 0.178125 0.0984375
0 0.50703125 0.33515625 0.121875 0.0890625
0 0.4203125 0.33046875 0.0984375 0.0703125
0 0.3546875 0.328125 0.0734375 0.0671875
0 0.034375 0.38359375 0.0484375 0.028125
0 0.0390625 0.34921875 0.0515625 0.034375
0 0.04296875 0.31640625 0.053125 0.0421875
0 0.0484375 0.28671875 0.0546875 0.0359375
0 0.07734375 0.2390625 0.065625 0.0359375
0 0.0859375 0.21328125 0.0546875 0.0328125
0 0.09609375 0.18046875 0.0515625 0.0296875
0 0.0984375 0.153125 0.059375 0.0203125
0 0.1078125 0.128125 0.0625 0.028125
0 0.42882999218749995 0 0.353173503125 0.045492560937499996 0.348640978125 0.0933740078125 0.433169709375 0.0405146359375 0.43308186875 0 0.42882999218749995 0
0 0.29838970625 0.141023359375 0.3534544484375 0.0979999109375 0.3595008234375 0.059723103124999996 0.30508464375 0.0974447265625 0.29838970625 0.141023359375