0 0.1513180515625 0.7716660265625 0.19473136093750001 0.8057705890625 0.3148163 0.7619917109375 0.319003971875 0.722148678125 0.2061857515625 0.7478887984375 0.15550597500000002 0.731820603125 0.1513180515625 0.7716660265625
0 0.330939934375 0.6213489421875 0.3365239140625 0.5682209140625 0.2243329984375 0.5752292765625 0.1496774640625 0.5700680484375 0.152899346875 0.6160630421875 0.2148368734375 0.6400291421875 0.330939934375 0.6213489421875
0 0.34070406875 0.47734996250000006 0.3498544421875 0.4286260609375 0.23933874375 0.419695775 0.1658037390625 0.429423140625 0.1681150234375 0.471295559375 0.240393925 0.4735191921875 0.34070406875 0.47734996250000006
0 0.3890625 0.4625 0.10625 0.0671875
0 0.3796875 0.59296875 0.0984375 0.05625
0 0.47265625 0.46796875 0.0796875 0.05
0 0.4609375 0.584375 0.0953125 0.053125
0 0.3215970578125 0.7613629140625 0.41672879687500003 0.7377907390625 0.41895845468750004 0.6910272421875 0.320679190625 0.7062100296875 0.3215970578125 0.7613629140625
0 0.20903736562500003 0.2097170765625 0.44336276718749995 0.305514384375 0.45216474843750004 0.2728685859375 0.23049076249999997 0.1716863265625 0.20903736562500003 0.2097170765625
0 0.528954771875 0.066087078125 0.479039865625 0.029955268750000003 0.47554997187500003 0.063159390625 0.5291709765625 0.10236610937499999 0.528954771875 0.066087078125
0 0.5392958984375 0.0443470015625 0.4806419703125 0.0019259171875000002 0.4759649546875 0.0336613671875 0.5363645781249999 0.0722366484375 0.5392958984375 0.0443470015625
0 0.6270900187499999 0.4738794140625 0.5318149390625 0.4732656515625 0.569566528125 0.49737509218750003 0.62933346875 0.5036568499999999 0.6270900187499999 0.4738794140625