0 0.19590575937500002 0.755001715625 0.3492158765625 0.8151895640625 0.472314425 0.7373908078125 0.47068908593750003 0.6918370640625 0.350462865625 0.7403662265625 0.205579909375 0.698004428125 0.19590575937500002 0.755001715625
0 0 0.8314636796875 0.1361827265625 0.79733791875 0.12493327968750001 0.7058136421875 0 0.7355512078124999 0 0.8314636796875
0 0.3140625 0.2890625 0.13125 0.065625
0 0.3109375 0.321875 0.1265625 0.075
0 0.309375 0.34609375 0.1390625 0.0703125
0 0.46796875 0.15625 0.1765625 0.0828125
0 0.46015625 0.1796875 0.1765625 0.0828125
0 0.453125 0.39921875 0.1734375 0.0578125
0 0.4578125 0.365625 0.171875 0.0578125
0 0.46171875 0.33203125 0.1640625 0.0703125
0 0.46328125 0.29296875 0.1625 0.075
0 0.46953125 0.26640625 0.1796875 0.071875
0 0.46875 0.23515625 0.1671875 0.0828125
0 0.9203125 0.76796875 0.140625 0.1609375