0 0.010682692187499999 0.28712499999999996 0.12152884687500001 0.31383653906250003 0.2510673078125 0.28044951875 0.252403846875 0.2377139421875 0.116185096875 0.2630865390625 0.025374999999999998 0.2457259609375 0.010682692187499999 0.28712499999999996
0 0.25507451875 0.261752403125 0.24973317343749998 0.215009615625 0.1121802890625 0.23504326875 0.03205048125 0.23237259687499998 0.0240384609375 0.27377163437499996 0.116185096875 0.2951394234375 0.25507451875 0.261752403125
0 0.02003125 0.2430552890625 0.116185096875 0.2630865390625 0.25507451875 0.23637740312500002 0.24973317343749998 0.1842956734375 0.116185096875 0.20699759687500002 0.0213677890625 0.18963701875 0.018697115625 0.241721153125 0.02003125 0.2430552890625
0 0.24973317343749998 0.20566346093750001 0.24439182656249997 0.162927884375 0.1121802890625 0.174947115625 0.010682692187499999 0.16426201875 0.01201923125 0.21367548125 0.12152884687500001 0.2297019234375 0.24973317343749998 0.20566346093750001
0 0.253740384375 0.16426201875 0.23504326875 0.125533653125 0.01201923125 0.1335480765625 0.0093485578125 0.161591346875 0.008012018749999999 0.1669326921875 0.116185096875 0.18162499999999998 0.253740384375 0.16426201875
0 0.04921875 0.0171875 0.0984375 0.034375
0 0.0546875 0.03984375 0.109375 0.03125
0 0.0515625 0.0609375 0.103125 0.040625
0 0.05703125 0.08828125 0.1125 0.034375
0 0.05390625 0.1203125 0.1078125 0.034375
0 0.16796875 0.02421875 0.103125 0.034375