0 0.23046875 0.284375 0.2328125 0.121875
0 0.41171875 0.30859375 0.1796875 0.096875
0 0.4171875 0.25078125 0.178125 0.1015625
0 0.5359375 0.3390625 0.1234375 0.090625
0 0.62109375 0.35703125 0.1 0.071875
0 0.684375 0.37109375 0.0734375 0.06875
0 0.978125 0.5078125 0.04375 0.028125
0 0.97890625 0.47265625 0.0421875 0.0359375
0 0.98125 0.43984375 0.0375 0.0421875
0 0.98203125 0.41015625 0.0359375 0.0359375
0 0.97109375 0.35703125 0.0578125 0.0359375
0 0.97265625 0.32890625 0.0546875 0.0328125
0 0.97265625 0.29609375 0.0515625 0.03125
0 0.9734375 0.26875 0.053125 0.021875
0 0.971875 0.24140625 0.05625 0.0296875
0 0.7594586859375 0.0989810203125 0.6947136734375 0.0318918671875 0.683476665625 0.073468171875 0.7514441390625 0.14640405 0.7594586859375 0.0989810203125
0 0.7924627484375 0.16160927187500002 0.7496638296875 0.11108903750000002 0.7455974125 0.14962651093749998 0.78765058125 0.20543577656249998 0.7924627484375 0.16160927187500002