0 0.630341346875 0.5542211531250001 0.50614423125 0.6183221156250001 0.36992548125 0.6076394234375 0.372596153125 0.665064903125 0.51415625 0.6891033656250001 0.6356826921875001 0.6022980765625 0.630341346875 0.5542211531250001
0 0.384615384375 0.6036322109375 0.27911298125 0.586271634375 0.27510576875 0.6343485578125 0.3819447109375 0.66239423125 0.384615384375 0.6036322109375
0 0.28712499999999996 0.5836009609375 0.21901682656250002 0.5595625 0.21901682656250002 0.61164423125 0.28044951875 0.6356826921875001 0.28712499999999996 0.5836009609375
0 0.2256947109375 0.5755865390625 0.16426201875 0.5608966343749999 0.1655985578125 0.5956201921875001 0.220353365625 0.6183221156250001 0.2256947109375 0.5755865390625
0 0.508814903125 0.097490384375 0.3565697109375 0.1602572109375 0.3605769234375 0.2230240390625 0.503471153125 0.16960576875 0.6209927890625 0.23237259687499998 0.6209927890625 0.1736105765625 0.508814903125 0.097490384375
0 0.26709375 0.27377163437499996 0.36591826875 0.227028846875 0.3619134609375 0.1602572109375 0.2684302890625 0.20833413437499998 0.26709375 0.27377163437499996
0 0.27377163437499996 0.21100480781250003 0.20566346093750001 0.265759615625 0.20566346093750001 0.30512998125 0.27911298125 0.26709375 0.27377163437499996 0.21100480781250003
0 0.1589206734375 0.339209134375 0.21367548125 0.3084927890625 0.21100480781250003 0.253740384375 0.150908653125 0.2964735578125 0.1589206734375 0.339209134375
0 0.85703125 0.459375 0.06953125 0.0265625
0 0.884375 0.26328125 0.0546875 0.01640625
0 0.88203125 0.20546875 0.04921875 0.01640625
0 0.93515625 0.2 0.0546875 0.01875
0 0.93671875 0.26015625 0.04921875 0.0265625
0 0.94296875 0.3203125 0.0453125 0.01875
0 0.93984375 0.378125 0.0546875 0.02421875
0 0.94140625 0.43984375 0.05625 0.0171875
0 0.8921875 0.32265625 0.04296875 0.02265625
0 0.675 0.36328125 0.13515625 0.04296875
0 0.68125 0.52734375 0.128125 0.04296875