0 0.62421875 0.6796875 0.2453125 0.11875
0 0.5078125 0.31015625 0.0796875 0.0359375
0 0.5703125 0.30390625 0.084375 0.0421875
0 0.63515625 0.29921875 0.075 0.0390625
0 0.6921875 0.2984375 0.06875 0.040625
0 0.74140625 0.2953125 0.084375 0.0453125
0 0.148387965625 0.8009550125 0.05109555 0.7440390109374999 0.032344370312499995 0.7337648734375 0.031718815625 0.8279882562499999 0.1426422296875 0.899586303125 0.3362844734375 0.8000063984375 0.31889069375 0.7239511734375 0.148387965625 0.8009550125
0 0.41624040312500005 0.31070868906250004 0.3458469 0.31810734375 0.3533220546875 0.35089259687499996 0.4251820890625 0.3446837046875 0.41624040312500005 0.31070868906250004
0 0.32890625 0.3390625 0.065625 0.025
0 0.45859375 0.471875 0.096875 0.0484375
0 0.47421875 0.621875 0.096875 0.0515625
0 0.39765625 0.61875 0.0796875 0.0359375
0 0.55 0.196875 0.0625 0.0359375
0 0.62109375 0.19140625 0.0625 0.0328125
0 0.678125 0.190625 0.0546875 0.03125
0 0.72890625 0.18671875 0.0515625 0.0328125
0 0.49609375 0.2015625 0.065625 0.03125
0 0.4390625 0.20703125 0.06875 0.0375
0 0.37890625 0.21875 0.065625 0.040625
0 0.32421875 0.2328125 0.053125 0.0390625
0 0.79921875 0.29765625 0.065625 0.0515625
0 0.78359375 0.190625 0.0484375 0.034375
0 0.83046875 0.56953125 0.075 0.046875
0 0.37109375 0.10078125 0.0546875 0.0296875