0 0.475 0.478125 0.0828125 0.046875
0 0.546875 0.471875 0.0703125 0.046875
0 0.54921875 0.57265625 0.084375 0.05625
0 0.48984375 0.58515625 0.0859375 0.0625
0 0.6140625 0.35390625 0.121875 0.0546875
0 0.49453125 0.32421875 0.084375 0.0609375
0 0.90078125 0.7078125 0.1125 0.0546875
0 0.80625 0.7171875 0.1140625 0.0515625
0 0.9605539609375 0.0353558421875 0.9068551265625 0.056892853125 0.9003193578124999 0.085317134375 0.97493978125 0.054660653125 0.9605539609375 0.0353558421875
0 0.843957915625 0.0815862703125 0.8009969531250001 0.1038964984375 0.7983930828125 0.13077875 0.8612902921875 0.106085334375 0.843957915625 0.0815862703125
0 0.8225750546875 0.28597585625 0.8712893578124999 0.271387121875 0.8729080171874999 0.2512435515625 0.825176525 0.2590937296875 0.8225750546875 0.28597585625
0 0.46983869843750004 0.0878189296875 0.4070947484375 0.0643614109375 0.40098082343749997 0.1007890046875 0.47165598906249995 0.1224949 0.46983869843750004 0.0878189296875
0 0.46612332968750003 0.0679549046875 0.40211449843749997 0.0458996421875 0.39979269687499996 0.07811819375 0.47320709843750003 0.101016496875 0.46612332968750003 0.0679549046875
0 0.460865934375 0.04415898125 0.4022610765625 0.02315888125 0.4024639921875 0.0525683734375 0.47075408750000003 0.079747940625 0.460865934375 0.04415898125
0 0.45382552968749995 0.1394753828125 0.5128498296874999 0.168478921875 0.5165063375 0.1361904203125 0.45621727968750003 0.10859153749999999 0.45382552968749995 0.1394753828125
0 0.828310625 0.36992534374999997 0.8861533546875 0.35084550000000003 0.882228265625 0.326979753125 0.8310542703125 0.34571010625 0.828310625 0.36992534374999997