0 0.2390625 0.175 0.18671875 0.1015625
0 0.39765625 0.2 0.15859375 0.09765625
0 0.40859375 0.465625 0.16328125 0.0734375
0 0.24609375 0.459375 0.19375 0.08515625
0 0.08515625 0.46171875 0.16953125 0.08671875
0 0.0796875 0.14765625 0.15859375 0.0796875
0 0.559375 0.46640625 0.14453125 0.06015625
0 0.5546875 0.24921875 0.13515625 0.0921875
0 0.66328125 0.2640625 0.1078125 0.08515625
0 0.76328125 0.2828125 0.1109375 0.06953125
0 0.74609375 0.0875 0.09453125 0.084375
0 0.6515625 0.0546875 0.1015625 0.08046875
0 0.84140625 0.125 0.09375 0.06015625
0 0.9171875 0.146875 0.07890625 0.053125
0 0.84453125 0.2953125 0.08125 0.05859375
0 0.67265625 0.46171875 0.11328125 0.0578125
0 0.76796875 0.46875 0.1015625 0.053125
0 0.86171875 0.46328125 0.08671875 0.0453125
0 0.93046875 0.46484375 0.08515625 0.03984375
0 0.5609375 0.634375 0.14140625 0.0640625
0 0.678125 0.61796875 0.1203125 0.06015625
0 0.771875 0.61328125 0.0984375 0.05234375
0 0.56328125 0.803125 0.13203125 0.07109375
0 0.68359375 0.7875 0.12578125 0.08125
0 0.7828125 0.759375 0.10703125 0.06796875
0 0.8875 0.73125 0.0734375 0.0625
0 0.865625 0.6015625 0.08828125 0.0578125
0 0.93828125 0.59296875 0.08671875 0.05625