0 0.85234375 0.44140625 0.08984375 0.065625
0 0.7859375 0.45234375 0.08125 0.04296875
0 0.72109375 0.45625 0.075 0.0390625
0 0.3421875 0.4734375 0.0359375 0.03359375
0 0.30390625 0.471875 0.05234375 0.04921875
0 0.23203125 0.45703125 0.075 0.06953125
0 0.14921875 0.43984375 0.13984375 0.08125
0 0.05546875 0.4203125 0.1109375 0.11328125
0 0.5859375 0.7453125 0.12421875 0.05859375
0 0.44921875 0.66484375 0.08125 0.0453125
0 0.902778846875 0.8239855765625 0.8266562499999999 0.76121875 0.81330048125 0.807959134375 0.8920937500000001 0.8867524031249999 0.902778846875 0.8239855765625
0 0.7652235578125001 0.76789423125 0.841346153125 0.8106298078125 0.8400096156249999 0.7638894234375 0.7799134609375 0.730502403125 0.7652235578125001 0.76789423125
0 0.12419951874999999 0.10283173125 0.21901682656250002 0.202990384375 0.22168749999999998 0.12019230781250001 0.1282043265625 0.005341346875 0.12419951874999999 0.10283173125
0 0.21100480781250003 0.2230240390625 0.27911298125 0.2684302890625 0.277778846875 0.20165625 0.22168749999999998 0.1455673078125 0.21100480781250003 0.2230240390625