0 0.58828125 0.51640625 0.278125 0.14375
0 0.85625 0.50703125 0.2875 0.2234375
0 0.30800769375 0.40369840312500005 0.45808319375 0.3721965734375 0.4714652234375 0.2769784890625 0.3246142296875 0.3143297625 0.30800769375 0.40369840312500005
0 0.2376666421875 0.36684099375 0.22060265625 0.42108539531250005 0.33197780625 0.39627950625 0.334994175 0.394006509375 0.34864730625 0.33523857968750004 0.2376666421875 0.36684099375
0 0.11698674375 0.7841282421875 0.17753260625 0.8330960546874999 0.18885011093749998 0.742981659375 0.121218753125 0.7348263640625 0.11698674375 0.7841282421875
0 0.062493703125 0.7400576937500001 0.079763446875 0.6939353953125 0.0114892984375 0.65197463125 0.0032890765625 0.7007188140625 0.062493703125 0.7400576937500001
0 0.06628783906249999 0.4155793765625 0.0711069796875 0.45806498125 0.1492544390625 0.4393769234375 0.15768321875 0.4081960515625 0.1087305609375 0.391875771875 0.06628783906249999 0.4155793765625
0 0.2431845359375 0.8841287203125001 0.36332950625 0.9792319375 0.39332538125 0.8809549390625 0.24869752812499998 0.8161260109375 0.2431845359375 0.8841287203125001
0 0.263805525 0 0.22369137343749998 0.0344715109375 0.22890261875 0.08375330625 0.2960139 0.0284542640625 0.29875911718750003 0 0.263805525 0
0 0.223547909375 0.054681884375 0.165116428125 0.10580695468750001 0.165967690625 0.1477324828125 0.224607646875 0.10472746875000001 0.223547909375 0.054681884375
0 0.5247662921875 0.128031153125 0.6541971046875 0.07070044375 0.6338587578125 0.013898835937500001 0.538934240625 0.046410546875 0.5247662921875 0.128031153125