0 0.7609375 0.175 0.1875 0.1015625
0 0.60234375 0.2 0.159375 0.096875
0 0.59140625 0.465625 0.1625 0.0734375
0 0.75390625 0.459375 0.19375 0.084375
0 0.91484375 0.46171875 0.16875 0.0875
0 0.9203125 0.14765625 0.159375 0.0796875
0 0.440625 0.46640625 0.14375 0.059375
0 0.4453125 0.24921875 0.134375 0.0921875
0 0.33671875 0.2640625 0.1078125 0.084375
0 0.23671875 0.2828125 0.1109375 0.06875
0 0.25390625 0.0875 0.09375 0.084375
0 0.3484375 0.0546875 0.1015625 0.08125
0 0.15859375 0.125 0.09375 0.059375
0 0.0828125 0.146875 0.078125 0.053125
0 0.15546875 0.2953125 0.08125 0.059375
0 0.32734375 0.46171875 0.1125 0.0578125
0 0.23203125 0.46875 0.1015625 0.053125
0 0.13828125 0.46328125 0.0875 0.0453125
0 0.06953125 0.46484375 0.084375 0.040625
0 0.4390625 0.634375 0.140625 0.0640625
0 0.321875 0.61796875 0.1203125 0.059375
0 0.228125 0.61328125 0.0984375 0.053125
0 0.43671875 0.803125 0.13125 0.071875
0 0.31640625 0.7875 0.125 0.08125
0 0.2171875 0.759375 0.10625 0.06875
0 0.1125 0.73125 0.0734375 0.0625
0 0.134375 0.6015625 0.0875 0.0578125
0 0.06171875 0.59296875 0.0875 0.05625