0 0.85 0.42890625 0.0921875 0.06875
0 0.784375 0.4421875 0.0828125 0.0453125
0 0.71953125 0.4484375 0.0765625 0.0421875
0 0.34140625 0.47890625 0.0375 0.034375
0 0.303125 0.47890625 0.0546875 0.0515625
0 0.23046875 0.46640625 0.078125 0.071875
0 0.14765625 0.45234375 0.1421875 0.0859375
0 0.0546875 0.43515625 0.109375 0.1171875
0 0.59453125 0.7421875 0.1265625 0.0625
0 0.4546875 0.66640625 0.0828125 0.0484375
0 0.8238572453125 0.7968375046875 0.9053523609375 0.8728329296874999 0.9138404187500001 0.809731434375 0.8355736625000001 0.749659484375 0.8238572453125 0.7968375046875
0 0.8490120984375 0.7518625046875 0.7877873625 0.7205931484375 0.7744113640625 0.75847486875 0.8519790374999999 0.798527771875 0.8490120984375 0.7518625046875
0 0.20860194375000002 0.1301366421875 0.11116747656249999 0.0186181609375 0.1105674734375 0.11618892343750001 0.20882250781249997 0.2129774859375 0.20860194375000002 0.1301366421875
0 0.267502171875 0.2095934 0.2094875171875 0.15549618437499999 0.201514534375 0.2332785515625 0.2711658734375 0.2762802015625 0.267502171875 0.2095934