0 0.18671875 0.628125 0.0828125 0.034375
0 0.259375 0.62421875 0.075 0.0390625
0 0.17890625 0.50625 0.0796875 0.040625
0 0.3125 0.5140625 0.1046875 0.03125
0 0.40078125 0.51640625 0.0765625 0.03125
0 0.8546875 0.5328125 0.1015625 0.0515625
0 0.776003859375 0.8292263312499999 0.6812312984375 0.8951626921875 0.6998393140625 0.9699480734374999 0.7952961765625 0.8811632015624999 0.776003859375 0.8292263312499999
0 0.12309062500000001 0.3688893625 0.21357175625 0.3918069671875 0.20875081093749998 0.3520107984375 0.12104428281249999 0.33019209374999997 0.12309062500000001 0.3688893625
0 0.2028132265625 0.391406571875 0.2843817703125 0.4043804296875 0.2823376140625 0.3656805546875 0.20151632187500002 0.34594034218749997 0.2028132265625 0.391406571875
0 0.27714728125 0.398309971875 0.3607453609375 0.4191464765625 0.35627366875 0.3833422734375 0.2759181140625 0.36892547656249997 0.27714728125 0.398309971875
0 0.3668160265625 0.4119143828125 0.4421998109375 0.430788671875 0.44594001875 0.3969468921875 0.3651211234375 0.3772064703125 0.3668160265625 0.4119143828125