0 0.15234375 0.4171875 0.09375 0.071875
0 0.21796875 0.4328125 0.084375 0.0484375
0 0.2828125 0.440625 0.078125 0.04375
0 0.659375 0.484375 0.0375 0.0359375
0 0.69765625 0.4859375 0.05625 0.053125
0 0.7703125 0.47578125 0.0796875 0.075
0 0.85390625 0.46484375 0.1453125 0.090625
0 0.94453125 0.45078125 0.1109375 0.1203125
0 0.396875 0.7390625 0.128125 0.0671875
0 0.5390625 0.66796875 0.084375 0.0515625
0 0.15591776875000002 0.737796046875 0.0756022109375 0.79509993125 0.0818828875 0.858459215625 0.165980559375 0.7853542250000001 0.15591776875000002 0.737796046875
0 0.137816909375 0.786062025 0.21673515625 0.74874059375 0.20468935937500002 0.710415134375 0.14241063437499998 0.7395287296874999 0.137816909375 0.786062025
0 0.8010170562500001 0.2233142796875 0.9025901078125 0.1300137296875 0.905395640625 0.032481465625 0.804128590625 0.14053159843750002 0.8010170562500001 0.2233142796875
0 0.7365024359375 0.28440268125 0.80761208125 0.2438580234375 0.80235851875 0.16584478593750002 0.7424912421875 0.21788436406249997 0.7365024359375 0.28440268125