0 0.997596153125 0.6997860578124999 0.997596153125 0.63835576875 0.922810096875 0.6864326921874999 0.8573725968750001 0.6904375 0.8573725968750001 0.7478629812500001 0.9268173078125 0.755875 0.997596153125 0.6997860578124999
0 0.8547019234375 0.74919951875 0.8480240390624999 0.7024567312500001 0.7451923078125 0.73584375 0.6543798078124999 0.6984519234375 0.6410264421874999 0.741185096875 0.742521634375 0.8026177890625 0.8547019234375 0.74919951875
0 0 0.9201394234375 0.07879326875 0.8600432687499999 0.061432692187500006 0.78926201875 0 0.83466826875 0 0.9201394234375
0 0.10683653906249999 0.755875 0.038728365625 0.8012812500000001 0.0440697109375 0.8573725968750001 0.1121802890625 0.8239855765625 0.10683653906249999 0.755875
0 0.15625 0.7331730765625 0.0934831734375 0.7705673078124999 0.0934831734375 0.819978365625 0.1575865390625 0.7919326921875001 0.15625 0.7331730765625
0 0 0.619658653125 0.045406249999999995 0.6263365390625 0.046740384375 0.5515480765625 0 0.5355240390625 0 0.619658653125
0 0.050747596875 0.625 0.1121802890625 0.6276706734374999 0.1121802890625 0.566240384375 0.036057692187500004 0.552884615625 0.050747596875 0.625
0 0.655716346875 0.7077980765625 0.5836009609375 0.6917740390625 0.5702451921875 0.729165865625 0.655716346875 0.762552884375 0.655716346875 0.7077980765625
0 0 0.34989423125 0.052084134375 0.371259615625 0.06410336562499999 0.285790865625 0 0.2377139421875 0 0.34989423125
0 0.0427355765625 0.3792740390625 0.12152884687500001 0.43803365312500003 0.12286298124999999 0.359240384375 0.0440697109375 0.29781009687500004 0.0427355765625 0.3792740390625
0 0.1121802890625 0.196314903125 0.162927884375 0.27377163437499996 0.1655985578125 0.20699759687500002 0.1282043265625 0.1402235578125 0.1121802890625 0.196314903125
0 0.23370673125 0.697115384375 0.162927884375 0.7371802890625 0.16960576875 0.78926201875 0.241721153125 0.72382451875 0.23370673125 0.697115384375
0 0.39765625 0.69296875 0.06640625 0.02421875
0 0.321875 0.67578125 0.05078125 0.0265625