0 0.6515625 0.6875 0.0609375 0.03125
0 0.379443171875 0.69725140625 0.41888396562499997 0.68971795625 0.41546635 0.6618837171874999 0.37851344062500003 0.6677651171875 0.379443171875 0.69725140625
0 0.414906621875 0.6902063125 0.4493713546875 0.685974575 0.44314009062500004 0.6571392328125001 0.414465246875 0.6646973671875 0.414906621875 0.6902063125
0 0.9818516859375 0.7928178453125 0.972157984375 0.6809877609375 0.855559025 0.6737760546875 0.8545804484374999 0.7425158640625 0.9818516859375 0.7928178453125
0 0.8997756921875 0.22298641562500002 0.8162193578125001 0.33146594218750003 0.827636775 0.41348635937499995 0.9220746671875 0.327887309375 0.9248883140625 0.3288884109375 0.8997756921875 0.22298641562500002
0 0.7665439328125 0.47480704687499997 0.8184961 0.42671818437500003 0.8077076249999999 0.36076734374999997 0.757220234375 0.420785846875 0.7665439328125 0.47480704687499997
0 0.850232809375 0.68519295 0.7871669890625 0.664682590625 0.7890264515625 0.7236551671875 0.8403501984374999 0.7361909296875 0.850232809375 0.68519295
0 0.7380772531249999 0.6922358859375 0.7825856171875001 0.7150272375 0.78681921875 0.672797478125 0.7391473421875 0.6571225921875 0.7380772531249999 0.6922358859375
0 0.7376375125 0.513340634375 0.7690098125 0.48392303906249995 0.7595235234375 0.4285776484375 0.733292259375 0.456017428125 0.7376375125 0.513340634375
0 0.7207095156250001 0.528872778125 0.743288909375 0.5045721203125 0.7364310890625 0.4596669109375 0.7130354796875 0.477339753125 0.7207095156250001 0.528872778125
0 0.7057996125 0.681398859375 0.7314491453125 0.6930497156250001 0.735495471875 0.6602617140625 0.7104968875 0.6539123906250001 0.7057996125 0.681398859375