0 1 0.5856175218749999 0.9423789640625 0.6335154625 0.8779172890625 0.64546524375 0.88491569375 0.702462684375 0.9548191953125 0.7019518015624999 1 0.6561434046875 1 0.5856175218749999
0 0.6693683218750001 0.7222005390625 0.7775937468749999 0.7708061703125 0.8824278109374999 0.7041147328124999 0.8701031890625 0.6585341890625 0.7721068046874999 0.7042043812500001 0.6774142890625 0.6781585265625 0.6693683218750001 0.7222005390625
0 0.09995387812499999 0.8405538140625 0.0445127265625 0.8931083734374999 0.054929040625 0.9779424390625 0.1258111171875 0.9086917484375 0.09995387812499999 0.8405538140625
0 0.091020909375 0.9102727203125 0.1545549484375 0.8688339703124999 0.1409504375 0.80188231875 0.0788835625 0.8552504171875001 0.091020909375 0.9102727203125
0 0.13550884218749998 0.867135234375 0.1957164828125 0.8314863734375001 0.187228909375 0.7733276265625 0.1294871484375 0.8180924781250001 0.13550884218749998 0.867135234375
0 0.056401043750000004 0.606402296875 0.008056215625 0.5961939203125 0.0183096453125 0.6797014078125 0.0641912734375 0.6807958875 0.056401043750000004 0.606402296875
0 0.12314371093750001 0.6130099718750001 0.0459608609375 0.609030765625 0.0693299234375 0.6788183640625001 0.1306301796875 0.6739823687500001 0.12314371093750001 0.6130099718750001
0 0.5976498890624999 0.7188969625 0.6865528078125 0.74161880625 0.6798798765625 0.6872721328125 0.6063491875 0.680156190625 0.5976498890624999 0.7188969625
0 0 0.41593373749999996 0.039733325 0.4268064390625 0.041246946875 0.340509984375 0 0.3168210953125 0 0.41593373749999996
0 0.108519821875 0.4062510265625 0.022827395312500002 0.3548811140625 0.0314311625 0.4359004265625 0.116798115625 0.484619571875 0.108519821875 0.4062510265625
0 0.132383125 0.24993487656250002 0.087129915625 0.188215771875 0.078061134375 0.24584185937499997 0.1378700671875 0.3165366640625 0.132383125 0.24993487656250002
0 0.20732065 0.82737083125 0.270923671875 0.7536324375000001 0.2597139640625 0.7280991015625 0.194345375 0.776491140625 0.20732065 0.82737083125
0 0.421875 0.70390625 0.06875 0.0328125
0 0.34453125 0.69609375 0.053125 0.0328125