0 0.39453125 0.7171875 0.0609375 0.03125
0 0.6561118078125 0.636136778125 0.6187829703125 0.6387187140624999 0.621714290625 0.666608359375 0.6618388765625001 0.6650764796875 0.6561118078125 0.636136778125
0 0.62039135 0.6412350515624999 0.5907512296874999 0.6403210671874999 0.5911662125 0.6698190921875 0.6256995515625 0.666189490625 0.62039135 0.6412350515624999
0 0.209061625 0.8160634437500001 0.1926450359375 0.7493055640625 0.08065678125 0.7825614921875 0.0963678234375 0.8937059875 0.209061625 0.8160634437500001
0 0.0475098125 0.4288530640625 0.050026148437499994 0.4272446875 0.1612991984375 0.48940593593750004 0.15397340937499998 0.40691933750000003 0.048156034375000004 0.3200162203125 0.0475098125 0.4288530640625
0 0.2315529953125 0.4806780625 0.16885836875 0.433555021875 0.1731821140625 0.5002424265625 0.234620390625 0.5354120796874999 0.2315529953125 0.4806780625
0 0.221504353125 0.8066995078125 0.2686927421875 0.7829397046875 0.25723860468750004 0.725060303125 0.200402984375 0.75923170625 0.221504353125 0.8066995078125
0 0.30232688125 0.706891996875 0.2594029140625 0.7328889765625 0.2730276375 0.7730840359375 0.31126831718750003 0.740864621875 0.30232688125 0.706891996875
0 0.26279308125 0.5096240390625 0.231061515625 0.4887882890625 0.2342683625 0.54484913125 0.2714541109375 0.5664555250000001 0.26279308125 0.5096240390625
0 0.28732715937500003 0.5258430890625 0.260555653125 0.51388606875 0.26397507343750004 0.5591830343749999 0.2914422171875 0.577781609375 0.28732715937500003 0.5258430890625
0 0.3295208890625 0.6973191234375 0.306591303125 0.709129171875 0.31790961875 0.7401665937499999 0.3402808828125 0.7230444578124999 0.3295208890625 0.6973191234375