0 0.19375 0.64375 0.084375 0.0390625
0 0.265625 0.63671875 0.0765625 0.04375
0 0.1796875 0.52265625 0.08125 0.0453125
0 0.31328125 0.52421875 0.1046875 0.0375
0 0.40234375 0.521875 0.078125 0.034375
0 0.85625 0.5140625 0.103125 0.05625
0 0.7928559796875 0.8143302125 0.7016641453125 0.885136221875 0.7241606234375 0.9588452453125 0.8148400234375 0.8651862234375001 0.7928559796875 0.8143302125
0 0.116745365625 0.3887949578125 0.2083019109375 0.40694573749999996 0.20140480156249999 0.3674564171875 0.11267656875000001 0.35025781875 0.116745365625 0.3887949578125
0 0.1975371703125 0.40710895 0.2796729265625 0.41579605781250006 0.2756061765625 0.377256203125 0.1938625234375 0.3617729046875 0.1975371703125 0.40710895
0 0.2721306484375 0.4101125453125 0.3567046578125 0.42654530937499996 0.350365246875 0.391024203125 0.2693653 0.38083264843750003 0.2721306484375 0.4101125453125
0 0.36238850624999996 0.4190054109375 0.438656784375 0.4339085515625 0.4406207234375 0.3999174046875 0.358879453125 0.3844337703125 0.36238850624999996 0.4190054109375