0 0.41015625 0.63984375 0.075 0.03125
0 0.4109375 0.603125 0.06875 0.0375
0 0.41640625 0.56328125 0.0734375 0.034375
0 0.4171875 0.5171875 0.06875 0.046875
0 0.41640625 0.47421875 0.0671875 0.034375
0 0.41171875 0.43671875 0.096875 0.034375
0 0.4140625 0.3921875 0.078125 0.0375
0 0.5546875 0.59375 0.078125 0.034375
0 0.55625 0.61328125 0.08125 0.0375
0 0.55 0.66015625 0.065625 0.03125
0 0.6328125 0.66640625 0.06875 0.028125
0 0.63046875 0.64765625 0.06875 0.0328125
0 0.63828125 0.4671875 0.0625 0.046875
0 0.6359375 0.49609375 0.071875 0.03125
0 0.6359375 0.54140625 0.071875 0.0328125
0 0.6359375 0.58359375 0.06875 0.0265625