0 0.275 0.75703125 0.12265625 0.04140625
0 0.271875 0.72421875 0.11875 0.046875
0 0.2703125 0.6875 0.1078125 0.04921875
0 0.27265625 0.65 0.1203125 0.04921875
0 0.2703125 0.62265625 0.1125 0.0453125
0 0.2703125 0.59375 0.125 0.053125
0 0.2609375 0.3875 0.11796875 0.0515625
0 0.26171875 0.42421875 0.13125 0.0546875
0 0.2671875 0.4875 0.11640625 0.06171875
0 0.26796875 0.553125 0.11640625 0.05703125
0 0.1421875 0.403125 0.125 0.05703125
0 0.140625 0.47734375 0.11171875 0.0578125
0 0.13828125 0.5359375 0.11171875 0.05703125
0 0.140625 0.60703125 0.10625 0.046875
0 0.13828125 0.671875 0.1203125 0.0578125
0 0.14453125 0.77421875 0.11484375 0.0578125
0 0.340625 0.29609375 0.10625 0.0484375
0 0.45703125 0.28984375 0.12109375 0.05078125
0 0.3875 0.259375 0.159375 0.0484375