0 0.43125 0.359375 0.140625 0.1171875
0 0.4234375 0.29140625 0.1421875 0.1078125
0 0.41171875 0.2203125 0.1265625 0.1
0 0.40390625 0.12890625 0.125 0.1546875
0 0.44921875 0.49296875 0.14375 0.125
0 0.43984375 0.41796875 0.140625 0.1109375
0 0.4609375 0.5640625 0.1484375 0.1125
0 0.56875 0.32265625 0.2234375 0.171875
0 0.56015625 0.22421875 0.2125 0.1875
0 0.540625 0.115625 0.225 0.2171875
0 0.57734375 0.421875 0.20625 0.14375
0 0.59921875 0.53125 0.19375 0.1171875
0 0.6046875 0.61328125 0.2 0.1421875
0 0.83359375 0.46328125 0.3328125 0.2890625
0 0.82421875 0.31171875 0.340625 0.2890625
0 0.796875 0.12421875 0.35 0.2484375
0 0.3453125 0.42109375 0.078125 0.0796875
0 0.3390625 0.3703125 0.078125 0.0734375
0 0.3296875 0.31484375 0.0875 0.0734375
0 0.328125 0.259375 0.0796875 0.090625
0 0.35 0.47578125 0.078125 0.0765625