0 0.5796875 0.64609375 0.078125 0.0359375
0 0.58203125 0.609375 0.071875 0.0421875
0 0.57890625 0.56875 0.075 0.0390625
0 0.58125 0.52265625 0.071875 0.0515625
0 0.58515625 0.48046875 0.06875 0.0390625
0 0.5921875 0.44296875 0.0984375 0.0421875
0 0.59296875 0.3984375 0.08125 0.04375
0 0.4390625 0.58984375 0.0796875 0.0390625
0 0.4359375 0.609375 0.084375 0.0421875
0 0.4390625 0.65625 0.0671875 0.034375
0 0.35625 0.65703125 0.0703125 0.0328125
0 0.359375 0.63828125 0.0703125 0.0375
0 0.3640625 0.4578125 0.065625 0.0515625
0 0.36484375 0.48671875 0.0734375 0.0359375
0 0.36171875 0.53203125 0.0734375 0.0375
0 0.35859375 0.57421875 0.071875 0.03125