0 0.5875 0.7828125 0.4140625 0.25
0 0.259375 0.50859375 0.121875 0.0703125
0 0.259375 0.4703125 0.128125 0.075
0 0.26796875 0.44140625 0.13125 0.0828125
0 0.41484375 0.18671875 0.109375 0.0734375
0 0.4109375 0.24296875 0.1125 0.078125
0 0.39921875 0.33203125 0.1046875 0.075
0 0.42265625 0.10078125 0.1140625 0.0640625
0 0.43203125 0.0484375 0.1140625 0.06875
0 0.2140625 0.0578125 0.1375 0.0640625
0 0.103125 0.03359375 0.090625 0.0671875
0 0.28671875 0.25546875 0.125 0.0703125
0 0.28984375 0.19765625 0.1265625 0.0734375