0 0.37421875 0.76796875 0.390625 0.19765625
0 0.73671875 0.5421875 0.11484375 0.0546875
0 0.7421875 0.50390625 0.1203125 0.059375
0 0.73828125 0.47421875 0.12265625 0.065625
0 0.628125 0.2015625 0.10234375 0.059375
0 0.62421875 0.2578125 0.1046875 0.06484375
0 0.6234375 0.34765625 0.09765625 0.06171875
0 0.63203125 0.115625 0.1078125 0.04921875
0 0.63046875 0.0625 0.1078125 0.0546875
0 0.84453125 0.1015625 0.1328125 0.0453125
0 0.95859375 0.09140625 0.0828125 0.0609375
0 0.7453125 0.2875 0.11875 0.0546875
0 0.75 0.2296875 0.1203125 0.05703125