0 0.67890625 0.7390625 0.228125 0.115625
0 0.88984375 0.76875 0.184375 0.115625
0 0.72734375 0.25546875 0.23125 0.1015625
0 0.9140625 0.22109375 0.171875 0.1265625
0 0 0.7963945 0.104002703125 0.7530287390625 0.106110075 0.67408266875 0.0095303578125 0.650563675 0 0.6538136125 0 0.7963945
0 0.24571258281250002 0.6924060937500001 0.256202565625 0.6299287640625 0.1103136578125 0.6652833390625 0.10808899999999999 0.7385919671875001 0.24571258281250002 0.6924060937500001
0 0.103937303125 0.593944115625 0.1088443875 0.5958864 0.105660996875 0.6650114125 0.2606301265625 0.64102031875 0.26244287499999996 0.57401950625 0.103937303125 0.593944115625
0 0.0127324578125 0.414111253125 0.15941768437499998 0.42037628437499996 0.272603315625 0.44470141406249997 0.27724706875 0.4011109421875 0.1536795140625 0.34880333124999996 0.012801053125 0.3490909625 0.0127324578125 0.414111253125
0 0.339408434375 0.6445487671875 0.3348343171875 0.603993378125 0.271337746875 0.6175372671875 0.2686890921875 0.6733239953125 0.339408434375 0.6445487671875
0 0.3390660671875 0.6033670265625 0.3834547765625 0.5969010546875 0.380158009375 0.563286290625 0.3368643453125 0.5679924453125 0.28850980000000004 0.56032340625 0.28286151875 0.602846303125 0.3390660671875 0.6033670265625
0 0.3902066078125 0.63272680625 0.39171327968749997 0.591868509375 0.33700470781249997 0.608200953125 0.33435506406250004 0.6532423796875 0.3902066078125 0.63272680625
0 0.200971765625 0.055100765625000006 0.154571075 0.038751678125 0.1450468171875 0.10163684218749999 0.2990312640625 0.2442371265625 0.3057034625 0.16764256718749998 0.200971765625 0.055100765625000006
0 0.1598076515625 0 0.1547170234375 0.040779325 0.19884177812499998 0.044970325 0.29360204687499997 0.17577988125 0.3017538796875 0.10557899531249999 0.2223598296875 0 0.1598076515625 0