0 0.69921875 0.72265625 0.2203125 0.09609375
0 0.91171875 0.73359375 0.1765625 0.1
0 0.70546875 0.23671875 0.225 0.08203125
0 0.90390625 0.18515625 0.1921875 0.1109375
0 0.004653846875 0.70151201875 0 0.8533653843750001 0.1275625 0.7865793265625001 0.12278125 0.70775 0.024519231250000002 0.69273798125 0.004653846875 0.70151201875
0 0.1262019234375 0.6986177890625 0.130375 0.771841346875 0.26344951875 0.7138365390625 0.2684543265625 0.6506826921875 0.1262019234375 0.6986177890625
0 0.1136322109375 0.62810576875 0.11868990312500001 0.62961298125 0.12154326875000002 0.6987524031250001 0.27383173125 0.661346153125 0.2697980765625 0.5944423078125001 0.1136322109375 0.62810576875
0 0.2686490390625 0.46473076874999997 0.26947596093750004 0.4209014421875 0.1418197109375 0.37956249999999997 0.001502403125 0.392127403125 0.0071009609375 0.45690625 0.1537740390625 0.45036298124999996 0.2686490390625 0.46473076874999997
0 0.2824519234375 0.63701923125 0.28467548125 0.69282451875 0.3526177890625 0.6579951921875 0.3445264421875 0.6179927890625 0.2824519234375 0.63701923125
0 0.3861298078125 0.573490384375 0.3434110578125 0.5819519234375 0.29457211562499996 0.5785264421874999 0.2926514421875 0.6213798078125 0.3486875 0.617 0.39234375 0.606689903125 0.3861298078125 0.573490384375
0 0.3470552890625 0.6219951921875 0.34834134687499996 0.6670961531249999 0.4021923078125 0.641790865625 0.40013221093749995 0.6009567312499999 0.3470552890625 0.6219951921875
0 0.163334134375 0.08285576875 0.11568509687499999 0.07061298125 0.111677884375 0.1340889421875 0.27750480781250003 0.2627259609375 0.27747596093750004 0.185841346875 0.163334134375 0.08285576875
0 0.11868990312500001 0 0.1160072109375 0.0726201921875 0.1603293265625 0.07294951875 0.2661298078125 0.195002403125 0.2681322109375 0.1243581734375 0.156384615625 0 0.11868990312500001 0