0 0.44765625 0.5203125 0.05390625 0.02578125
0 0.4453125 0.28984375 0.05859375 0.02421875
0 0.50703125 0.2875 0.053125 0.02578125
0 0.615625 0.28828125 0.05078125 0.02890625
0 0.5078125 0.52421875 0.05390625 0.0234375
0 0.559375 0.52109375 0.0515625 0.0265625
0 0.61640625 0.52421875 0.0578125 0.03515625
0 0.22858894218749998 0.6701298078125 0.225271634375 0.5898509609375 0.07380104531250001 0.6654943296875 0.0735697109375 0.7635144234375 0.22858894218749998 0.6701298078125
0 0.232872596875 0.5949519234375 0.23185817343749998 0.66735576875 0.31691826875 0.610822115625 0.30902644218750003 0.5574735578125 0.232872596875 0.5949519234375
0 0.9734999999999999 0.7628173078125 0.9810697109375001 0.6535456734375 0.8176298078125 0.5826322109375 0.8088749999999999 0.6670264421875001 0.9734999999999999 0.7628173078125
0 0.8148605765625 0.6758990390624999 0.8158052890624999 0.59344951875 0.7403100968749999 0.5660024031249999 0.7246105765624999 0.6248822109375001 0.8148605765625 0.6758990390624999
0 0.34805288437500004 0.542415865625 0.3094951921875 0.55889423125 0.3067019234375 0.6121947109375 0.35462019218749996 0.586759615625 0.34805288437500004 0.542415865625
0 0.314002403125 0.274939903125 0.31261778906250004 0.303966346875 0.36475 0.30146634687499996 0.36426923125 0.27351923125 0.314002403125 0.274939903125